  0.000000000000000E+000  0.126453922369188      -0.165461804546951     
  0.125663706143592       0.160487881305196       0.415600543904158     
  0.251327412287183       0.121856401030186       0.685599010348456     
  0.376991118430775      -0.167482277741128        1.62543426119748     
  0.502654824574367      -0.322981677357085       0.201208537547210     
  0.628318530717959      -0.398648716988566       0.960789573454228     
  0.753982236861550      -0.489181032757639      -0.353785210574850     
  0.879645943005142      -0.327976547418254      -0.545132650471839     
   1.00530964914873      -8.946639574708593E-003  -1.19465314977313     
   1.13097335529233      -5.084858432384715E-002  0.801120674770852     
   1.25663706143592      -0.372352970162789      -0.380722662899826     
   1.38230076757951      -6.775675891384428E-002  -1.87908354872343     
   1.50796447372310       0.297873145080613       -1.05371013424776     
   1.63362817986669       0.721593062237299       -1.74170645217215     
   1.75929188601028        1.08613041042237       0.434914948802242     
   1.88495559215388       0.701147739406720        2.54460870705340     
   2.01061929829747       5.819358774530548E-002   2.52317681134279     
   2.13628300444106      -0.366572768980172        1.82421265025729     
   2.26194671058465      -0.485135444937937       0.718119652400815     
   2.38761041672824      -0.435288885251095       0.347639300453659     
   2.51327412287183      -0.274948926860918      -0.273011186523126     
   2.63893782901543      -0.196565020883352       0.377722090386214     
   2.76460153515902      -0.237914125083369       7.568393257710732E-002
   2.89026524130261      -0.250456775044681       0.214727598435703     
   3.01592894744620      -0.346804126300875       0.137703823242523     
   3.14159265358979      -0.375079205710701      -0.431697553079378     
   3.26725635973339      -0.240704232077736      -0.924581939701752     
   3.39292006587698      -0.114222519661792      -0.837285877048200     
   3.51858377202057       0.140518913183517       -1.51450693025930     
   3.64424747816416       0.367440003669207      -0.490842147422110     
   3.76991118430775       0.257014511992072       9.489884913500483E-002
   3.89557489045134       0.111745393786380      -0.175712294931368     
   4.02123859659494       0.265988466670094       -1.08478337414685     
   4.14690230273853       0.686634650042030      -0.936480663723093     
   4.27256600888212       0.759904979782205       0.913832830766012     
   4.39822971502571       0.420858281122887        1.45549490047261     
   4.52389342116930       3.973774517539622E-002   1.34223154598381     
   4.64955712731289       0.215678163069938      -0.731684538821879     
   4.77522083345649       0.818503051941353       0.292951025343977     
   4.90088453960008       0.120433714648480        4.66886211187972     
   5.02654824574367      -0.664317902686374       0.777705730480944     
   5.15221195188726      -0.458206975331842       0.233204411070215     
   5.27787565803085      -0.183266935843829      -0.561316579702990     
   5.40353936417444       8.449651966813465E-002  3.611862569579570E-002
   5.52920307031804       5.412628330126640E-002  0.699786122277022     
   5.65486677646163      -4.557348045794352E-002  0.553238503200794     
   5.78053048260522      -4.646144366165772E-002  0.478296790161484     
   5.90619418874881      -0.118134000016175       0.828295669821165     
   6.03185789489240      -0.353285961388609       0.805787472289291     
   6.15752160103599      -0.217702892232891      -0.916070096362639     
   6.28318530717959       0.126453922369188      -0.165461804546951     
