  0.000000000000000E+000   6.33627784868260       -6.54997735374312     
  0.159154943091895       0.342484867700455      -0.848176704641419     
  0.318309886183791       8.849758579437843E-002   19.1228732857989     
  0.477464829275686       -3.67267276701136        3.18663155978136     
  0.636619772367581      -0.424336290323035       -2.02569958867954     
  0.795774715459477      -0.644423679054393      -0.827561700071785     
  0.954929658551372      -0.139231200243338      -0.118723338131368     
   1.11408460164327        6.65658129586868        4.95461319832943     
   1.27323954473516       0.955994252075305      -0.333541425116013     
   1.43239448782706        1.10483083755736       -1.76424337445951     
