    10.645239607     0.698939662     1.008761820
     9.740063672    -1.598339555     1.106282955
     9.218840628    -2.046445220     1.041496803
     8.814022404    -1.330486194     1.139495213
     9.342245644    -1.857138276     1.215482709
    10.266018014     0.196987945     0.995044976
     9.327227200    -0.969252675     1.060769502
    10.175824621     0.429817395     1.006932816
     9.633391371    -0.166224754     1.024380948
     9.243007577    -1.850338401     1.220381956
    10.205605181     0.144106322     1.000913362
    10.061002369    -0.079991608     1.007794422
     9.694616938    -2.088364592     1.232709628
     9.496016496    -0.730369688     1.033150891
     9.446485690    -0.548448886     1.026834652
     8.839445169    -1.286977409     1.134515282
     9.634188209    -1.926662738     1.291994186
     8.924565462    -1.794016137     1.167420628
     9.869678978    -0.133791926     1.019274748
     1.427484651     0.625142302     0.682167385
     9.227945303    -2.113640602     1.095384689
     9.471457135    -0.799238591     1.080905606
     8.790574503    -1.260780557     1.139845032
     8.922273412    -1.331541010     1.148556778
     9.008818156    -1.352886893     1.156556495
     9.036537115    -1.450468550     1.170574117
     9.351521594    -1.629430141     1.329959334
     9.285734974    -1.712088953     1.337873697
     9.231134259    -1.554232250     1.243700334
     8.788067553    -1.192030072     1.131947113
     8.821556392    -1.276235304     1.137013734
     9.015946467    -1.411029470     1.167073654
     7.809640519    -1.140261800     1.168853463
     8.131031264    -1.118219022     1.151751987
     8.778949332    -1.160012662     1.139667825
     1.110910268    -1.436444469    -0.511012176
     0.496422337    -0.464310102    -1.124514339
     4.701610131    -0.597457416     1.763720632
     0.619274528     0.677862855     3.277249371
     0.866842546    -1.319995016    -0.084654054
     1.478441931    -1.176329959     0.052683048
     2.997006762    -0.028787259     1.428257841
     0.516443605     1.445652143    27.261520833
     0.500382576     0.003986717     0.008077628
     0.481085915     1.630149315    30.934739741
     0.500293528     0.011813191     0.008768002
     0.485179093     0.349843696    -0.065732932
     0.382486045    -1.885563461     3.685079741
     0.133489156    -1.147368423     2.234626271
     3.162468992    -0.362443069     1.822128997
     0.676496053    -1.513903251     4.397100412
     0.831217036     0.870236334     1.867934472
     1.130627505    -0.573722637     0.349017464
     1.045472654    -0.329815915     1.177276625
     0.618686089     0.444383665     2.170396289
     1.028167232    -1.943368221     1.527305431
     0.064648559    -0.924827087     6.806569616
     1.058446732     0.236573801    -1.412442550
     0.759360586     0.972379750     2.582441564
     1.019130490     1.148284955     3.286978077
     0.871586361    -0.076337856    -0.569497336
     1.759735341    -0.502795397     3.149927417
     0.464599904     0.740494744     5.333286747
     1.066500409    -1.816481869     2.581097359
     0.745566761    -1.484682550     0.295320080
     2.668336168    -0.970011627     4.068659843
     3.172931631    -0.551860875     2.898449993
     0.388604597    -1.295372959    -0.755684902
     2.929361394    -0.563719278     3.292032425
     2.248531344    -0.927361478     4.192139263
     3.565122134    -0.528610202     2.536240691
     0.520771129    -1.544561147     3.503102410
     0.660278391     1.034528254     3.192614284
     0.930436586     0.692400243     2.423959200
     0.469983076    -1.808734297     3.247952360
     1.537930370    -0.855470283     0.559595286
     1.394274033    -1.333177271     0.206859309
     0.250050805    -1.015238658    11.280295828
     0.563415640    -1.184300845    -2.507640570
     0.866016358     0.090353774    -1.886397999
     0.412647353     1.043907433     1.023419944
     2.264676045     0.288513662     0.466799659
     0.472427082     1.168229439    21.089016667
     0.652680824    -1.094939854    -3.336544359
     0.703730247    -2.182970866     3.209535393
     1.056215592     1.354849500     4.290300340
     3.710217080    -0.912522613     2.544948442
     0.854873117    -0.875760312     1.410307171
     3.269509881    -0.279363136     1.574812950
     0.451815390     1.145542390    20.450054064
     0.463873170     1.147057135     2.268001119
     0.427392261     1.221870900    21.925520191
     2.528267254    -0.993225707     4.262430413
     3.751423393    -0.382272689     1.932546071
     0.500055154     0.019655016     0.008934060
     3.099028278    -0.626772786     3.265392685
     2.906658816    -0.244096650     1.777262995
     0.354621208     1.744433425    32.769489902
     3.451066299    -0.640843521     2.792846171
    -0.039795797    -0.848323013     5.165060379
     0.976608121    -0.911231545    -0.848522395
     2.289716823    -0.793697954     3.219656828
     3.610267339    -0.954789069     2.874930222
     0.480396227     0.203219831     0.866500671
     0.645989524    -0.900989988    -0.789494761
     0.623543284     0.770308805     5.375137750
     3.214812600    -0.437882255     2.017047227
     0.499686968     0.027501905     0.008972913
     0.328060867    -1.356568826     1.999050561
     0.999920346     1.597931055     4.927767556
     0.997178204     0.043964194    -1.247398201
     0.431166183    -1.522500489     3.472800967
     1.047263842    -1.385041969     0.487954630
     1.169667141     0.871493677     1.320035791
     0.183644941     0.948964098     1.474446660
     2.679047384    -0.283420224     1.761440747
     2.676582762     0.011578569     3.148036634
     2.352675301    -0.556487235     4.954924357
     1.247868299    -0.903453486     0.253729531
     0.499193911     0.035345584     0.008981907
     0.209505817    -1.291109039     1.241670641
     2.974082854    -0.665321473     3.720568932
     0.487386544     0.173602642     0.593014492
     1.130925716    -1.122729495    -0.585707409
     0.498577320     0.043181706     0.008984560
     0.497837727     0.051007548     0.008987921
     3.496333632    -0.371574331     1.635111901
     2.927391534    -0.461416866     2.215401823
     1.023687683    -0.958696460    -0.377801660
     2.535425685    -1.652197487     2.333306460
     2.574866999    -0.195912337     2.397262344
     0.476544648     0.291491936     2.016471119
     0.292773759     1.431437547    25.779905723
     0.496975236     0.058820914     0.008990189
     0.539787044    -1.057702707     0.497021415
     2.959692596    -0.816195031     4.498846131
     1.447158623     0.256852246    -1.430408945
     3.337350129    -0.916363992     3.617657967
     0.389713177     0.719643266    10.220188887
     0.342914115     0.763951530    11.069224679
     1.257119023    -1.395838482     0.447079937
     4.217375580    -0.545607261     2.445142285
     1.181293735    -1.057924865    -1.809713842
     0.544870390    -1.111242195     0.298055185
     0.992574883    -1.502933244     2.073851761
     1.641402503    -0.673033517     1.245410219
     3.154323090    -0.462890457     2.090183019
     0.495991300     0.066619960     0.009016228
     0.625009922    -0.911798794    -0.698573071
     2.917604306    -0.382516685     1.747045271
     0.872760620    -1.111296542    -0.210926632
     1.047092871    -1.072709979    -1.021829393
     3.281069417    -0.861169809     3.226118026
     3.043609002    -0.449325568     2.129284358
     0.581052349     0.581022453     3.607181166
     0.494882494     0.074402235     0.008991993
    -0.093636218    -1.309667156     4.178431706
     3.320403075    -0.391919057     2.036456098
     0.493652394     0.082166216     0.008983958
     0.390062158     0.533766397     5.843374377
     1.666114631    -0.921592001     3.194781700
     3.480064385    -0.862572893     2.955396547
     2.412729962     0.038151825     1.367451421
     0.492301409     0.089909965     0.008994067
     0.490835855     0.097632631     0.009143694
     0.426666862     0.348730300     2.084980490
     0.761503979    -1.285349060     0.768797593
     1.657928243    -0.649622601     2.189828072
     2.852527473    -0.687087248     3.900975949
     1.452822765    -0.819516579    -0.705708486
     2.820430015    -0.214616919     1.659451059
     0.523760699     0.162665611     0.932416980
     1.168351441    -1.800362608     2.790315599
     0.489240191     0.105328341     0.009104851
     1.507450207    -0.686164755     2.049844481
     0.487521702     0.112993893     0.009005057
     2.541735520    -1.155102129     4.846463259
     2.074148243    -0.653300485     3.578340233
     0.485610695     0.120585929     0.007280152
     2.061697431    -0.657274291     4.040368347
     3.483602991    -1.256756331     3.028112463
     2.811775880    -0.388816781     2.290541028
     0.496392435     0.156013062     0.381879625
     0.483694062     0.128185842     0.007936538
     0.362232065    -1.119582951     3.647849884
     3.867151491    -0.410385568     2.261836811
     2.634242160    -0.851115278     4.109140804
     3.638747343    -0.397525099     1.940594350
     0.481433943     0.135611569     0.003491154
     2.643629183    -0.793179836     3.601448153
     0.358969534    -2.373098698    13.482600204
     2.690620264     0.135266949     2.326389428
     2.607640307    -0.494968579     4.880425736
     2.937325869    -0.866962984     4.765944971
     3.455563013    -0.455851463     2.235735790
     0.587096549    -1.641186694     3.693833668
    -0.032476553    -1.050437115     4.664915871
    -0.085244552    -1.429424922     1.749596751
     0.938454806    -1.320750812     0.567326177
     1.042555416    -2.001196672     1.720343796
    -0.043224637    -1.608195758     3.717429546
     0.980476016    -1.455985918     1.400706424
    -0.063403418    -1.100575208     5.786224017
     0.841299741    -1.472282926    -0.177088709
     2.672048905     0.179950469     1.576826669
    -0.095709242    -1.004781964     6.697313070
     0.479204690     0.143219183     0.003085535
     0.457863577     0.247375314     0.549388360
     0.476822685     0.150873103     0.002559546
     0.237517194     0.903551560    13.075629746
     4.854673480     0.158068470     1.226430492
     1.555221454    -0.722650215     1.043401405
     2.698047689    -0.653793895     4.616576393
     2.613792860    -0.011166565     2.890812240
     4.033633280     0.693340584     0.762681534
     2.747486304     0.214736395     1.791226033
     0.469435784    -1.759092113     2.850009498
     0.581954515    -0.600774368     0.278622904
     0.994443680    -1.852791232     1.595545488
     0.490630030    -0.518395149     2.324079843
     0.612192933     1.104886362     4.926457832
     1.335854262    -0.821537784     0.639975337
     1.496775818    -0.576194725     2.263614248
     1.778437403    -1.030591687     2.844260258
     0.474538836     0.158434230     0.005877247
     0.356976997    -0.872568945     2.500195194
     2.255266959    -0.832714584     3.123164517
     0.472115221     0.165837320     0.008001305
     0.469522481     0.173153351     0.008773595
     0.630524190     0.545484272     7.265368431
     0.346201452    -1.355085692     1.460697751
     0.437151805     0.388398659     2.373027779
     4.203085288    -0.023825261     2.151428547
     5.083188971    -0.322941522     1.296374628
     2.367236027    -0.369923786     3.780936948
     3.923050942     0.701783806     0.466849228
     3.360450450     0.424974056     0.720586288
     4.287670060    -0.388126704     1.939613592
     0.297299502    -1.291940218     1.846904504
     0.071099891    -1.539285437     4.045294593
     0.526302994    -0.138346996     0.996943961
     0.536359630    -0.635110052     3.413999351
     0.464193473     0.186901459     0.008281187
     2.722392588    -0.922368539     3.768116288
     0.143861282    -1.078040192     1.239524710
    -0.754482562    -0.925800083    16.820649553
     0.353654923    -0.955682647     2.057234536
     3.529462724    -0.650763723     3.034304178
     0.949505650    -0.686402183     0.034675306
     0.317201477    -1.224590457     0.682243829
     0.570898749    -0.181933469     1.648189527
     0.461014361     0.194857308     0.010177743
     0.962202897    -0.729828342     0.689440234
     0.267934055    -1.511529144     4.520789148
     2.077842068    -0.545641181     3.471034406
     0.569583320    -0.056651409     2.817886290
     2.646450198    -0.469086526     4.831441373
     2.548303604    -0.096438773     2.443004252
     2.673569465     0.086910296     2.753471983
     0.489225381     0.512657385     2.183614898
     0.625187868    -0.175020441     5.464103262
     0.457745571     0.202206223     0.008472650
     0.516497809     0.049840931     1.036467112
     0.285165983    -1.017563262     0.979730668
     0.015821384    -1.107076489    12.616679234
     0.480444363    -0.290673237     1.437141262
     2.220125428    -0.514124201     4.184575243
     0.723163389    -1.193935582     0.278602061
     0.454488937     0.209482903     0.008970140
     4.068989424     0.494740206     0.896521172
     1.646171716    -0.787582305     1.190800052
     4.355251108     0.057979538     2.283650911
     0.769473230    -1.073445700    -0.167972796
     0.646979242    -1.102702350    -0.028057630
     0.451131917     0.216618796     0.008978687
     0.039525893    -0.854338798     5.498905480
     2.611432020    -0.314142140     3.217443550
     2.559393203    -0.456851433     4.767947697
     2.336055624    -0.475874432     4.721277106
     0.447670640     0.223684882     0.008983053
     0.315071321    -0.884979069     6.837955436
     0.644896670    -0.199447586     6.378623837
     0.130653912    -0.931275446     5.555601498
     0.773369557    -0.334806110    -1.291710852
     0.817407991    -0.885464613    -1.056122981
    -0.235657014    -1.121510162    13.532466308
     0.444100994     0.230690971     0.008984813
     0.654485553    -0.203225581     6.703589443
     0.889058032    -1.498545953    -0.374866977
     0.679083970    -0.236862172     7.749384733
     0.435856982    -1.091668640     2.385363728
     0.449169607    -0.388053908    -0.360334378
     4.152344429     0.382348780     1.425272385
     0.928763152    -0.426461847    -0.264398976
     2.228629233    -0.525021567     4.452406325
     3.073661790     0.362519707     0.790223127
     0.657342909    -0.194328229     6.834897279
     0.275170902    -1.481039205     2.488848699
     0.621499782    -0.133904577     5.422064032
     0.391654144    -1.119743467     0.425689466
     0.512256043    -0.597063184    -4.801404140
     2.672869244    -0.747789526     5.926892651
     1.057220808    -0.799416507    -0.669333577
     5.249549887    -1.141273869     1.481468425
     2.107105685    -0.609098866     4.095918308
     4.673075668     0.001729505     1.449164615
     3.681936372     0.540201558     0.482250847
     0.210097363    -1.199126317     2.594412174
     0.261159031    -1.067594756    15.268299504
     0.564700434     0.660330769     3.436413483
     0.691688113    -1.221962060     0.547256858
     0.365912711     0.411358607    -0.069470547
     3.339251908     0.154224882     1.838773304
     0.440422390     0.237638731     0.008985450
     0.691861046     0.574959473     6.295403790
     0.249183434    -0.985988280     0.673541336
     1.971230997    -0.653332565     3.675080211
     1.253370182     0.193922718    -2.176233825
     5.139375083    -1.428650847     1.682286895
     0.882145891    -0.691839189    -0.040941517
     0.232667633    -1.001757813     1.496867453
     0.358863516     0.364500730    -0.353606148
     0.265209702    -1.091723875     0.421060839
     0.222866910    -1.491951066     3.563506654
     0.605732434     0.847942370     7.225439674
     0.732200340     0.876024519     3.041462139
     3.821914361     0.447578193     1.234803731
     0.444943675    -0.936821486     8.362388001
     0.421534531    -1.238915889    -0.053312639
     0.594311423     0.172938786    -1.649734083
     0.405214074    -0.842955196     4.955474310
     0.014563244    -1.594840158     4.549519465
     1.966584183    -0.740517282     3.358151891
     0.716076403     0.940895606     9.602986882
     1.204217281    -0.949022539    -2.281884879
     0.638542577    -1.534774416     2.736537673
     2.264621163    -0.741315100     4.667937552
     0.617855940    -0.112334968     5.153912528
     0.889487305    -1.831323224     2.944918822
     0.436635303     0.244527455     0.008985760
     1.186183502    -1.804045136     3.093917377
     0.390629608     1.063381841     6.457074513
     0.595198390    -0.082369635     4.433411299
     0.202780334    -1.708542122     4.639387209
     0.051596255     0.748360390     0.270860167
     0.603763284    -0.662270210     1.746618803
     0.333784990     0.957741033     1.991395588
    -0.236280912     0.818723930     6.457948342
     3.948369367    -0.341504971     2.009911153
     0.695951893     1.109314421     8.722496339
     0.983514453    -0.263854897     1.366242144
     0.855338064    -0.462755372    14.777901682
     1.307574105     0.572136166     0.107916990
     1.957082148     0.109160206     1.949823966
     0.678037736    -0.754661786     2.390482403
     4.480169047    -0.450418892     1.795578020
     0.982628387     0.279749854    -0.438878646
     0.351029373     1.184016347     3.416764652
     2.827066637     0.069625065     2.478818238
     2.469209920     0.625202125    -0.868722075
     0.079195745     0.710763056     3.652100826
     0.302455325    -1.176507996     1.351694456
     4.413741505     0.090418962     1.674571095
     1.504637186    -0.457249043     1.247685390
     0.718296735    -0.001148508     1.246525644
     0.432740796     0.251355912     0.008992307
     0.710966851    -0.223168450     8.752046294
     0.756543535    -0.273288242    10.405831389
     5.388595087     0.151531713     1.228233866
     0.402129146     0.348694872    -0.394920197
     0.428739122     0.258122210     0.008990672
     3.168345393    -0.674193581     3.519510090
     0.791961625    -0.281414265    11.214075385
     0.622610247    -0.462786092    -0.520509944
     5.603002987    -0.602807026     1.328537421
     0.107632261    -1.363320093     2.584635748
     0.943302313     1.116426514     6.745785288
     0.798025685    -0.251077519    10.965144515
     4.416272160    -0.047910469     2.027736681
     0.767482659     0.785812637     2.120903788
     0.681476602     1.137370303     3.864566992
     0.424631673     0.264825240     0.008993776
     2.046801524     0.572691085    -1.587651922
     4.318976201    -0.060836471     1.973127203
     0.625440328     0.006986708     4.584346743
     2.085579875     0.750809826    -1.428713090
     0.420418978     0.271464011     0.009001004
     0.416102047     0.278039733     0.009044568
     0.360957785    -0.633875304     2.879416420
     2.678746221    -0.303808015     2.623448369
     5.053236904    -1.699930335     1.651713221
     0.774502747     0.600377239     9.636921467
     0.099855431    -1.656164916     4.619799669
     2.073387931     0.638756717    -1.279611210
     1.406602552     1.967589800     3.226371417
     0.411681461     0.284558472     0.009207283
     0.596208820     0.060074720     3.631441971
     0.859875785     1.279908132     5.096932122
     0.760190022    -1.421843153     0.548297338
     3.735559790     0.170548749     1.939024930
     0.000794965    -1.206684233     5.634219078
     0.287328662     0.795668473     0.200091008
     1.486223130    -0.752222168     0.729967678
    -0.038036262    -1.498676964     4.095956631
     0.898276456     1.073436558     2.323266647
     0.982455189     0.743702237     0.358329216
     0.302397236    -1.539303677     3.213771329
     0.803506122    -0.244781953    11.480101239
     3.784754202     0.246491775     1.974015017
     0.560817650     0.823712863     2.362332865
     4.782025201     0.165064142     1.152181390
     3.344824575     0.641483915     0.075455135
     0.070616886    -1.564749428     4.138273429
     0.380434113     1.273862503     4.763613193
     0.923668544    -0.566068622    -0.597812334
    -0.025505912    -1.343147828     2.720661368
    -0.468918877     0.549311279     0.917476525
     1.160163476     0.442719953     1.452767691
    -0.120352695     0.690652786    -0.596074853
     0.843737892    -0.956349185    -0.077331857
     0.407161792     0.291039263     0.009795362
     0.402567905     0.297520828     0.011693356
     3.194936152     0.258134956     1.487376095
     0.931981648     1.428433736     5.515888441
     0.820072321     1.076473229     2.998024195
     0.185753500     0.574676551    -3.065981605
     2.623378467    -0.254819940     2.612373083
     0.450999150    -1.161060247     0.064837288
     5.007815483    -0.365759214     1.175569288
     0.571976120     1.035599683     3.726412322
     0.549945382    -0.140675149     0.744510697
     0.523722968     0.006697846    -1.433380484
     0.397989080     0.304010693     0.016452202
     3.757782945     0.132851773     1.651242507
     0.447624707    -1.794055347     4.061991515
     1.833937227     0.505526389    -2.131849686
     0.393463589     0.310267838     0.021679790
     0.510291469     0.202741104     1.887350011
    -0.085711127     0.757076879    -0.583853125
     2.663214786    -0.625557743     5.384199566
     1.022947688    -0.360385410    -0.468993319
     2.448601507    -0.119967396     2.268079877
     1.857240348    -1.003325166    10.079338029
     3.385239832     0.260690933     1.526670714
     4.672443432     0.420168265     1.099501903
    -0.850424528     0.135205183     9.184537396
     0.463543012     0.489990282     1.785245158
     1.182339314    -0.853801412    -0.035014943
     0.056851537     0.787851427     0.388003896
     3.513581037     0.251243634     1.765373386
     1.436228264    -0.690948609     3.590226393
     2.334382894    -0.791442701     3.209363993
     3.416568244     0.078736035     1.703012028
     0.139275952    -0.945276000     4.681681473
     0.072108462     0.772943006     3.841981415
     3.159420539     0.114361653     0.880478333
     0.004485586     0.661581959     1.447544252
     0.388603393     0.316144135     0.019284889
     0.463222916     0.282884241     1.371119740
     1.720545826    -0.748327084     1.583917472
     1.981600046     0.288382594    -0.672397687
     0.378121844     0.327997699     0.011274745
     0.368715861     0.337802093     0.001974024
     0.043685519     0.919670356     0.336234185
     0.362121623     0.345430650     0.009192374
     3.290158019     0.102974822     3.046941758
     0.356641668     0.351076092     0.009058451
     0.351025548     0.356573327     0.007375239
     0.345432885     0.362106264     0.009000947
     0.339702994     0.367488773     0.009026891
     0.333887984     0.372778745     0.009008041
     3.441969056     0.164178087     2.176687846
     0.327940864     0.377920698     0.007490981
     2.621537685     0.000790070     2.612236696
     3.119659605     0.154044690     1.381424710
     0.322014891     0.383083338     0.009033122
     0.315182690     0.388622113     0.007468668
     0.294429585     0.696237687     6.126685755
     0.712908156    -0.836679683     0.036224729
     0.303611722     0.397825932     0.009015452
    -0.187900469    -1.034455668     7.026007603
     3.574279755    -0.112502684     1.588146230
     0.297329545     0.402551569     0.009156806
     0.490948854    -1.660689200     3.444668937
    -0.064094390    -1.008952066     4.663899878
     2.165580366    -0.076409582     1.192769248
     0.465134142     0.208823957     1.478305714
     4.195041006     0.124054936     2.028355583
     1.026088796    -0.349397414    -0.876552002
     5.125019923    -1.702001056     1.680635386
     0.290967192     0.407168899     0.009072780
     0.284533504     0.411686938     0.009013449
    -0.391317271    -0.972505182    10.426049767
     0.358798443    -1.084780266     2.440520855
     0.278029392     0.416105450     0.008986239
     0.271453457     0.420425038     0.008988328
     0.264797962     0.424650581     0.009025997
     0.258024250     0.428796398     0.008962055
     0.250875241     0.432945585     0.007716214
    -0.176612507     0.559647632     1.000720102
     0.243391982     0.437324282     0.009982442
     3.354830020     0.061199788     1.593442456
     0.689526850     1.238756924     4.382645991
     0.488661781     0.191248550     2.109317324
    -0.359953386    -1.203464185    16.767896801
     2.896842167     0.393192294     0.538156490
     0.933406613    -1.690829765     1.206324196
     0.237865072     0.443290106     0.061664052
     3.421332813    -0.632024182     2.801800142
     0.214912985     0.744515209    -0.657831271
     0.436898475     1.188942113     3.716818877
     0.223860986     0.447580969     0.008954567
     0.405583995    -2.068931559     2.958950562
     0.211516228     0.453669827     0.011303362
     0.202980417     0.457394613     0.008332549
     0.195292212     0.460873894     0.010978713
     3.376231523    -0.178549738     1.563520051
     1.057305599     0.454674049     1.469911763
     0.187961338     0.463815687     0.009193572
     0.180591799     0.466726931     0.009052952
     0.173219898     0.469509800     0.008996177
     0.165818233     0.472173985     0.008983652
     0.158379606     0.474720875     0.008984663
     0.150903009     0.477150199     0.008985083
     0.069933823    -1.175996489     2.136578899
     0.143389504     0.479461666     0.008985269
     0.135840716     0.481654799     0.008985402
     0.128258440     0.483729084     0.008985566
     0.120644527     0.485684016     0.008985792
     0.113000882     0.487519243     0.008988720
     1.919660972    -0.236307436     3.376511407
     1.105867779    -1.776619087     2.451067263
     0.105329296     0.489233922     0.008986302
     0.097631746     0.490828016     0.008986462
    -0.171438994     0.627655124     1.995721742
     3.057191258     0.088905194     1.614515772
     0.576323974     0.146596286     4.453065016
    -0.644826837     0.386074663     3.043599421
     0.479220849     0.223948112     2.100746640
     0.600540631     0.562311780     7.272869735
     0.281622355     0.666205619     1.973591542
     0.089910081     0.492301011     0.008986644
     2.229202910    -0.128777505     1.226196989
    -0.113532260     0.713082428     2.658146482
    -0.222225436     0.711299684     0.299382849
    -0.242180416     0.592283457    -1.440505705
     2.432225633     0.306236349     0.549814393
    -0.430708471     0.632359906    -2.754848170
     2.815661972    -0.066840827     1.790523369
     0.894317551     1.487205622     6.198723765
     2.385532679    -0.210746002     3.021528945
    -0.525205057     0.746397678    -1.336686897
     1.742269539    -0.258301657     4.195319344
     2.548301659     0.444440136    -0.236562037
     0.439969430     0.270282650     1.439035311
    -0.347675280     0.860717984    -0.390548303
     0.622830280     0.616672882     7.933068279
    -0.218463813     0.830015442    -1.274448494
     2.986862956    -0.077695035     1.106633511
     0.158477541    -1.110469120     2.225824456
     0.082151480     0.493568819     0.007286742
     0.592929112    -0.790583285     2.168500553
     0.074401773     0.494882495     0.008990632
     0.424357983    -0.284448841   -10.399824331
    -0.035019179    -1.175567066     4.731138899
    -0.001130740    -1.156509832     0.308832376
    -0.385107768     0.949260325    -1.926136712
    -0.498464593     1.106637482    -4.092048051
     0.472580065    -0.335602611    -1.377995893
     0.305092024     1.140239654     4.106496666
     0.483115070     1.223667836     4.000569553
    -1.265615943     0.470462357    -1.025656424
     0.668947453     0.742897094     2.798659196
     1.613831701    -0.350591472     5.137282688
     2.717231226     0.363929173    -0.080620738
    -1.339153212     0.758295462    -0.009960541
     0.562058700    -0.847953311     1.096631414
     2.546669526     0.291707126     0.617079266
    -1.075357712     0.662323734    -4.097702917
     2.132229618     0.416098874    -1.222280200
     0.537264553     0.289358269     4.236561485
     0.066618526     0.495990775     0.009002011
    -1.209750781     0.976639439    -0.357420712
     2.386742282     0.420159430    -0.428593196
     0.474653289     0.255589168     2.978409206
     0.776761900     1.206078412     4.785307015
     0.264330573     1.587890637     2.237423236
     0.808268432     1.501648673     7.000855853
     0.298883632     1.146073116     3.428142713
    -1.003262016     0.617731606    -5.023285791
     0.401643823     1.572693193     3.510632554
     2.290451381    -0.203238070     2.467403202
    -1.802643467     0.814064622    -2.827985510
     3.212581351    -0.299002293     1.876260918
     1.387716757    -0.506368038     2.514501725
     0.058817708     0.496978031     0.009038161
     0.594249290     0.203523429     6.004143367
     2.019915580    -0.191663557     3.393432010
     0.051000383     0.497846141     0.009140719
     0.043168742     0.498598567     0.009385549
    -1.171919230     0.611266745    -5.735737337
     3.251004799    -0.532162441     2.863028642
     1.244214221     1.136108177     1.454728885
     2.871633486    -0.047306471     1.705183416
    -1.439740079     0.896105036    -1.918984904
    -0.099199077    -1.144335052    11.516993183
     0.825537349     1.153868590     5.173024952
     0.912043864    -1.029599175    -0.466303369
     0.810050419     0.118535783    11.449422198
     0.188498820     1.464344891     3.441435475
     3.285402595     0.077540229     3.563380669
     0.273307622     0.578803407     1.629428768
     0.491319912     1.461215885     3.252336885
     0.035306529     0.499198457     0.009017485
     0.719312489    -1.006957127    -0.260586388
     0.196711319     1.071095632     2.492306562
     1.024895500     0.746601452     0.371389581
    -2.312856169     0.737716169    -5.443788589
    -0.740496012     0.783424648    -2.784137255
     0.022724513    -1.487510556     3.876765993
     0.027492591     0.499752178     0.010264898
     2.754039670     0.303754657     0.663247872
     3.323954763    -0.149988971     1.642474428
     0.566348533     0.642759622     8.866315084
     0.019657439     0.500124038     0.010312579
    -0.915781087     1.132121032    -2.271975647
     1.864714945    -0.674196864     2.855692304
    -0.058397607     0.586859534     1.359106139
     1.426962835    -0.671625764     1.327097431
     0.011809413     0.500350865     0.009912637
     0.003946185     0.500451716     0.009453907
     1.030220754     0.045922054    16.746133395
    -0.003921584     0.500438094     0.009177601
     1.031451508     0.068134663    16.742491397
    -1.245442491    -0.088557091    -0.166444011
     0.231912531     1.381215501     3.439855150
     0.383283806    -0.896993358     1.324651776
     0.897888401    -0.745054803    -0.363045856
    -0.319699153     1.069886048    -1.440804395
     0.537465038    -0.802455668     0.877347296
     0.512432380     1.325346367     5.162737815
     0.933431839    -0.228278015     1.377488594
    -0.011786333     0.500308598     0.009056634
     1.725341430    -0.770749189     5.967251714
     0.375204530     0.556457835     4.158996805
    -0.019645725     0.500059408     0.009011772
     0.256960148     0.801717629     2.280710658
     0.189160590     0.644254899     2.024315472
     1.466757649    -0.493850939     4.576196995
     1.246403056     1.465938705     4.646902085
     0.189153190    -1.258823571     1.853199966
     1.143748843     1.349327863     1.998750973
     1.255702926     0.028932021    21.735305376
     1.713962758    -0.396012759     3.186817149
    -0.084402540     1.646256452     2.720028308
     1.942232134    -0.261716554     3.161745872
     0.928885274    -0.676286955     0.890774067
     1.357379103     0.039846890    23.862504361
     1.470390666    -0.066583656     0.582687762
    -0.812179698    -0.088934954     5.502052679
     0.567959580    -0.900955948     0.040293245
    -1.637501991     0.326363484     1.143270578
     1.356449815     0.071094483    23.800472790
    -0.605238707     0.790588409    -3.211024113
    -0.633377203     0.282839892     0.432789523
     0.705324113    -0.671899005     2.976508340
    -0.027498879     0.499688291     0.008996004
     2.267680866     0.000345220     1.167157604
     3.284038920    -0.117900580     1.840114637
     1.823348143    -0.530113165     4.144814461
    -0.115480188     1.093739991     0.777741946
     0.041334740    -1.514993832     3.814188454
     1.337817952     1.399586118     1.836868303
     1.340073412     0.089673239    23.507480179
     1.550293187    -0.464172798     1.833804976
     2.189602077    -0.216523024     2.511950489
    -0.358806329     0.657761410     0.568915240
     1.930051421     0.050949008     1.379786675
     0.489988381     0.962987713     4.159077031
     0.831247304     0.067958270    -0.889226366
     0.193397166     0.962633663     1.007125238
     0.299081613    -0.895373275     4.465223234
    -0.011671498     0.854197325    -0.422388323
    -1.455707415     0.337274206    -0.154710177
    -0.048523868     0.948999842    -1.817979576
    -0.035344668     0.499194410     0.008990564
    -0.574057683     0.586056440    -2.618682704
     1.367089746     0.287594699    -0.519644226
     0.073622334     1.108193670     2.396044537
    -0.133492443    -1.646019945     3.559528376
    -0.189960138     0.762858540    -0.942702362
    -0.859167751    -0.426068083     6.867504702
    -1.325607846     0.323713753    -1.833731769
    11.257503129     4.379917560     0.962903726
     0.039091854     0.722069525    -1.397820399
     1.445226344     1.219235942     1.185523889
     1.220799792     0.735062338     0.450529565
    -0.128576268     1.897077625     4.557397317
     1.611923057    -0.522310227     6.781863758
     0.446449986    -0.906695057     1.212462749
     0.117616658    -1.461906243     4.453173780
     1.340744737    -0.749310840     1.136124090
     0.900094583    -0.905405319     0.235850748
     0.616994782     0.135076065    -0.344890597
     0.140366722     0.940040645     1.053156095
    -0.043174937     0.498496948     0.007371437
     0.715739093     0.821787549     3.239751766
    -0.387540322    -0.957372379     9.394662391
     0.371658505    -1.065510229    13.037463942
     0.977741010    -0.750906566     0.853775638
     0.976043088    -0.817426429    -0.778907362
    -1.515921781     0.474088704    -0.616688327
     0.657261184    -0.680729606     2.915326121
     0.998284484    -1.206031706     0.019147556
     2.142533378     0.225607662     0.852041017
    -0.051007939     0.497837982     0.008993796
    -0.058822062     0.496975950     0.009007069
     0.098421650    -0.974276293     4.588271913
    -0.066622272     0.495992179     0.009039813
     1.816002515     0.064289903     0.421201173
     0.846597613    -0.811430006     0.956601325
     0.715761467    -0.580704802    -0.269469472
     1.472384326     0.057765377    26.527877220
    -0.921746178     0.238245379     0.714155039
    -1.099273956     0.252855339    -0.343311963
     1.645041087     0.008812379    30.436403009
    -1.259495043     0.254496934     0.332943336
    -0.578926932     0.419450761     2.547045553
    -1.282336444     0.329470076     2.868150670
    -0.436474163     0.840501994    -1.392574480
     2.127223358     0.213945932     0.979221065
     1.711114230     0.094839033    -0.668031749
     1.665442558    -0.093933611     0.874329156
    -0.074406616     0.494887591     0.009105828
    -0.234877099     0.690366365    -4.652259938
     2.532192389    -0.325641351     3.393793883
     1.899945986     0.125827926     0.588635441
    -0.042700095    -1.100238828     5.295590628
     1.817148463    -0.032686304    34.264910603
    -0.426283991     0.569226654     2.883519359
     1.911014108    -0.338188887     3.930552543
    -0.828175114     0.024750717     6.761086333
    -0.987143703    -0.641548437     0.504666466
    -0.690284010     0.130546680     2.670864199
    -0.694403181     0.229168443    -0.335027784
     1.172998207    -0.219000441     1.706208036
     0.153732800    -0.947717877     6.082850561
     0.517837627    -0.403985314     2.883337667
    -0.339777326     0.705963800    -2.563826672
    -0.082172348     0.493662712     0.009207655
     1.583756615    -0.757681209     2.268411977
     0.040737778    -1.000853069     7.853282182
    -0.864141399    -0.416358267     1.815236892
     0.487322919    -0.502583212     0.179772765
    -0.996322645     0.063139115     2.503714274
    -0.557046145     0.537286128    -0.872134430
    -0.949867034     0.230267108    -0.585090960
     1.875427891     0.259855555    -0.987150658
     0.579525906    -0.403401476     1.707005780
    -0.829569219    -0.049535266     3.206206578
    -0.791627007     1.062359257    -3.703385587
     1.034933958    -0.518603687    -0.466054189
     1.033330045    -0.592243332     0.337842371
     1.362356324     0.492490698    -1.063321189
     1.640886496     0.142235565    -0.879678464
    -0.304433706     1.208088372    -1.414853266
     1.798856430    -0.042589980    34.112813243
    -1.318816596    -1.867369217    29.997222916
     1.257558394    -0.091100234    -0.163271798
    -1.393413975     0.172350601     0.883963982
    -0.901904625    -0.154454533     7.416513922
     1.920433331    -0.136849339    37.256119357
     1.806850077    -0.351571801    36.930166287
     2.210649093    -0.975038508     4.403392739
     2.479178322    -1.091309712     4.900900783
    -1.079740005    -0.466598831     1.235826555
    -0.089916071     0.492316395     0.009310836
     1.388388185    -0.032361246    -0.679954361
     1.921859728     0.669651645    36.041823700
     1.896593522     0.749191840    -1.378217596
    -1.102976821    -0.062158862     1.099606182
     1.058537523    -0.507215653     1.172334434
    -1.359415344     0.401856774    -2.711268503
     1.516380524     0.156917481    -3.071435067
    -0.161581118    -0.767053654     5.351018652
    -0.097635582     0.490845902     0.009352288
    -0.766675869     0.204288682     5.884359885
     0.606871918     0.504176870     3.325473873
     2.287703374     0.366240834    43.452932810
     0.682820378    -0.372781629    -1.742230628
     2.065306771     0.295486985    39.154470445
     3.347627873    -0.082389103     2.195755805
    -0.105331319     0.489250234     0.009313758
     1.961331525     0.192814034    37.426345885
     1.835760238    -0.282261672     2.820822197
    -0.765709440     0.186696566    -1.525298028
    -1.282025190     0.641909215    -1.152655429
     1.173411608    -0.475407284    -0.064142812
     1.092071077    -0.140156987     0.035310147
     2.065285279    -0.068018507     1.970814726
    -0.864230703    -0.303054172     5.950558886
    -0.124453680    -1.096811207     4.504007837
    -0.669977964     0.909265104    -3.149429365
     2.501074172    -0.367708010     3.909672870
     1.357165220    -0.582374648     1.745066701
    -0.827430957     0.642729103    -3.022377570
    -0.989546186     0.582102658    -2.740862479
     0.822518098    -0.226246016    -0.582982089
    -0.113004588     0.487531986     0.009253721
     1.164928904     0.433303064     1.994405971
     0.595862191    -1.207218918    -0.312041175
    -0.609978289     0.703024702    -2.585167873
    -1.082682957     0.119195767     2.176711200
    -0.980098578     0.313716314    -1.272327534
     2.241679878     0.251095324     0.731876483
     1.293392906     2.561260526     1.328625661
    -0.912249818     0.180212032     3.087177655
    -0.696637423     0.514307455    -1.081038859
    -0.870610606     0.049919933     1.461163780
     0.671571096    -0.120298775    -0.411660601
    -0.654084766     0.316904081    -3.468064304
     0.798471206    -0.031831442    -0.414675338
    -0.715692700     0.141890371     1.380959302
     2.054772801     1.393008858     0.129203017
     2.036952778    -0.123817952    40.557227759
    -0.120656441     0.485696829     0.009291937
     1.244838074    -0.322728644     3.166193839
    -0.879797217    -0.200654260     3.763129349
     1.862724013    -0.148344881     2.586155262
    -0.128288324     0.483751674     0.009575478
    -0.803743126     0.080036061     2.740632777
    -0.135900491     0.481705872     0.010293084
     1.552976841     1.215096517    32.845504962
    -0.976312117    -0.315746763    10.696854516
     1.716721843     0.899169014    33.770513124
    -0.858601034    -0.252584907     1.716092097
    -0.143484064     0.479567855     0.011562009
     0.664408011    -1.518462688     2.092561436
     0.691702508     0.394161012    -0.319926544
     2.212592367    -0.802338290     4.093041611
    -0.151112029     0.477436860     0.015712515
    -0.158478075     0.474946926     0.013896580
    -0.165931220     0.472483527     0.015573538
    -0.174011129     0.469209872     0.008874697
     1.972272270     0.819503689    38.658608221
    -1.174788695    -0.221806144    -2.743338397
    -0.189132767     0.463408989     0.010520127
     1.536159689     0.807416850    29.982428083
     1.859001228     0.794037274    36.570521977
     0.694862355    -0.348910274     0.012244513
     0.123326565    -1.719122581     4.570016464
     1.759841680     0.803778594    34.751642498
    -1.327137258    -0.287993264     0.446016192
     1.689139608     0.817672699    33.528891683
     2.828421148     0.269069603     1.731885291
     0.979265754     0.699632408     0.143505022
    -0.202357048     0.457705050     0.008950273
     1.860448707     0.850672739    37.258569285
     0.795370389     0.866717905    10.999441920
    -0.210835619     0.454199514     0.015108772
     0.592511841     0.705480673     3.431517620
     0.799588769     0.764456854     2.534572659
     0.601516033     0.638727221     3.259843644
    -1.101453909    -0.180694925     0.911625086
     0.612627720     0.420278725     1.249558101
     1.484163100     0.870153976    29.968988139
     0.293673157     1.036254400     2.139793861
     0.402768745     1.007069220     3.843172170
    -1.039726183     0.009954169     1.108704265
     1.014128611     0.504921902     0.777338704
     0.273226851     0.983922433     5.080200156
     1.174149022     0.410752647     1.908315482
     0.630790900     0.033385221    -0.294465395
    -0.223685792     0.447664486     0.008881077
     0.522950300     1.085714995     6.611726768
     0.364920717     1.042663966     6.034827084
     0.698989432     0.255299373     1.704086763
     1.000713674     0.309147279    -1.182985316
     0.653221455     0.867486139     3.442025851
    -0.230648573     0.444008865     0.006958799
     1.235743421     0.834372531    25.094873532
    -0.237638654     0.440419283     0.008930027
    -0.244527501     0.436633409     0.008953173
     0.669777740     0.961564231     3.161615228
    -0.251355800     0.432739576     0.008970086
     0.408028565    -0.776072744     6.041082566
     1.684483365    -3.583242858     0.664484918
     1.212402804     0.862385885    24.953975258
     0.551575724     0.444611702     4.703714089
     1.020391569     0.859307337    21.309713156
     0.333625011     0.910470187     4.461430702
     0.295010819     1.178659009     9.822633940
     0.202334643     0.933842129     0.957618690
     0.891605937     1.594817907     6.590409640
     0.705666764    -0.182448128     0.791815860
     1.076583421     1.441366959     4.822981955
     0.510845764     0.644345746     3.545323235
     0.427619830     1.116230287     3.682986109
     0.688442549     0.583551037     4.500594981
     0.283531717     0.939508827     1.422045188
     0.637664849     0.753402508     7.337869341
     0.543273271     1.156384059    11.470651112
     0.900641172     0.857977449    19.128459901
     0.972311717     1.028003542     0.965651545
     0.499793444     0.467439206     2.592127434
     0.366920917     1.212028402     4.036821735
     0.639533349     0.636256419     2.254441933
     1.149137002     0.916852784    24.528580661
     1.714434221    -0.218925658     3.348930699
     0.356136647    -1.826662290     3.760712267
     0.641568185     0.844887518    14.463402819
    -0.384263632     0.607452561     3.408857228
     0.849210269     2.402013582     1.392156107
     0.571679381     0.847266653    13.510344616
     0.248108925     0.850854540     1.739751925
     0.301245268     0.915248138     1.989374553
     0.547692973     0.854871021    13.314613679
     0.512668849    -0.991941494     0.268882462
     0.442107728     1.039172181     1.211662464
    -0.258121965     0.428738583     0.008978927
     0.676903841     0.411270302     7.030005811
    -0.568828580    -1.325904245     1.397221300
    -0.264824423     0.424631539     0.008982866
     0.369577582     0.812523904    10.009566868
     0.282821349     0.787269781     8.494366465
     1.488374307    -0.377093854     2.941462676
    -0.271461623     0.420419692     0.008987087
     0.218314284     0.753655494     7.195965668
     0.878889333    -0.018708329     0.000728936
    -0.951787864    -0.346469173     1.502785882
     1.432418331     0.323531067    -0.257114607
     0.207812680     0.683598923     5.950551563
     0.571377143     1.075035463     3.591321319
     1.087158080     0.814383098     1.362127056
    -0.278031712     0.416103824     0.008984987
    -0.284533281     0.411685373     0.008985179
    -0.056126843     0.866566009     7.688171703
    -0.971567405    -0.242810181     2.374668012
    -0.290964649     0.407165336     0.008985246
     0.780101957     0.607822165     9.035625413
     0.394195121    -2.000590818     3.053640255
    -1.333919885    -0.000602779     0.630570435
     0.479613617     0.999075256     3.556917903
     0.881844765     0.697254246    11.864217699
     0.894420363     0.780621931     2.554082552
     1.143325313     0.572991575     0.875679046
     0.237696957     0.632139440    -2.175009880
    -0.297324228     0.402544833     0.008985264
    -0.383118803     0.822120036     8.165967710
     0.302034972     0.566558750     2.763053665
     0.905551116     0.801895972     1.094003334
     0.280764771     0.698776131     2.777909602
    -1.165966084    -0.191810315    -1.112538127
    -0.303610446     0.397825007     0.008985265
     0.499297322     1.002802126     6.818600122
     7.449077791    13.677663108     0.491253227
    -0.941544228    -0.275657933     3.038186604
     0.350851994     0.733188331     4.322030274
    -1.075953793    -0.552278031    -0.090650359
    -1.022487993     0.034406545     2.715066380
    -0.913843898    -0.873848881     0.065593248
    -0.062393641     0.680457051     2.666063417
     0.250191401     0.886876612     0.315578569
     0.586853465     0.497631312     6.500940133
    -0.255998332     0.579565863    -1.111842685
    -0.359618175     0.777847296     7.145853808
     0.891459351     0.432473084    12.102367878
    -0.309768730     0.392939831     0.007273397
    -0.459981604     0.724808621     7.296199478
    -0.667115937    -0.964765677     0.360214072
    -0.484056287     0.715404354     7.426017422
    -1.408446651    -0.579175257    -0.311849712
     0.173166542     0.734367210     0.746989063
    -0.831775762    -0.764398409     0.271301605
    -0.315902472     0.388025746     0.007272876
    -0.383324445     0.572920785    -0.084069257
    -0.399630636     0.767369087     7.308094876
    -0.322013486     0.383081374     0.008984966
    -0.776368014     0.706875768    11.663472484
    -0.327934123     0.377911718     0.007266972
     0.286243181    -1.987976770     3.230061579
    -0.873078806     0.270698850    11.134704697
    -0.927785731     0.330048500    12.160301335
    -1.099321587     0.263388423    15.703379455
    -0.333828509     0.372714340     0.007254923
    -0.476077039     0.478593982    -2.776227339
    -0.339700569     0.367487356     0.008973159
    -1.127862625     0.259228646    16.193390213
    -0.743976407     0.084828188     6.299570322
    -1.170937514     0.246462077    16.999741768
    -0.753086118    -0.695756330    11.872226013
    -0.892728003     0.130397091     0.748672328
     0.877053317    -0.486949407    -4.234929618
    -0.345429046     0.362106264     0.008947962
    -1.239047010     0.208026749    18.382414412
    -0.904658931    -0.119966374     9.143831563
    -0.744017433     0.376930715    -2.249263075
    -1.223181758     0.230284406    17.889054468
    -0.074232754     0.671335638     0.401115337
    -0.853257088     0.423645417    -2.470762349
    -0.574370549    -0.745914781    10.197502342
    -1.262471155     0.232338921    18.586503715
    -0.461524251    -0.765479924     9.092158732
    -1.145587238     0.360090269    16.023572083
    -0.944222558     0.486303980    -2.539406549
    -1.296517642     0.337777473    19.011782964
    -0.611017561     0.427754189    -2.245068115
    -0.391300865    -0.797567403     9.106209418
     0.886606159     0.070503566    -1.953692087
    -0.350995663     0.356573817     0.006962922
    -0.356372575     0.350918924     0.003018171
     0.084534820     0.752362804    -0.374326443
    -0.361983395     0.345350161     0.006080894
    -1.523722822     0.382678277    23.593467209
     0.791154243     0.169123447    -1.342082853
    -0.367453731     0.339680071     0.008201052
    -0.087316634    -0.730615450     7.708446678
    -0.372748302     0.333857128     0.008142777
     0.123107559    -1.436076055    24.924742846
    -0.377958724     0.327962773     0.008352579
     0.157058053     0.686635496    -1.595453887
    -0.382996090     0.321915969     0.006424367
    -0.388087484     0.315950668     0.008839009
    -0.975889690    -0.288585979    11.500688301
    -0.392997230     0.309830298     0.008937268
    -1.203554071     0.036318085    17.413608064
    -0.397792979     0.303652428     0.008985572
     0.586316667     0.611337330     3.876363062
    -0.402436600     0.297472087     0.009002338
     0.278269286     1.191377904     4.701588455
    -0.410372531     0.286105198     0.005426130
    -0.416492885     0.277257115     0.006877539
     0.868364739     1.355815702     5.630197190
    -1.130261370     0.049285254     1.044935368
    -1.138486324    -0.271333482    18.502457829
    -1.344673698    -0.016278921    20.074979512
    -0.744180614     0.122377849    -0.944740165
     0.536140155     0.564513888     5.734529219
     0.235140117     0.854063015     0.342568744
    -0.424712441     0.264684335     0.008874201
    -1.060575457    -0.132302702     1.342114317
    -1.037172701    -0.240587907     1.876360422
    -0.429951309     0.255800042     0.006079062
    -0.436276622     0.244965648     0.007021443
     1.092410748     0.545417507     1.510992691
    -0.826990530    -0.518652858    16.906691017
    -0.444094960     0.230754909     0.009467338
     0.667237299    -0.452340743    -1.486395864
    -0.447723827     0.223706305     0.010126121
    -0.975767619    -0.370714103    16.278424643
     0.770294982     1.580903273     5.028041036
     1.230363720     1.917120956     4.393614493
    -1.182984788    -0.379930043     0.890667961
    -0.451266953     0.216623881     0.011457447
    -0.454602249     0.209544418     0.011543266
    -0.457863103     0.202365549     0.011910230
    -1.335202797    -0.105184664     1.426452017
    -0.461081129     0.195102269     0.013314100
    -1.190097701    -0.348695235    19.392512438
    -0.464307642     0.187848390     0.017466232
    -0.800296057    -0.496437308    15.571036503
     1.573651766     0.486377946    -1.405438048
     0.410068004     1.670573823     3.105410615
     0.856851024     1.823973447     3.677078125
    -0.904767706    -0.452433245     2.069777735
    -1.029955967    -0.093603149     1.944298841
    -0.890449431    -0.415381553    15.147702151
     0.534934759     1.766577077     3.039995249
     0.276396638     1.996469976     1.777690567
     0.545877151     1.928586023     2.608861154
    -0.467387682     0.180716362     0.022277014
    -0.470599623     0.169649690     0.005283987
     1.075420102     1.899963687     1.862815549
    -1.293905990    -0.176006152     0.800207226
    -0.184110505    -2.039570342     1.335135432
    -0.975254305    -0.453497414    16.856416346
    -0.893157768    -0.303750510    13.160332426
     0.194673847     0.821786327     1.639847235
     0.684366652     1.375738428     4.065924083
     0.412639881     0.478676128     3.539421055
    -1.139714798    -0.235060479     1.260301294
    -0.474775782     0.157874868     0.006841397
    -0.955560607    -0.390437676    15.308370354
     2.500248048    -3.156059264     1.236585832
    -1.120104292    -0.356121402     0.597480990
    -0.656025224     0.223704345     4.220710106
     0.860909638     2.035395803     1.866001252
    -0.119012031     0.616915536     1.965588462
     1.276906887     2.129183239     2.367281939
    -1.058573760     0.446804202    -1.457817242
    -0.479195410     0.143361656     0.003723919
    -0.481248224     0.135789539     0.000881517
    -0.812550701    -0.555921127     8.920272987
    -0.564025666     0.301038529     2.800791902
     2.475024725    -2.431785930     1.894210309
     0.109265924     2.171817359     1.308318191
    -1.199782799     0.190890283     1.548778263
    -0.483502181     0.128161254     0.004100981
    -0.485561839     0.120530368     0.006064160
    -0.487359533     0.112860449     0.005243216
    -0.489221641     0.105300310     0.008624199
    -0.710971081    -0.044350934     5.929329635
    -1.148531357    -0.465322434     1.202396177
    -0.490824953     0.097621189     0.008885187
    -0.238344094     0.973737087    -1.116450204
    -1.043666242     2.138401798     0.256908060
     0.030651897     1.007865904     0.558017340
    -0.492300169     0.089906548     0.008957386
    -2.319873612     1.126752181    -3.736265128
    -0.493652264     0.082165152     0.008977896
     0.123081483     1.342920569     2.829634762
    -1.252333412     2.016105783    -1.375972350
    -0.494797287     0.074387770     0.007263768
    -1.018596929     2.484075178    -0.112674718
     0.713352783     1.543790055     6.369339459
    -0.797800430    -0.015456349     2.559151293
    -0.898529843     0.161075265     2.900485234
    -0.897969813     0.067682237     7.860168906
    -2.652520885     1.468059807    -0.498140360
    -2.154705559     1.498164363    -2.168250004
    -0.738748590     0.056716132     3.964331306
    -0.659283531     0.186727119     3.900272851
    -0.613144866     0.174693023     2.914092583
    -0.495989751     0.066619645     0.008984692
    -2.470013708     1.218630247    -3.850385123
    -0.867496599    -0.459443782     9.796464251
    -0.823659171     0.214181208     7.169505696
    -1.554429065     1.508355422    -4.842202159
    -0.496889924     0.058810562     0.007271433
    -1.216361390     1.756756440    -2.508180915
     0.081186600    -3.159388018    -0.017516641
    -0.371339366     1.725057639     1.683243645
    -0.997933532     1.868378511    -2.410439987
    -0.497752472     0.050998654     0.007273583
     0.307002988     1.633240972     2.278579588
    -0.697388586     0.148593018     3.411898063
     4.094449930    -0.596618207     2.053337408
    -0.789678829     0.200414742     6.425856465
    -2.087077123     1.143508344    -3.225501373
    -0.498577501     0.043181488     0.008987799
     0.020916880    -1.051960870     2.501798757
    -0.368689749     1.611655884    -0.753926252
    -0.785560971     2.795725902     2.953276706
    -0.789053912     0.188966464     6.355273961
    -0.361936613     1.847638889     2.469527377
    -0.499108788     0.035338774     0.007274082
    -0.499687717     0.027499478     0.008985194
    -2.641190783     0.051027370    -2.412172021
    -0.500058016     0.019647332     0.008985217
    -0.500304932     0.011790338     0.008985235
    -0.500428406     0.003930436     0.008985249
    -0.816426304     0.132365067     6.783607093
    -1.369740628    -0.330710464     1.034956963
    -0.576746521     1.963871941     1.013596775
    -0.500428407    -0.003930437     0.008985261
    -1.472422753     1.700420142    -2.573887843
    -0.500305067    -0.011790343     0.008987929
    -0.499972585    -0.019643978     0.007275279
    -0.890179423     1.743354166    -2.362514953
    -0.499687721    -0.027499479     0.008985273
    -0.792578312     1.999632843    -0.347463014
    -0.499194265    -0.035344850     0.008987934
    -0.775286613     2.051789553     0.799476686
    -0.498577375    -0.043181480     0.008985273
    -0.668549118     2.184274479     1.626173936
    -0.497837602    -0.051007466     0.008985273
    -0.496890008    -0.058810808     0.007273684
    -1.724380779     1.793898765    -1.791343522
     0.620176672    -2.242471790     4.398503729
    -0.579862527     2.326867349     2.343980062
    -0.865045935    -1.243299377     0.106996616
    -1.104220784    -1.121161304    -0.767364313
    -0.495904948    -0.066608362     0.007273684
    -0.494882159    -0.074402204     0.008985273
     0.261564718     2.698509704     1.188948816
    -0.973503248    -0.157203477    10.933789857
    -0.493652448    -0.082166296     0.008985273
    -1.085939270    -0.351148097    14.675032871
    -0.492216828    -0.089894755     0.007275312
    -1.973092039     1.879544607    -1.884129243
    -0.490828085    -0.097631776     0.008987932
    -1.624083901     2.190746540     0.582610441
    -0.489150286    -0.105311301     0.007275312
    -0.731232956     2.604291248    -0.438498451
    -0.915194738    -0.352390234    11.507187330
    -1.141047824    -0.617731468    18.557105019
    -0.487519203    -0.113000884     0.008987932
    -1.130970363    -1.294546557    -1.123104655
    -0.485683989    -0.120644530     0.008985273
    -1.018495220    -0.867633354    20.676721795
    -1.510849761     0.975763178    -3.216347225
    -2.527913036     1.345448648    -3.282103352
    -1.414965942     2.079527324    -2.778326344
    -1.158746840    -1.021041914    24.815096733
    -1.279157354    -1.154841367    28.363561236
     0.266991662    -2.247271167     2.243419844
    -0.421543002    -2.215649593     1.315467503
    -0.483729069    -0.128258439     0.008985269
    -0.932886806    -2.020355053    -2.537368274
    -0.242186144    -1.021502505     4.230921390
    -0.798705487    -1.979477778    -1.598643546
    -1.467742296    -1.032254117    28.757245950
    -0.481654797    -0.135840702     0.008985273
    -1.172640370    -0.989082528    23.957771405
    -2.292866080     0.803738515    -5.359147919
    -0.479461683    -0.143389448     0.008985273
    -0.022153101    -2.252794385     1.225922693
    -0.907512744    -2.149038965    -0.338172921
    -0.477150270    -0.150902815     0.008985273
    -0.756084261    -1.291732442    25.643747085
    -2.192015662     0.692389535    -3.277493162
    -0.474721126    -0.158378950     0.008985273
    -0.446534197    -1.497404725    28.922469084
    -0.145402609    -2.438539022     0.611716988
    -0.679603437    -1.663621066    32.523211675
     0.139585802    -1.876578748     2.627931730
    -0.789331599    -1.685491901    33.193152092
    -0.886668069    -1.419071173    28.229275505
    -1.027844694    -1.888174125    38.141877850
    -2.833399484    -2.287248195    -1.232122561
    -1.331322154    -2.022452522    42.728460033
    -0.472174853    -0.165816006     0.008985273
    -0.469512077    -0.173212150     0.008985273
    -0.299797365    -2.181931768    42.143399793
    -0.466653642    -0.180534678     0.007273685
     0.831083048    -2.555455114     1.056222515
     0.888738178    -2.411022740     1.448225396
    -0.643629044    -2.370167632    45.822029935
    -0.897913666    -2.107482482    41.112822087
    -0.463839676    -0.187874411     0.008985273
     0.433498810    -2.570380614     0.673678673
     1.506440314    -1.760506866     1.272753443
    -1.370745016    -2.186815058    45.465725176
    -0.460831450    -0.195136910     0.008985273
    -0.457631250    -0.202316659     0.007273685
    -0.454397089    -0.209479928     0.007276954
     0.234635555    -2.313833164    46.032091587
    -1.767168679    -1.915188872    -1.364416745
    -0.469872609    -2.382367944    45.042526182
    -0.451127899    -0.216628531     0.008990507
    -0.655891178    -2.402583046    -0.156701063
     1.708885975    -1.099230136     2.915680028
    -0.447669476    -0.223687758     0.008987932
    -0.444024723    -0.230652375     0.007275312
    -0.572704407    -2.076252640     0.268514016
    -0.440251339    -0.237546705     0.005100752
    -0.449866436    -2.104410169    -0.476070073
    -0.604562458    -2.015688078    -0.525754253
     2.104017862    -2.335603055     1.443060882
     1.407451641    -2.740472917     1.300681274
    -0.436560587    -0.244485675     0.007273685
    -0.694841027    -2.214893140     0.900536116
    -0.276413293    -1.765955691    32.302552160
    -0.432740517    -0.251355693     0.008985273
     0.953254269    -2.981437516    63.419038402
     0.387548816    -2.343146455    46.704125040
    -0.428665691    -0.258077734     0.007273690
    -0.424559101    -0.264779081     0.007273699
    -0.420419647    -0.271461526     0.008985275
     2.141279297    -1.729873879     1.610624051
     0.250927282    -2.498344979    48.632789601
    -0.416103849    -0.278031700     0.008985274
     0.132681871    -2.463915751    47.154820800
    -0.411685497    -0.284533346     0.008987948
     0.061817887    -2.538132061    48.144239287
     2.502908987    -1.540711609     2.828841999
     2.372585889    -1.414126681     2.627194253
     2.394253203    -1.271802258     3.905796371
     2.385566883    -1.092703935     4.492864960
     0.006481873    -2.667039969    50.346102404
    -0.108236645    -2.692577874    50.348675971
    -0.268777443    -2.810733225    52.270900982
    -0.642230855    -3.133624367    58.696161905
    -0.407165466    -0.290964703     0.008987985
     1.322663101    -2.384804059     1.639894496
    -0.402476621    -0.297272788     0.007276669
    -0.397825340    -0.303610269     0.008988408
     0.327405675    -2.562834064    49.121626703
    -0.302177332    -3.549483753    66.575981577
    -0.393007801    -0.309820882     0.008986686
     0.996065062    -2.982674302     0.487551989
    -0.388094829    -0.315953765     0.008992046
     3.306916257    -2.194755795     2.178868062
     2.705088943    -0.164987496     1.681374053
    -0.383090469    -0.322003594     0.008996906
     1.245773519    -1.074453704    -0.924885239
     1.221978910    -2.755054043    59.975694597
     1.129134641    -1.386999136    -0.484136934
    -0.378007332    -0.327957603     0.009019145
     0.949642835    -1.505875447     1.115187241
     0.864026232    -1.501097514    -0.652493735
    -0.372883936    -0.333775063     0.009069328
    -0.367836924    -0.339344735     0.009286234
     0.184991962    -3.428402323    64.683629379
     0.491413366    -1.754686172     3.833050867
     0.565599913    -1.785663493     4.474152603
     0.726381815    -1.952702223     5.345836665
    -0.360396457    -0.346874218     0.004888375
    -0.353189005    -0.354573239     0.009571150
    -0.060778887     0.724257863     3.412401318
     1.746871809    -2.426691724    60.777417717
     0.599904495    -2.126403494     2.798827754
    -0.346519666    -0.360949867     0.007369717
    -0.339911032    -0.367281677     0.008813152
     0.959963045    -1.413758743     1.174626788
     0.987289602    -1.813433688     1.795180479
     3.067923030    -1.343053760    72.505791605
    -0.333948672    -0.372724845     0.009015103
     2.438355424    -1.811707268    64.118453953
     2.141474656    -2.096973616    61.845163323
    -0.328009677    -0.377959748     0.008982882
     1.785123889    -2.517137984    61.681571264
    -0.321985651    -0.382990477     0.007235207
    -0.315958230    -0.388090572     0.008982392
    -0.309822314    -0.393006690     0.008986976
     2.773146667    -1.235583067    65.514683869
     2.081105488    -1.449712055     1.591736845
     0.105006235     0.891376549     1.236463578
     2.237923946    -1.282791937    55.327937986
     2.124364682    -1.385046435    53.770109270
     1.886543150    -1.231711497    47.955151015
     1.802504539    -1.229866052    46.188585740
     1.786971477    -1.131619327    45.022836482
    -0.303610589    -0.397824878     0.008984959
     2.752445425    -0.006723714     2.544339875
    -1.304287832     0.441134971    -2.743046788
     2.670743986    -2.022864542    68.760776925
     0.005805026     1.173262027     1.312201841
     0.660948900     0.045522470    20.947741340
    -0.297273975    -0.402475638     0.007274968
     1.664907826    -1.603851175     1.382959566
    -0.129538812     1.235995413    -0.183720647
    -1.313292173    -0.161271191    -0.201553825
    -0.203093325     1.683479704     2.290125098
     1.376345913     1.363474002     1.367533177
    -0.378315323     0.598220882    16.470256839
    -0.290964813    -0.407165541     0.008990470
     2.638331543    -0.812776827     6.060557880
    -0.131993310     0.724729930    20.749320350
    -0.232820228     0.848761454    23.026649676
    -0.269104965     1.006014953    26.435608249
    -0.284533430    -0.411685594     0.008990495
     0.847967736    -0.889862415    -0.211834530
    -0.278031777    -0.416103957     0.008987931
    -0.426797778     0.584664164    17.020818106
    -0.358278267     0.725717663    20.491067515
     0.077324743    -1.625456228     5.638617780
    -0.526110051     1.078126177    -2.632845794
    -0.320634831     1.165172401    -1.007932890
     0.157839496    -0.930117327     4.992152002
    -0.271461527    -0.420419646     0.008985272
    -0.264824443    -0.424631825     0.008987934
    -0.354893664     0.965672705    25.949943025
    -0.418040158     1.240220035    -1.749903303
    -0.258077780    -0.428665758     0.007275309
    -0.251355693    -0.432740517     0.008985273
    -0.970207695     0.659931273    23.235938845
    -0.115569351     1.353976456     1.785085122
    -0.215207114     1.398010281     0.509670257
     0.152615050    -1.143459658     2.753881632
    -0.244527492    -0.436635254     0.008985273
     2.601619338    -0.647122070     5.783175663
    -0.237638956    -0.440422259     0.008985273
    -0.950692516     0.845950643    26.673178276
    -0.230691787    -0.444100595     0.008985273
     2.403801480    -0.680606504     3.911007873
    -0.223649446    -0.447592802     0.007273685
     0.203094912     1.181948337     2.647316411
    -0.216628418    -0.451127663     0.008985273
    -0.209515688    -0.454474659     0.008985273
    -0.515967984     1.551380986    -2.574385158
     2.195725526    -1.230119480     9.027237877
     0.233899951     1.310096770     3.793093516
     0.676118183    -1.196621655    -1.659661967
    -0.944703041     0.934057332    28.466766933
    -0.940511875     1.063093408    31.088406746
    -0.934818330     1.364227828    37.086791384
    -0.202351263    -0.457709521     0.008985273
    -0.195136910    -0.460831450     0.008985273
    -0.187874411    -0.463839676     0.008985273
    -0.180565604    -0.466733580     0.008987932
    -0.173212150    -0.469512077     0.008985269
    -1.529442869     0.608920122    31.454831303
     2.184778918    -1.194928098     2.490381775
     1.328658284    -0.484870783     2.898435580
    -1.929573590     0.385137408    -1.947481111
     1.387489732    -0.798412995     4.688242846
    -0.198936366     1.951363045     4.998700260
    -1.427887523     0.865100185    33.732506815
    -0.165816006    -0.472174853     0.008985273
     1.519403369    -1.069949623     1.117269486
    -1.451171198     1.278779648    -3.229731292
    -1.691462808     1.648729537    -1.546280695
    -1.296048134     0.958729527    33.659676603
     2.163999095     0.141582455     1.068024961
     2.007372672    -0.360224948     3.909486459
    -0.158351866    -0.474639946     0.007273685
     1.863243471    -0.614645488     2.778895637
     1.847685712    -0.587412447     3.949004524
     1.775785970    -0.753891110     2.916036824
     1.641698590    -0.831605493     4.668492283
     1.555126657    -0.815644624     0.685054747
    -0.150877034    -0.477068751     0.007275312
     1.212982721    -0.390143971     1.151634003
     1.386027349    -1.109709877    -0.211665057
    -1.077126611     1.136118533    34.582383520
    -0.143389486    -0.479461811     0.008987932
     1.154677243    -0.400708373     2.664992434
     1.111287691    -0.728909624     0.401154707
    -1.452791363     0.363364021    27.937004822
    -1.089119366     0.463889895    23.382618617
    -0.135840702    -0.481654797     0.008985269
    -0.128258473    -0.483729198     0.008987932
    -0.979671497     0.529862006    23.070857541
    -1.054943500     0.642556938    26.165838676
    -0.120644593    -0.485684243     0.008990507
     0.954919309    -0.136447433     1.288147383
     0.904651359    -0.237533508     0.625293752
     0.804464967    -0.477300856     0.399843767
    -0.113000884    -0.487519203     0.008987934
     0.956511699    -0.785788229     0.352205306
    -1.067457774     0.730216648    28.002887916
    -1.274323837     0.900724188    33.648800083
    -1.833916194    -1.150257159    -1.297171841
    -1.108038944     0.982344363    33.253074008
    -1.089107410     1.361699913    40.176783625
    -0.105329296    -0.489233869     0.008985273
     0.499428347     0.435407773     1.031751704
    -0.097631750    -0.490827954     0.008985273
     0.656273183    -0.057538176    -0.726391024
    -1.377336806    -1.369892956    -1.319439751
     0.679737788    -0.224487968     1.224245104
    -0.089910115    -0.492300935     0.008985273
    -0.082152259    -0.493568110     0.007275311
    -2.021516283     0.075200691    37.949387017
    -0.074402224    -0.494882291     0.008987930
    -2.006093584     0.460428276    40.672005373
    -0.066608373    -0.495905029     0.007275311
    -1.900398547     0.618532366    40.525387939
    -0.058810808    -0.496890008     0.007273682
    -2.092816508     0.768688855    45.674113834
    -2.005459807     0.835132849    45.109672242
    -1.943154954     0.968337956    45.900042645
    -1.975037088     1.196021706    49.593622341
    -1.929647776     1.661264946    55.985980912
    -0.051007466    -0.497837602     0.008985269
    -2.203584225     1.163067990    53.137227505
    -0.043174096    -0.498492115     0.007273682
    -0.035331121    -0.499000388     0.005100686
    -0.027488803    -0.499493786     0.005100698
    -0.019643973    -0.499972505     0.007273682
    -2.332751736     0.561085012    49.322190442
    -0.011790339    -0.500304934     0.008985269
    -0.003929764    -0.500342831     0.007273684
     0.003929765    -0.500342831     0.007273684
     0.011790339    -0.500304934     0.008985265
     0.019647333    -0.500058018     0.008985266
     0.027494783    -0.499602274     0.007273758
     0.035338809    -0.499108775     0.007273878
    -2.242240241    -0.545153834    43.558161824
     0.043181482    -0.498577377     0.008985305
     0.051007471    -0.497837605     0.008985353
    -0.218585591    -1.854160782     1.495125097
     0.058810913    -0.496890105     0.007275847
     0.066608553    -0.495905221     0.007279596
    -2.245039016    -1.191685390    46.351208137
    -2.180985646    -0.272035290    43.109781771
     0.074402259    -0.494882335     0.008988910
     0.082152651    -0.493568705     0.007288331
     0.089895215    -0.492217648     0.007293087
     0.097631826    -0.490828145     0.008989305
    -1.924425565    -1.255190087    41.227615240
     0.105311675    -0.489151616     0.007302878
    -1.941668341    -0.445537149    38.610080471
     0.112959288    -0.487343966     0.005385874
     0.120623982    -0.485602285     0.007300330
     0.128258465    -0.483729345     0.008990743
    -1.528691938    -0.950376594    32.039313513
     0.135840723    -0.481655018     0.008989655
     0.143364851    -0.479380193     0.007282861
     0.150876940    -0.477068916     0.007277887
     0.158378946    -0.474721138     0.008985476
     0.165816006    -0.472174859     0.008985387
     0.173182602    -0.469431861     0.007275576
     0.180498762    -0.466554925     0.005173164
     0.187806478    -0.463663509     0.005209587
    -1.365400087    -0.970775455    29.409712271
     0.195068023    -0.460658432     0.005261596
     0.202281318    -0.457540372     0.005325533
     0.209444166    -0.454309797     0.005392035
    -1.465414870    -1.598941929    37.979477616
    -1.579500591    -0.999715170    34.530089305
     0.216554414    -0.450966922     0.005446581
     0.223610193    -0.447511827     0.005474052
     0.230610078    -0.443944734     0.005465685
    -1.026758444    -1.443616455    29.529125840
    -1.162885745    -0.899173609    26.246415205
     0.237553061    -0.440266259     0.005423728
     0.244438392    -0.436477401     0.005360028
     0.251265534    -0.432579199     0.005289715
     0.258034492    -0.428572150     0.005224857
     0.264746713    -0.424455436     0.005171933
     0.271406848    -0.420225712     0.005133756
     0.278026161    -0.415874785     0.005115135
     0.284629328    -0.411384766     0.005134009
     0.291268642    -0.406717827     0.005248507
     0.298009121    -0.401844279     0.005890669
     0.305165515    -0.396640153     0.009168732
     0.314728976    -0.390762225     0.035174519
     0.324473067    -0.383660807     0.049599053
     0.332987157    -0.373747601     0.011490962
     0.339298381    -0.367824669     0.008478000
     0.345360910    -0.362187903     0.009189237
     0.351087843    -0.356639786     0.009196505
     0.356752808    -0.351022523     0.009891479
     0.362338918    -0.345649318     0.015355650
     0.367438593    -0.339819718     0.009875138
     0.372786122    -0.333888068     0.009119061
     0.378075665    -0.327880324     0.009039178
     0.383467015    -0.321632572     0.009998609
     0.389322926    -0.315012437     0.016244413
    -0.069328030    -1.665590191     3.684819961
     0.397658669    -0.303772998     0.008315136
     0.579059078    -1.145867980    15.864152744
     0.501134517    -1.060744401    13.747031481
     0.455316038    -1.001532283    12.368032492
     0.463445101    -0.937028799    11.227315239
    -0.030008863    -1.643060897     2.550174225
     0.414171378    -0.979239919    11.768404158
     1.307054178    -1.600900215     0.742249994
     1.454403366    -1.573832013     1.417789688
     0.402423469    -0.297343218     0.007258774
     0.246344395    -1.069220952    13.338011522
     0.275685393    -1.025643701    12.533496050
     0.337419174    -0.949108303    11.142507953
     0.407778774    -0.866347143     9.773914015
     0.284450361    -0.971928584    11.670531111
     0.343173481    -0.892938665    10.227859087
     0.376294094    -0.840389704     9.342960970
     0.413258228    -0.796703519     8.713666241
     0.419459643    -0.716996299     7.252474648
     0.356450969    -0.843513337     9.574436788
     0.407160146    -0.290971237     0.008977388
     1.874907135    -0.829985055     2.897363575
     0.411701084    -0.284509936     0.008978223
     0.372898802    -0.903947912    11.073375456
     2.451241590    -1.433828971    15.455376527
     0.442765440    -0.795130986     9.224540043
     0.423459985    -0.802502100     9.347364793
     0.416167280    -0.277938976     0.009010302
     0.492987914    -0.671951622     7.376100210
     0.509011545    -0.616883401     6.554459143
     0.420615334    -0.271032658     0.007629162
     0.518792986    -0.629457402     6.974838633
     0.425685333    -0.264350594     0.021887863
     0.505485729    -0.603937632     6.512775691
    -0.611357627    -1.077106833    17.836505138
     0.430573993    -0.257554812     0.034658509
     0.558455761    -0.531935810     5.898281447
     0.594880637    -0.441304674     5.018156827
     0.624677976    -0.351399800     4.375085800
     0.654777927    -0.262644075     4.106565438
     0.677658658    -0.185635905     4.116549824
     0.650086631    -0.246907595     3.900949783
     0.659354907    -0.246753765     4.071520867
     0.758350601    -0.066799156     5.489995783
     0.831832528    -0.117836820     6.930765115
     0.773405816    -0.251012215     0.515744140
     0.528553455    -1.914891312     3.767269624
     1.184316508    -1.890108837     2.224920505
     0.982870615    -1.969972408     1.627511660
    -0.225321555    -2.203214371     1.075336337
     1.098440813    -1.862067690     2.521731785
     0.924140015    -1.793992643     1.679560077
     0.388424872    -1.778407578     3.913217416
     0.230324759    -0.972143756     7.495178921
    -0.496859235    -0.986875410    11.690623490
     0.857491207    -1.214869796     0.052126261
     1.528320517    -1.528435467     0.984378893
     1.323573958    -1.444259900     0.801109805
     1.674273033    -1.331242105     0.729200813
     1.553308748    -1.357415863     0.798919522
    -0.322159082    -1.166115500    14.391370128
    -0.318624532    -1.494256150     2.778568917
     0.437730690    -0.246087452     0.043372242
     0.440374881    -0.237882259     0.010464281
     0.662651562    -0.313151231     0.996477389
     0.445103508    -0.231112105     0.030660664
     0.556094388     0.293323445     5.321320098
     0.397563081    -0.616666807     3.477821694
     0.586972710    -0.424782557     0.124290298
     0.447969687    -0.223013765     0.008355478
     0.626264903     0.265696240     0.541102829
     0.451856509    -0.216418678     0.020320048
     0.839866284     0.255918108    -1.096741186
     0.457726617    -0.202322621     0.009066401
     1.290263743     0.451050555    -0.975534878
     1.107530194     0.353353052     0.143366285
     0.315015076    -1.335022091     1.738725313
    11.764670042     0.529307716     1.007284828
     0.717629186    -1.620812471     1.186540148
     1.184320318    -1.587780551     1.078621063
     0.792405115    -1.677553827     1.107598614
     0.400730296    -1.582166637     3.107794196
     1.245336075    -1.714514177     1.563343575
     0.986893390    -1.660802523     1.478298513
     0.527377601     0.059924112    -1.027494737
     0.644840345     0.356159718     7.504699046
     0.466734076     0.313145766    -0.539757704
     0.650544842     0.315217199     0.294761035
     0.817540695     0.584215690     3.430882769
     0.778479342     0.483899856    -0.417629991
     0.695435795     0.498291769    10.619872392
     0.787426061     0.647869642     1.879763238
     0.517423827     0.363188760     0.205154366
     0.485266699     0.466441745    -3.270570042
     0.988449209     0.651991103     1.233224286
     0.852582647     0.660544855     1.534727995
     0.931374300     0.481194565     0.899443093
     0.845090809     1.081335301     2.943682700
     0.734361471     0.912015278     2.944792336
    -0.826683158     0.324551507    -2.656075495
     0.932306802     1.230515064     4.497916953
    -0.605328079    -0.975641821    14.499893300
    -0.354623329    -0.955062819     5.863639518
    -0.303444095    -0.987238982     4.181440759
    -0.277625412    -1.080381827     3.917350918
    -0.167262059    -1.215945282     3.598945824
    -0.271471927    -1.178158995     4.396034282
    -0.157401921    -1.440099550     3.658997617
    -0.309208611    -1.357317391     3.171585074
     0.700614108     0.506999790    10.722193760
     0.460837132    -0.195128647     0.009025466
     0.262448689    -1.405895770     2.594931387
    -0.092483646    -1.376155007     5.029198790
    -0.001006782    -1.455764727     6.146377406
     0.226065893    -1.581092374     4.561055683
     0.229825614    -1.595987513     3.066289585
     0.071163055    -1.719950108     3.699367066
     0.751694610     0.771632713    16.226215772
     0.719901762    -1.382734665     0.322748622
     0.867500489    -1.883849077     5.230725662
     1.065054829    -1.603101582     4.989658753
     0.740308905     0.770261440    15.972326028
     0.732189670     0.838315932    17.139226788
     0.704700418     0.802757125    16.085288888
     0.692718985     0.800399614    15.818755710
     0.665352988     0.710908343    13.668271500
     0.656035811     0.741991850    14.106035803
     0.652522012     1.073969064    20.693541869
     0.641437136     1.152011084    22.131710750
     0.615476662     1.219701151    23.313317349
     0.578775126     0.986380394    18.150462237
     0.575617496     1.395477523    26.593131259
     0.543054298     1.378537594    26.037700361
     0.463841055    -0.187871975     0.008992541
     0.466733637    -0.180565365     0.008987254
     0.469511126    -0.173213768     0.008978633
     0.472171294    -0.165822018     0.008957959
     0.474707887    -0.158398032     0.008854888
     0.477102725    -0.150959197     0.008418855
     0.479156753    -0.143548796     0.004057804
     0.481158581    -0.135991570     0.000255728
     0.485497457    -0.120328542     0.003843864
     0.487484333    -0.112869581     0.007716152
     0.489228309    -0.105285453     0.008692067
     0.490827222    -0.097618084     0.008917598
     0.492301007    -0.089906023     0.008971992
     0.493652414    -0.082165128     0.008980779
     0.494882001    -0.074402030     0.008981616
     0.495989277    -0.066620128     0.008976568
     0.496973688    -0.058821915     0.008961796
     0.497834529    -0.051009592     0.008928463
     0.498571175    -0.043185346     0.008868394
     0.499183262    -0.035352486     0.008779222
     0.499668368    -0.027518460     0.008619681
     0.500010273    -0.019694718     0.008068408
     0.500170821    -0.011846556     0.006330370
     0.500285903    -0.003874130     0.006126542
     9.512230585    -1.485195248     1.254532313
     9.652691153    -1.875115052     1.308813263
     9.476586331    -2.035330821     1.203595608
     9.429911269    -2.075228538     1.118076387
    10.127246165    -0.335772527     0.996159162
     9.612329120    -2.069580407     1.232654482
     9.643177833    -1.974894591     1.262942433
    11.618581742    -0.067145306     0.982863404
    10.980496452     0.722085574     1.006150731
     8.962895138    -1.778240745     1.182505483
    10.884065993     0.865100856     1.022422934
     9.584491436    -1.669073074     1.291891124
     9.378359049    -2.166348337     1.118833400
     9.502967480    -1.573471381     1.281885576
    10.930277750     0.703651506     0.991365262
    10.467720909     0.184389158     1.000261226
     9.876617414    -1.742689051     1.173138395
    11.642703562    -0.123776878     1.008876729
     9.455778883    -1.515071962     1.310005448
    11.630178174    -0.254343006     1.041218252
    11.730019886     0.077297114     0.976202049
     9.734099696    -2.028055261     1.270551852
     9.200858831    -1.533881367     1.223954990
     9.710551998    -1.912396321     1.285111250
     9.849022694    -1.817547750     1.233690540
    10.768963568    -0.569678386     1.007487308
     9.145729850    -1.795338760     1.133019182
     9.647275579    -2.055734190     1.231933893
     9.252241510    -1.959923440     1.148285765
    11.741151366    -0.235554508     1.038008663
     9.808987784    -1.779346789     1.271011171
     9.655798492    -2.101662711     1.233811966
     9.621978168    -2.041342325     1.224993849
     9.291140375    -1.885228477     1.223551562
     9.284843043    -1.401730736     1.152761388
     9.332390269    -1.454550905     1.233531030
     9.682042631    -1.865223065     1.313250150
     9.750591153    -1.942712395     1.252171694
    11.396373776    -0.788716685     1.078989145
    11.619039725    -0.850575298     1.111447062
    11.584588798    -0.807762213     1.084339227
     9.397077430    -1.395171915     1.138665870
     9.376165632    -1.547885339     1.283058733
     9.446174758    -2.112671869     1.079549683
     9.411576343    -2.129080294     1.051068625
     9.841764135    -1.857911539     1.251416505
    11.660462397    -0.498610058     1.051559665
    11.834412542    -0.290317073     1.045812259
     9.578206566    -1.824842218     1.337930216
     9.591733595    -1.879018663     1.295765036
     9.693053747    -1.846388885     1.293305406
     9.378872339    -0.628222416     0.998841039
     9.260227250    -2.102724809     1.062509223
     9.469719223    -0.661908956     0.994824084
    11.553200054    -0.505285272     1.025688094
    11.688403340    -0.018050597     0.988451370
     9.454950979    -0.702881686     1.010347108
     9.438318735    -0.783062152     1.060566655
    11.332152580    -0.480679161     1.033249683
    10.656745166    -0.293175953     1.024832380
     9.485199878    -0.472665311     1.014520909
    11.758383889    -0.174500175     1.004084068
    11.282948248    -0.545243453     1.061019705
    11.576652746    -0.873996236     1.108616674
    11.506322823    -0.535621111     1.045701345
    11.655823622    -0.820370871     1.095870946
     8.931973132    -1.831021790     1.115947250
     9.310431146    -1.712080173     1.351901772
    11.585349170    -0.642752909     1.069699497
     9.495136662    -1.398183432     1.122854300
    10.416477427    -0.742833696     1.157217054
    10.986800583    -0.605158551     1.032485271
    10.921447407    -0.618023142     1.050859454
    10.987738120    -0.668528365     1.097380941
     9.529483363    -1.658618805     1.337285017
     9.408867618    -2.015256764     1.158575602
    10.518700461    -0.632717194     1.021581630
    10.569629206    -0.761385828     1.153612557
     9.509728671    -1.642402437     1.341324153
     9.050134665    -1.754472165     1.140283366
     9.581392912    -1.705138465     1.351078888
     9.690201007    -1.628337650     1.236374143
    10.232688620    -0.536978186     1.023875031
    11.026371237    -0.652706196     1.075537217
     9.602314703    -2.083457820     1.228702713
    10.455008887    -0.795218282     1.169469377
    10.371285115    -0.562020402     0.998355617
    10.515688653    -0.717008282     1.110839686
    10.636988826    -0.713867602     1.076715703
     9.795970172    -1.742223394     1.207858715
    10.139029947    -0.833381402     1.082417047
     9.239095250    -1.355837621     1.132696995
    11.392450213    -0.955266925     1.142474680
     9.619439453    -1.963006862     1.268296010
    10.249079159    -0.428938376     0.957466580
     9.603851579    -1.879268747     1.296703263
     9.380636892    -1.749937284     1.378433341
     9.434202545    -1.197371983     0.978411306
    10.423898636    -0.695378428     1.097584085
    10.530937897    -0.556604861     0.972704434
    10.467773626    -0.640396212     1.046885353
     9.467890478    -0.920129199     1.089154634
     9.672177509    -0.744317215     1.023781982
    10.572244887    -0.696965580     1.058138625
    10.323148572    -0.584989092     1.033531153
    10.898158449    -0.707942111     1.049190514
    10.460168661    -0.476338681     0.942638427
     9.752778121    -1.709810658     1.209502176
     9.573665471    -0.735603234     1.031668080
    10.207627818    -0.886041834     1.074158202
     8.975562508    -1.880257955     1.118593638
     9.026551222    -1.920682565     1.165041526
     9.400562399    -1.017872209     1.040966808
     9.787215242    -0.726027075     1.033816098
     9.420179065    -2.152309967     1.118195555
     9.461206304    -1.769142122     1.359846131
     9.280686737    -1.599666403     1.292482505
     9.538277988    -1.195827640     0.940163461
    10.315471312    -0.332636917     0.952089617
    10.310206015    -0.658910549     1.097019210
     9.232869996    -2.017436511     1.109458841
    10.368661695    -0.698637831     1.112760514
     9.836399495    -1.729756336     1.159804066
    10.336647486    -0.485407556     0.951843981
    10.621218419    -0.791478792     1.141142896
     9.095820463    -1.791956431     1.135824533
     9.817128209    -1.613428323     1.124421146
     9.648798110    -1.482406264     1.089401865
     9.375250436    -1.858930278     1.242186177
     9.752478593    -1.544660186     1.125530956
     9.575609915    -0.887881741     1.012743321
    10.358798125    -0.789901218     1.158967283
    10.497431967    -0.219834105     0.982093230
     9.598951347    -1.317897912     0.978718049
     9.463487212    -1.468789683     1.218772779
     9.563019454    -1.470794109     1.153913801
    10.453261116    -0.594089283     0.982878857
     9.834670153    -1.481952120     1.043583533
     9.526831854    -0.944445774     1.054471774
     9.516330648    -1.287841063     0.999087676
     9.785219632    -1.567618360     1.061692538
     9.735632031    -1.473390137     1.049698585
     9.605978279    -0.838876063     1.063847099
    10.708377236    -0.494521740     0.974162868
     9.813541150    -1.485893974     1.054103319
    10.174653606    -0.905383247     1.096045609
     9.449601547    -1.385815528     1.129977331
     9.519024982    -1.345121881     1.062252890
     9.251159892    -1.315752112     1.115328708
     9.594379117    -0.940032588     1.023180492
     9.804050160    -1.866137177     1.239887623
     9.169345478    -1.543655002     1.226505743
     9.603928477    -0.983365774     1.032823520
     9.229746908    -1.809304959     1.176801995
     9.432535879    -1.496406504     1.273193206
     9.725173138    -0.861160720     1.062849451
     9.481207106    -0.960428594     1.051361184
     9.850730779    -1.870541958     1.230035291
     9.770329527    -1.594343767     1.096471391
     9.704356254    -1.366699194     0.978044830
     9.604882691    -1.444947752     1.090656249
     9.512116478    -1.395262593     1.112502386
     9.431315321    -1.320998198     1.066214725
     9.063665313    -1.860395173     1.135042976
     9.502904348    -1.457694850     1.182830553
     9.460136684    -1.291742609     1.013069977
     9.684741266    -1.431459345     1.041649729
     9.379336748    -1.326793267     1.094273405
     9.162272312    -1.763007042     1.123870861
    10.382561367    -0.294969604     0.957064814
     9.496146381    -1.613034102     1.323688929
    10.252362900    -0.482449163     0.969779360
     9.459510780    -1.344592381     1.077652588
     9.622980622    -1.385025613     1.040604863
     9.676623139    -1.620205619     1.226811707
     9.705268880    -0.805551109     1.046293001
     9.552398749    -1.255605581     0.961280424
     9.744888520    -1.789713592     1.272327077
     9.759342913    -1.977501253     1.271875837
     9.820574741    -1.910560134     1.249816003
     9.369513379    -1.289245042     1.037500270
     9.500826300    -1.236998991     0.958313676
     9.309382093    -1.428209165     1.192744118
     9.438674044    -1.433776023     1.185606789
     9.362092828    -2.109182824     1.055873945
     9.714850141    -1.843549928     1.292897211
     9.464031485    -2.111179323     1.115042827
     9.660084504    -1.794831156     1.310470518
     9.568915661    -1.331245508     1.007431697
     9.380844342    -1.421146144     1.193584863
     9.743223867    -1.961670048     1.259183456
     9.573794503    -1.362046145     1.074145759
     9.355476656    -2.045607792     1.143968202
    11.386432093    -0.981899623     1.147615639
     9.728355741    -1.618632886     1.169442073
     9.558581264    -1.537190764     1.223691075
     9.342050861    -1.565880516     1.280003719
     9.610720877    -1.634153432     1.275182749
     9.259594587    -1.888884185     1.185047872
     9.759882888    -2.031344164     1.268709410
     9.639137188    -1.319196997     0.973186169
     9.702107564    -1.502478835     1.119053157
     9.410923395    -1.253946145     0.993412239
    11.500690764    -0.427194505     1.026458239
     9.616824517    -1.534551585     1.194851033
     9.553178339    -1.590931870     1.289741372
     9.399942106    -1.353241587     1.121876993
     9.581816633    -1.250887611     0.951245872
     9.784828229    -1.621561149     1.187498542
    11.814484612     0.111374607     0.987653397
     9.462331172    -0.981348440     1.042542751
     9.757737839    -1.579008668     1.091486998
    10.667109257    -0.333622957     0.973932139
     9.406578622    -0.792034061     1.068254052
     9.517363903    -1.430849338     1.112579869
     9.461288752    -2.034894570     1.187333556
     9.884947234    -1.829805175     1.220842214
     9.540762025    -1.515455503     1.228668004
     9.487971372    -1.422143788     1.127444624
     9.653509177    -1.462313407     1.068927397
     9.235785896    -2.060782422     1.040302012
     9.585683553    -1.239352482     0.930077043
     9.607656114    -1.762403392     1.358874347
     9.632433003    -1.596211014     1.241325054
     9.472695787    -1.636339812     1.349296638
     9.644435889    -1.522839089     1.161399573
    10.770328085    -0.315817661     1.006031545
     9.726069030    -1.397468598     1.020064010
     9.661280521    -1.602883855     1.223966658
     9.478244612    -1.040698289     1.023296968
     9.625774870    -1.760714824     1.337201877
     8.920798440    -1.899310686     1.144111360
     9.799796887    -1.915338662     1.269095784
     9.407551074    -1.292868055     1.033139267
     9.463843871    -1.495999731     1.281315294
     9.853606586    -0.772841047     1.048389428
     9.784306436    -1.855980910     1.238751154
     9.034929859    -1.796081502     1.146571602
     9.100800875    -1.519832697     1.195074618
     9.372685988    -2.067812685     1.127935695
     9.732669141    -1.660169983     1.231969278
     9.642397330    -1.675200269     1.274021944
     9.403321983    -1.809425170     1.403683144
     9.278777738    -1.758359643     1.304349903
    10.627343075    -0.747542697     1.139691501
     9.670988383    -1.517607827     1.159566631
     9.422544783    -1.448828110     1.222887945
     9.696448172    -1.784137191     1.274300759
     9.350102164    -1.365852772     1.131898849
     9.671159069    -0.888145096     1.052743326
     9.402831223    -1.174323797     1.000611483
     9.635516270    -1.716339243     1.320249778
     9.418956550    -2.115029532     1.069378496
     9.562854355    -1.214526501     0.950275721
     9.538976074    -0.989907681     1.059612670
     9.734891534    -2.044369862     1.251604094
     9.711694560    -0.761938100     1.027112883
     9.668596110    -1.576258822     1.202314868
     9.574251610    -1.562147530     1.237571208
    10.104200359    -0.850867518     1.083842825
     9.620693644    -2.120409341     1.219700677
     9.734090756    -1.851872966     1.298004516
     9.340890492    -1.999386188     1.167269595
    11.520551710    -0.925894460     1.103217463
     9.372522285    -1.482258034     1.258407585
     9.371751311    -0.644239746     1.032024579
    10.543285081    -0.219659668     0.988737188
     9.124294864    -1.491734698     1.186374812
    10.918304634    -0.700687485     1.062898923
     9.514185310    -1.699744646     1.347025716
     9.402257377    -0.625077028     1.003265264
     8.997060274    -1.794659242     1.161971779
    10.199863829    -0.837871692     1.078607311
     9.222232401    -1.774764793     1.198341220
     9.404130559    -1.692163434     1.321771054
     9.399083245    -1.509969630     1.288502577
    11.273215842    -0.678819693     1.071473787
     9.342000531    -1.767361746     1.353586523
     9.742023014    -1.879836268     1.278351559
    10.311786802    -0.884297511     1.118658955
     9.292927010    -2.062372612     1.057163947
     9.314075939    -1.929432342     1.180012739
    10.716684862    -0.367960285     0.972010627
     9.489308959    -1.895321572     1.270646503
     9.151835645    -1.731193431     1.161821709
     9.383777082    -1.826836753     1.334086469
     9.292038942    -1.990720034     1.146201196
     9.475916027    -1.550958422     1.292594337
     9.573803831    -0.854894913     1.035052944
    10.262482846    -0.725258803     1.121081743
    10.310147930    -0.854642928     1.166211242
     9.274982478    -1.235571719     1.083446779
     9.418106732    -0.606794795     1.044441987
     9.580644301    -2.138683186     1.193405680
     9.418547314    -0.653192244     0.992602413
    10.314611264    -0.257855697     0.964604164
     9.317184452    -1.120160645     1.056318828
     9.407404961    -0.675896096     1.011860890
     9.464435415    -0.717106954     1.020338381
     9.339045441    -2.078673073     1.077694687
     8.964520983    -1.819856002     1.136083339
     9.162952018    -1.699330858     1.271470106
     9.503099128    -0.497439007     0.995615403
     9.415189149    -1.913025769     1.245198621
     9.427695589    -0.482788437     1.018890430
     9.435082851    -0.741318655     1.038507258
     8.990393779    -1.750975145     1.177640820
     9.479827889    -1.867805237     1.347900131
     8.930651811    -1.950287962     1.155933879
     9.385883996    -0.970353246     1.045690370
     9.185972919    -1.706163457     1.287002524
     9.329028522    -2.105964397     1.010621348
     9.417608697    -1.652618904     1.349191678
     9.443643938    -2.042893500     1.131984505
     9.236111475    -1.740450391     1.290178166
     9.439384762    -1.952760130     1.182834844
     9.301423707    -1.814627227     1.249694394
     9.381580583    -1.913480171     1.197631037
     9.060283871    -1.709481491     1.179439563
     9.363425722    -2.015622608     1.167346692
     9.322365400    -1.843352772     1.214008869
     9.272465787    -2.043160301     1.076825325
     9.463884244    -0.944273674     1.066017135
     9.524915556    -1.597409608     1.305874328
     9.506188622    -0.641890520     0.996845170
