    10.795766332     0.749574335     1.004338360
     9.918807075    -1.549388575     1.114744608
     9.396128374    -1.999313374     1.091278113
     8.997714188    -1.290076339     1.161471996
     9.540388548    -1.826806716     1.258203915
    10.416994397     0.248381998     0.995551941
     9.495324045    -0.932939595     1.078433538
    10.327450770     0.480237200     1.004728538
     9.791250407    -0.116929325     1.029338006
     9.445751442    -1.803396793     1.268811127
    10.357839006     0.193272903     1.002177217
    10.215516151    -0.036040344     1.011194211
     9.894224569    -2.056643747     1.253013365
     9.658551580    -0.686821623     1.044713819
     9.607103394    -0.504544191     1.037198972
     9.021487477    -1.249199765     1.154414560
     9.838213675    -1.908243000     1.304032622
     9.118225005    -1.749473653     1.207708280
    10.026324282    -0.090111291     1.023369480
     1.504339108    -0.263914145     2.202964737
     9.410776519    -2.073706034     1.128970479
     9.641511961    -0.757797279     1.093555112
     8.974134524    -1.218351766     1.161437719
     9.106701267    -1.294096615     1.170026227
     9.193975902    -1.318921428     1.178154275
     9.224289915    -1.418186680     1.194067464
     9.563334223    -1.608708340     1.364985511
     9.499883796    -1.688237214     1.373931997
     9.429825058    -1.532959891     1.280002676
     8.969740433    -1.150205132     1.151900857
     9.004260506    -1.236656523     1.157675289
     9.203086371    -1.377203308     1.189451047
     8.000889267    -1.082940703     1.194041154
     8.318109147    -1.064377073     1.174407759
     8.961658926    -1.117272580     1.159118802
     1.623269399    -1.072363240     1.779299419
     0.235021660    -1.361434357     2.442601615
     4.970947899    -0.434665746     1.575947568
     0.551453785     0.227010837    -4.405890644
     0.509685899     1.838997539     2.414594955
     1.963508105    -1.013628478     3.574537822
     3.168652496     0.290000169     0.982754222
     1.212369457     1.044477992    -0.983381672
     1.110329371    -1.642574871     4.153560810
     0.500429126     0.003930187     0.008999592
     1.256824126    -2.010753731     4.442753361
     0.607868039     2.119149250     2.075860095
     1.351051931    -1.698159936     2.904691774
     0.087798416    -1.295444684     5.354799885
     0.500305354     0.011790135     0.008993569
     0.500058230     0.019647201     0.008989402
     0.713275101     0.078893353    -2.560785534
     0.499687816     0.027499408     0.008987092
     0.499194172     0.035344807     0.008986011
     1.780495516    -1.579786064     2.660716534
    -0.075694528    -1.693681402     8.521827844
     0.836705347    -0.345682463    -1.029037563
     0.717886695     0.266139862    -4.855284216
     0.806528733     0.303509808    -7.618580357
     0.744530549    -0.518502336    -0.720600215
     2.752177969    -0.414661037     5.074521476
     0.559852571     0.593768819    -1.167541177
     1.878736358    -1.601685156     3.537103485
     1.561496482    -1.274146569     3.336032591
     0.498577391     0.043181467     0.008985569
     0.497837611     0.051007464     0.008985443
     0.876397412    -1.230756934     2.464991886
     0.496975005     0.058820873     0.008985494
     3.114345653    -0.970532775     4.682745998
     0.342818863    -2.099552604    41.011853478
     1.146376866    -1.430515482     3.526400396
     0.607578457     0.907752928    -2.558482034
     0.864922681     0.060305432    -2.774721739
     1.239067072    -1.478790221     2.670721975
     2.437018242    -0.613344055     6.344066578
     2.097285486    -1.078011173     4.528961365
     0.405980242    -1.420206041     4.936532541
     0.495989785     0.066619770     0.008985691
     0.406918495    -0.362901929    -3.826547520
     0.564527402     1.086854396    -0.192966626
     2.268874942     0.589762309    -0.996854867
     0.755455965     0.879107663    -2.606300358
     0.755625937    -1.073231455     1.388194076
     1.530896239    -2.117176694     3.218292945
     1.139503697     0.635880164    -6.570024681
     0.765991004     1.264534445     1.416989156
     1.300757176    -0.890365568     2.395678047
     3.493659089    -0.009061640     1.160351284
     0.713355039     1.748822026     1.365226685
     0.442408122     0.969712348    -2.518281030
     1.175527602     1.405780735     0.185045394
     3.328749053    -1.078641788     4.375626400
     0.494882197     0.074402235     0.008986117
     0.913464185    -1.337955027     3.114355201
     0.708353599     1.238894474     1.950680086
     0.376085470    -2.198801890    43.160136799
     1.045271200     1.606322673    -0.696979289
     0.493652650     0.082166369     0.008989502
    -0.008717702    -1.694269311     9.648642801
     1.279694356    -0.840015416     2.115140316
     3.122682486    -0.893054106     4.645002587
     4.075300423    -0.795707563     2.518153621
     0.390304561    -1.748357228    34.032347169
     0.714400471    -1.064338735     3.514441958
     0.578157846     0.723753693    -3.395307864
     0.492301056     0.089910192     0.008987929
     0.407433830    -1.633478740    31.785519683
     0.477373048     1.560583179     5.972205946
     1.577449754     1.323283940    -0.497699140
     0.427097781    -1.602564604    31.282023657
     0.675381317     1.448369545     4.004425061
     1.731623685    -1.225030593     3.592603433
     1.238810252     0.002306034    -0.677333263
     0.590184016     0.643359225    -1.317231801
     2.963515729     0.096946845     1.572457389
     3.063470936     0.543399243     1.672515385
     0.490828143     0.097631853     0.008989379
     2.044073545    -0.777449147     5.807725925
     0.459348361    -1.686308858    33.167569964
     3.526875746    -0.459590060     2.775175447
     1.693830435    -0.763374600     3.386781063
     1.265807728    -1.870724031     4.929515432
     0.389769650    -0.724336910     0.617236338
     0.377730527    -0.682208473    11.665496498
     1.397983094    -0.805383154     2.314923809
     3.024199720    -1.864397836     3.876203982
     2.869696371     0.201329570     1.345252960
     0.365913508    -0.583633710     9.494046610
     0.933823442     1.490502345    -1.349746748
     0.702283170    -1.177856623     2.458003229
     3.595083318    -0.684097003     3.355297168
     1.253428080    -0.544232440     0.917384324
     0.489152111     0.105312085     0.007314295
     0.609140688     0.545431520    -2.530644792
     0.397580867     0.438198249    -3.594677872
     2.056916019    -1.605211554     4.971631176
     0.718750957     1.135796128    -0.744206461
     1.660501471    -0.592262264     1.584593920
     0.847259351    -1.126470908     1.996277481
     1.676149651    -1.472954756     3.171862999
     2.463447774    -0.395879833     4.842373537
     3.552022204    -0.242116310     2.515767959
     0.511717532    -1.542350890    30.796056720
     0.806907734    -1.153139043     6.329770135
     0.452599057    -1.079274146    21.104348662
     1.414107763    -1.052918609     3.480607657
     1.582889125    -0.882401604     3.413943749
     3.808202114    -0.716345864     2.856158789
     0.487519406     0.113000972     0.008992288
     0.446140250     0.276884499    -5.262436290
     1.062604744    -1.187205545     2.760259213
     0.616096272    -1.826678994     5.797026249
     3.656076514    -0.121702674     1.935715868
     0.701528632    -0.876629183    -0.135642189
     0.671080365    -0.077088616     4.318271101
     2.454497583    -0.533185341     5.993742942
     0.066190884     0.591758889    -1.867348666
     2.586603824     0.306785130     0.575156566
     0.436073251    -1.014911258    19.857826349
     0.468084140    -0.807948416     0.586509437
     1.268954271    -1.132042516     2.891467592
     2.753197258    -0.474173062     6.120304579
     3.464293798    -0.558128762     3.217687004
     0.485684353     0.120644627     0.008992806
     0.483729410     0.128258512     0.008992227
     0.342236912    -0.769471485    14.637765476
     2.247527600    -1.715851786     7.663997629
     0.596346711    -0.634957074     0.532416583
     2.009029866    -0.524677599     4.326440416
     0.311191577    -0.556066789     0.906308589
     0.481655054     0.135840791     0.008990709
     2.824446472    -0.821355852     4.867457277
     0.499508733    -0.216568935     0.040416567
     2.859848763    -0.794147934     5.136475084
     0.479461789     0.143389698     0.008988735
     3.232743815    -0.108839630     2.316918495
     0.477150066     0.150903683     0.008986633
     0.474720330     0.158382010     0.008989532
     0.472171352     0.165826243     0.008987052
     0.597493345    -1.459043968     3.916952582
     0.469500757     0.173246707     0.009012138
     0.466687792     0.180682767     0.008979962
     3.945575897    -0.130614893     1.777406290
     0.479226137    -0.292064338     4.074426325
     3.403630073    -0.767315095     4.224213456
     0.463535305     0.188421613     0.007467105
     2.870094751     0.493338225     0.405143267
     3.240101521    -0.250920299     3.362270030
     3.831785524    -0.208488667     2.141342418
     1.340970380    -1.416564002     1.397144196
     0.281829969    -1.793559003     6.480998561
     0.750852654    -1.942012099     6.217525886
     1.553628843    -1.043998539     3.198437987
     1.772865598    -1.758142799     3.279822419
     0.947166447    -1.995279193     4.833185438
     1.841500065    -1.277534898     2.016177869
     0.414151830    -1.717694734     5.356570146
     1.593877676    -1.241431960     3.685435178
     2.810943903     0.428039748     0.581752146
     0.157009007    -1.801147604     7.159024857
     0.519227010    -0.627956805     1.398821095
     1.001165969     1.825146061    -0.926588264
     0.510821675     0.760151216    -2.438432333
     2.432663152    -0.364384768     5.282064845
     0.494680112     0.418406755    -2.821824578
     3.079532059     0.405446771     1.845505030
     4.061063984     0.923909091     0.233919258
     2.859903851     0.552631616    -0.105572593
     1.096914555    -1.470558801     3.626574022
     0.503736296    -0.934286843     1.590680004
     1.727603135    -1.458774871     3.106636056
     0.400813869    -0.806036799     1.206433159
     0.985581061     1.183460541    -0.458052061
     2.084948036    -0.758102833     6.486110283
     2.188402168    -0.681435797     6.121613528
     2.373225022    -1.042830313     4.193261936
     0.221558240    -0.483867361     0.117437702
     0.461995846    -1.288995792     4.501702416
     2.913914431    -0.899554095     3.982813093
     0.752923483    -0.895885199     1.928748858
     0.460194575     0.196673108     0.009346583
    -0.040234896     0.559280744    -1.977939252
     0.980195725    -1.198483998     2.527230653
     0.454454312     0.209572647     0.009092783
     4.542026384     0.253626515     2.277696518
     5.304811948    -0.161655120     1.347653943
     2.999669857    -0.218113196     3.676735651
     0.451120414     0.216645389     0.009001529
     3.464591946     0.661842167     0.611962745
     4.556495910    -0.186403914     1.566622297
     0.760004208    -1.485746469     3.585940377
     0.835510996    -1.893052709     4.647873389
     0.428756123    -0.391017470     6.452801730
     0.549432195    -0.989063132     2.039372001
     0.447612636     0.223674789     0.007855087
     3.430339065    -0.856272758     4.095438259
     0.444099926     0.230693244     0.008986816
    -0.679346752    -1.392962902     4.386835797
     0.460357641    -1.350559519     4.773754354
     0.408613724    -0.316264969     4.634850911
     3.972360680    -0.423795049     2.359020689
     1.001746551    -0.749818542     1.374079105
     0.713847333    -1.398494095     3.475926983
     0.269017460    -1.262352428     4.860745462
     1.018504621    -0.198499002    -0.124871787
     0.424139750    -0.365782950     6.080358696
     1.023494239    -1.526233960     3.043192359
     2.923442655    -0.623608335     4.891306921
     0.446469426    -0.997476014     2.412063721
     2.824216142     0.288275349     1.073876271
     2.971943472     0.514212731     1.205379299
     0.599712031    -0.847677419    18.020656341
     0.489460516    -0.954053182     1.846807884
     0.440422056     0.237639383     0.008985753
     0.550845897    -0.649907870    13.609693298
     0.503585719    -1.549665280     3.032460919
     0.397971806    -0.531126243    -0.013213816
     0.436635183     0.244527611     0.008985201
     1.308817539    -1.273465555     2.813493650
     0.432740458     0.251355706     0.008984380
     4.147967451     0.740463303     0.593094006
     2.372178652    -0.365079974     3.524294052
     4.676638934     0.240357681     2.012392944
     1.281348781    -0.988442798     2.465749120
     1.433629018    -1.101119936     2.803357578
     0.428739539     0.258122211     0.008997840
     0.018169450    -1.444627852     5.179374446
     3.014247004     0.041826472     2.028088107
     3.167800814    -0.258949097     3.286931757
     3.116412292    -0.383183700     4.300583093
     0.196369096    -1.316848288     5.119862729
     0.357666407    -1.178614792     5.046163937
    -0.001347177    -1.635132460     7.793652835
     0.622674501    -0.697698845     1.024392656
     1.099649292    -1.098173527     3.205330900
     0.319894681    -1.892567707     6.590606718
     0.566366770    -0.560573795     0.171841288
     1.797344616    -1.317403646     2.853704595
     0.792667191    -0.698903919     1.905399383
     0.587022184    -1.349357248     4.129653378
     4.306384853     0.651724569     1.036472621
     0.822970869    -0.753797092     1.810966224
     0.424633568     0.264825534     0.009029042
     0.475812180    -0.522055681    -0.493770148
     1.297533480    -1.784248192     5.701259758
     0.420423185     0.271463813     0.009069528
     0.665921980    -1.304989078     3.159433469
     0.629373024    -0.501662230    -0.749032128
     3.367711850    -0.686563158     3.836600019
     0.525553850    -0.450107773    -2.124000976
     0.416106753     0.278033644     0.009055152
     5.505390384    -1.039463958     1.505029262
     0.425239515    -0.416065946    -2.843533712
     4.896082939     0.200815014     1.413667563
     3.739542304     0.751681721     0.393224887
     0.563031919    -1.590960534     5.343265306
     0.411618617     0.284487136     0.007362132
     0.407167781     0.290966393     0.009045312
     1.104829637    -1.172940937     2.730485874
     0.077224959     0.631313338     7.062208330
     3.471484071     0.432831438     0.411836209
     0.592611416     0.470219769    -0.712596367
     0.669204881    -0.026871111    -2.737595821
     0.438832231    -1.570979491     4.933758084
     2.691695612    -0.779434359     3.505033143
     0.994411057    -0.420777200    -0.701375628
     5.430942184    -1.350003638     1.723295997
     0.421474330    -1.545777781     4.283568900
     0.053062210     0.581419651     6.142950758
     0.402545737     0.297324895     0.009007742
     1.002572085    -1.716413468     4.686751236
     0.572744837     0.699204748    -3.389244969
     0.674797874     0.179744597    -5.929967080
     3.943124967     0.696524509     0.793958509
     0.540406611    -1.277348956     4.018514434
     0.785895262    -1.269455806     3.041806674
     0.397825106     0.303610523     0.008987770
     0.560953136    -1.125352684     2.628806769
     0.393006996     0.309821734     0.008984603
     2.782851130    -0.788480444     4.191511796
     0.681250797     0.554718527    -5.201423207
     1.856947733    -0.748876063     4.093280039
     1.209248718    -1.352134066     2.513500718
     3.112414981    -0.780054814     4.421141737
     0.014765072     0.624687318     7.401364670
     1.657009129    -1.582942009     3.969475251
     0.956924901    -0.660749535     1.658715650
     1.946612957    -1.749474055     3.146125139
     0.813934028     1.052848849    -0.810075040
     0.018608308     0.598367950     6.678405090
     1.112122678    -1.763546465     4.746139591
     0.512805926     0.290905307    -1.810850525
     0.594020143    -0.937641164     1.960363626
     0.485913663     0.949095761    -0.333167321
     0.369903778     0.929327825    -0.868390655
     0.707710262    -0.537890907    -1.300859544
     0.711325251     0.806229018    -2.438497554
     1.026359318    -0.587608974     2.868404290
     0.734861904    -0.846813564     2.413844191
     1.354116523    -0.165666459     1.273274442
     2.289026679     0.469803995     0.634315114
     0.900523005    -1.012447139     3.126658283
     0.388092057     0.315956608     0.008984941
     0.902362735    -0.277427524     0.152352911
     0.979970245     1.419250604     1.008637135
     3.095294765     0.447389566     1.118376515
     2.171179916     0.748657086    -2.980482782
    -0.053752121     0.591996502    -0.360624268
     0.592175256    -1.504034556     3.961288924
     4.650373774     0.312913078     1.493812041
     0.025115023     0.566381710     5.798588700
     0.367345250    -0.516362103    -0.266580107
     0.136070813     0.611561493    -2.748878320
     0.489318960    -0.599328068     0.738442711
     0.663692996    -0.636667873     1.400465312
     5.575581903     0.299131103     1.207405589
    -0.005194092     0.571683408     6.207796004
    -0.139301423     0.539225949    -1.137556979
     1.066561526    -0.607673630     1.417239570
     0.783568812    -0.670620503     0.947517421
     0.465098294    -0.893961439     2.119790275
     5.820954653    -0.487640961     1.323796389
    -0.107899386     0.591167905     8.175730069
     0.957321704    -0.582506118    -0.021314163
     0.864567924    -0.807538238     1.738635835
    -0.273561562     1.036689820    18.181423256
     0.646591406    -0.139923456    -2.113670964
     0.815373318     0.549477706    -5.498765534
     0.383081354     0.322013519     0.008985086
     1.736449949     0.467319941    -3.482314963
     4.583779390     0.133551904     1.584435105
     0.445976896    -0.613355260     0.834678549
     1.707882515     0.721216378    -5.063463883
     1.231222227     3.769252402    67.277896944
     0.377976127     0.327990975     0.008985133
     0.372777638     0.333887502     0.008985115
     3.048951862     0.088706368     1.744779446
     5.361109778    -1.608876121     1.787107201
     0.754384930    -0.069970753    -2.505776391
     0.990197015    -2.070756436     4.901066258
     1.703805090     0.534194589    -5.565607551
     1.659959626     2.005942504     0.341087185
     0.581735691     0.563032346     1.384907405
    -0.111234463     0.783040895    11.203655173
     0.367424330     0.339643557     0.007273551
     1.235759823     0.792841324    -2.745584335
     1.462274792    -1.155760086     3.244865260
     4.029680823     0.379646546     1.863618802
     0.633364562    -0.400843976    -1.144918565
     0.571467909     0.549753805    -2.148322848
     0.465511860    -0.324789659     0.479574700
     0.889005109    -1.952913440     5.256191326
     0.898350800    -0.505327352    -1.309960329
     0.982891901    -0.028736647    -1.143887421
     0.983819513    -1.246091888     1.354178733
     0.320579672    -0.497982593    -0.451787528
     4.070355630     0.456191889     1.809025034
     0.636002003     0.776741006    -2.484341218
     4.948188417     0.381422438     1.069983048
     3.319170382     0.845219413    -0.291614312
     0.988139484    -1.776695296     4.643419060
     0.914601086     1.548076741     0.065029708
     0.439776009    -0.306548383     0.542354844
     0.714451539    -1.791088909     5.697922622
    -0.199012173     0.879097319    14.006652175
     1.231998933    -0.160192705     0.323408495
     0.496078770     0.610007650     0.547923119
     1.214923913    -0.989502527     2.378365987
     0.284939808     0.473009291    -4.844769514
     0.540140434     0.531244091    -0.528363149
     0.362106036     0.345431978     0.008985142
     0.527849921    -0.293091462    -0.205197980
     1.296352036     0.965062345    -3.254420952
    -0.208752825     0.841742487    13.367245531
     2.900629608     0.099887362     1.624348181
    -0.081935987     0.654555087     8.021353995
    -0.045813655     0.603029788     6.382413017
     1.097781919     1.151099078     0.360230340
     0.303339691    -1.355353841     4.489395623
     0.511883808    -0.749298100     1.589672279
     0.020532817     0.727859544    -0.510391523
     0.552826466    -0.235732491    -1.253796191
     0.518738966    -0.238570185    -0.779330639
     1.222151636    -1.643503226     4.086176116
     2.160917981    -0.031611403     7.602389649
     0.184946992     0.546260459    -3.652458318
    -0.209787438     0.812340088    12.318629392
     0.399354028     0.352489399    -2.977763035
     3.316810529    -0.512974668     3.527592707
     0.475489921    -0.228980840    -1.249476013
     0.988795640    -0.570460513     2.301102728
     0.441200150    -0.249541148    -0.768925810
     0.356635619     0.351077142     0.008986960
     4.819823297     0.632802589     1.006250624
     0.520375378    -0.054261503    -0.144273534
     1.515789029    -0.660327637     2.347274721
     0.302577102     0.444443211    -5.241935540
     2.263799377    -0.652706240     4.416518007
     3.176209565    -0.842715609     4.985117174
     3.645861968     0.396654942     1.462210848
     0.117483336    -1.357945572     5.153976570
     3.300545596     0.345988319     1.385610101
    -0.075655061     0.668625547     1.362522216
     0.144411737     0.609581572    -2.073385664
     0.483536516    -0.226436849     0.523914205
     2.843932092    -0.470309717     7.341584175
     0.213445330     0.758863162    -2.098936649
     0.547074856     0.776945024    -0.004745716
     0.521223728    -0.166956595     1.248161204
     3.154766336     0.376438566    -1.653450112
     0.494517773    -0.124028684    -1.020705126
     3.723840066     0.393797969     1.532278985
     0.530092361    -0.366743299     3.534461427
     0.615534900    -0.131539768    -2.278437815
     3.050844536     0.427192316     1.740202767
     0.351078179     0.356636672     0.009016529
     0.831307262    -1.042717341     2.041359273
    -0.081284630     0.505860512     3.206125663
     0.171230797    -1.893000426     6.755315582
     3.804538672     0.160560721     1.419060731
     0.345437793     0.362112131     0.009153628
     1.301387087    -1.476182496     2.422192232
     0.101365799    -1.716059723     7.950714324
     2.479194971     0.107827068     1.580762804
    -0.089593401     0.529487175     3.572414499
     4.463844410     0.370569712     1.707201683
     0.527000656    -0.199075096    -0.206528629
     5.427429727    -1.627323123     1.772003594
     0.339706341     0.367492249     0.009123380
     0.333894177     0.372785091     0.009185218
     0.076092492    -1.871859448     6.441305709
     0.327992388     0.377977755     0.009028243
    -0.230267718     0.608753004     7.203073305
    -0.183860618     0.551182507     5.362753909
    -0.162095544     0.530232806     4.513789060
    -0.137094701     0.501830331     3.484936051
     0.322013266     0.383081052     0.008977217
     3.527890189     0.419021109     1.140181542
     1.117746015     0.660687482    -4.092678277
     0.355188165    -1.956795423     6.338793026
     2.787388558     0.687610418    -1.459100370
     0.315956504     0.388091929     0.008981642
     3.863684808    -0.480019421     2.474773600
     0.644652940     0.370208305     0.750873420
     0.992335130     1.350585656    -0.504294788
    -0.182761212     0.533100521     3.924825191
     1.382272660    -2.049019535     4.171282757
     0.309821741     0.393007005     0.008984835
    -0.207234460     0.545780184     4.445178161
    -0.330688730     0.598838404     7.377170658
     1.142607585    -0.182183252     0.788393058
    -0.039760347     0.778137914    -0.727944882
    -0.519808023     0.648648295     0.799550941
    -0.077623366     0.791116022    -1.220349929
    -0.531085135     0.677717555    12.100457348
    -0.784628241     1.022465019     8.629323747
    -0.732404369     0.749608884    16.664707947
     0.420940099    -1.564436898     4.784224591
    -0.762444578     0.761338135    17.223530917
    -0.485729302     0.856666772    -2.634907843
    -0.362518909     0.978851394    -1.446574453
    -0.466866344     0.876049110    -4.458786217
     0.303613480     0.397828981     0.009085272
     2.117547290    -1.561917187     5.012056935
    -0.950463252     1.154744568    -2.933266374
    -1.086059925     1.407939274    -0.950979636
     0.297328400     0.402550482     0.009125722
     3.219457848     0.319971501     0.765059442
    -0.988165277     0.830804716    22.135373904
    -0.664082415    -0.047216195     0.073493424
    -1.046355078     0.844830686    23.250081581
    -1.060794597     0.864235959    23.532107451
     0.506460288     0.114787672    -2.212726049
    -1.001649439     1.269043836    -1.521273764
     0.290921576     0.407105065     0.007503625
     0.737492356    -0.154460181    -1.835782440
    -1.064425695     0.895094248    23.694445590
    -1.171022471     0.999332869    26.460309805
     2.410058495     0.541925050    -0.958427645
     0.996014346    -0.217131758    -0.419886300
     3.043131479     0.246853343     1.108097402
     1.405377541     1.059541461    -2.502932032
     2.798465763     0.078190326     1.891182131
     0.030562364     0.884987686     0.267610834
     2.687529243    -0.233429246     6.202703544
     2.368748838     0.675443938    -1.865054142
    -1.250386915     1.277287789    30.495220195
     0.390541646     0.634050162    -3.419265055
     0.500930342     0.477726420    -2.791494662
     0.271475227     0.511598900    -3.474457082
     3.121635258     0.281246092     0.779517683
     0.284535884     0.411689153     0.009076959
    -1.226097404     1.286758245    -2.586979819
     0.761419952    -0.909316657     1.177693432
    -0.781178215     1.150232592    -2.787257238
     0.959037974    -0.398078726     0.775791465
    -1.788432706     0.248716476    36.851661471
     0.343237598    -1.614280005     4.834453140
     0.464571202    -1.556727691     2.743482028
    -1.998508879     0.522998084    40.719975467
     1.434606106     0.060847279    -1.551598265
    -1.569138385     0.550212346    31.695066155
    -1.831768112     0.594524752    37.031749404
     0.440150159     0.953983344    -0.221360087
     1.472696103    -0.114700220     1.319069842
     0.278031922     0.416104176     0.008993177
    -0.832276568     0.795711403    -1.832087870
     0.501022871     0.345583958    -3.717036511
     2.219047948    -0.481586385     2.730487628
     1.590868719    -0.093199529     2.043972047
     2.628687432     0.587402575    -1.093674922
    -0.192212278     1.208389484     0.955311303
     0.670275074    -1.029591378     2.660663218
     2.541925923     0.532072734    -0.678394519
     1.728626242    -0.107571896     1.863316810
    -0.243807096     0.796344982    -0.904961149
     1.930537464     0.259989119    -1.307191744
    -1.638233145     0.570106678    32.844111500
    -1.161861173     1.670214984    -1.088615295
    -0.153751864     1.080101413    -1.255456111
     2.114012563     0.631231530    -2.815124512
     1.998758590    -0.044725126     4.430054177
     1.191552504     0.588788201    -2.506275348
     1.241131514     1.442240050    -0.411832223
     1.348264694     1.023359790    -5.196859102
     1.180622685     1.329537964    -0.475536986
    -0.501790444     0.526513673    -0.808113404
     0.271461492     0.420419593     0.008984001
     2.714987074     0.025141446     1.775463218
    -0.807536998     1.242875671    -3.749297701
     3.535242260    -0.096340754     1.832917158
     1.852677665    -0.656428535     4.674582925
     1.719379859    -0.018369981    -1.245956797
     2.019467411     0.159082079     2.612263240
     2.685894860    -0.112700847     3.562858937
    -1.650093989     0.697536477    -3.294346600
     1.714297442     0.086462366    -2.075127616
     1.958950728     0.205877691     0.434679775
     0.264824347     0.424631671     0.008984299
     3.032773244     0.321582161     0.551724653
    -0.664930149     1.223128759    -2.984332210
     0.387420882    -1.575852183     3.326590326
     0.805719663     0.465851189    -6.795728287
     1.344907881    -0.909013213     2.747050155
     0.657640281    -0.297982297    -1.229657003
     0.949614622     1.594860106    -0.690602083
     3.160807321     0.382197040    -1.709759106
     0.258123417     0.428741565     0.009044997
     1.317287316     1.307428537    -0.627994512
    -1.995240558    -0.023055342    -2.276209854
     0.942706311    -1.098533779     2.871965872
     0.897433979    -0.058313423    -2.198552799
    -1.546405190     0.985700273    -3.076390863
     0.159784726     1.027904682     1.199886208
     0.779856368    -1.813326156     4.330878562
    -1.015888143     0.361481687    -3.738321903
     2.759609463     0.548208066    -0.576187932
     0.251359898     0.432747755     0.009152684
    -1.107614375     0.671709662    -2.808470404
    -0.153688128     1.536748049     2.834049293
     1.916354290     0.616785771    -0.164410796
     2.624808483    -0.814170065     4.350155664
    -1.972169915     0.598082734    39.613118850
     1.558500168    -0.774449600     2.001564752
    -1.885305206     0.569577042    37.640274915
    -0.769545730     0.965310607    -3.724890805
     0.867770699    -0.576940694    -0.419787918
     1.710078138     0.293558535    -3.895642256
    -1.776300119     0.544004144    35.213720370
    -1.106672199    -0.196073300     1.012516198
     0.813397533     1.708702242     0.791606779
     0.524302495    -1.234220720     4.326024536
     0.979436293    -0.953954684     2.673429033
     0.310344554     1.182885396     0.550879760
     0.698315238    -0.944516466     2.250928356
     0.987867550     1.447593017    -0.219219480
     1.639410331     0.199700513    -2.630469546
    -1.884296371     0.541395215    37.286564002
     2.851470206    -0.498523003     7.631857260
    -1.516562538     0.160237159    -1.275655413
     0.496442095     0.496152162    -3.025150035
     0.237639049     0.440422431     0.008989191
     1.987905982    -0.675905075     4.035976414
     1.399563215     0.920122581    -4.349231227
     0.698790608    -1.580110231     4.330792828
     1.687190159     0.438248931    -4.336559308
     1.160767704    -0.512034001     0.069664964
     2.648450541    -0.441885637     6.450965589
     0.544464880     1.998132211     2.248403603
     2.817161973    -0.196006836     5.650329752
     0.230691400     0.444099850     0.008968478
     1.305523580    -0.587079119     1.711952346
     1.919571275    -0.466469203     4.130975472
    -0.904417281    -0.858057287     5.751261768
    -2.101079690     0.548501347    41.592064994
    -0.954019772     0.952182258    -2.553745161
     1.883096643     0.542025980    -3.670479602
     0.195614663     0.904328863    -0.119773156
    -0.790539201    -0.651460937     3.472949388
     0.514709105    -0.707778018    -1.041966146
     0.223685976     0.447665910     0.008908199
     2.567829595     0.134593231     1.582197775
     3.525922527     0.124098520     1.442638738
     2.882693220    -0.476991724     6.032867489
     0.445775867     1.004759657    -4.838013182
     1.006162029    -1.861645020     4.897550505
    -1.440439435     0.478567647    27.728339608
     1.022591699    -0.490516705    -0.942585214
     2.140588998    -0.627093432     4.919774085
     2.781040514    -0.047741611     3.545631447
    -0.002737139     0.776047251    -0.973119227
     2.225873686     0.107750604     2.651455996
     0.539293390     0.987498796    -3.523825296
     0.549736158    -0.387240680    -0.828950318
     0.606324970     0.418447642    -4.521291255
     0.245662455    -1.327238299     4.920788411
     0.453816676     0.711203875    -2.686338124
    -0.727815058     0.477117861    -3.907189613
     0.485813986     1.177842608     2.366748919
    -1.186568634     0.310945358    -2.743125412
     1.344129667     0.111839990    -2.638465488
     1.321274137    -0.450166610     0.834739126
     0.887746248     1.202263187     0.809610738
     0.838832097    -2.104497665     5.466076774
     0.443128384     0.438263881    -3.550981775
    -1.027103146    -0.642314507     0.317911178
    -0.642279301     0.782373929    -2.536510538
    11.396863308     4.421602783     0.940617319
     0.259066305     0.461730515    -2.579316719
     1.118586271     0.433379927    -8.773214856
     1.369319558    -0.105623273     1.679066144
     0.304706108     2.155976495     1.303784836
     2.472910892    -0.406660506     4.998899288
     0.596467329    -1.127322795     2.028918865
     0.843269230    -1.798576126     5.033681959
    -1.652012723     0.473988650    31.992959165
     1.198009349    -0.911179683     2.105146789
    -1.783349133     0.445655178    34.566533178
     0.432646844     0.806421778    -2.058522166
    -1.016593089    -0.532727421     1.755902904
     0.725121974     0.314498267    -3.230049900
     1.381253594     0.232764991    -4.193983929
     0.062387362    -1.784775570     6.628649201
     0.515699023    -1.521716620     4.065100065
     1.050550813    -0.802291281     1.198226905
    -1.546214204     0.435738817    29.488991544
    -0.641728241     0.844788826    -3.319767971
     0.502812516    -0.721291823    -0.902912856
     1.650565108    -0.947013616     3.696351831
     0.215356079     0.452356635     0.020239738
    -1.317565563     0.076391150    -0.278597647
    -1.145193864     0.453478581    -3.075776209
     0.193366176    -1.356130919     1.862597599
     2.233646173    -0.229146703     4.710981246
     1.033388058    -0.882117544     1.846470252
    -1.838135362     0.404524077    35.413044255
     1.657205937    -0.527881012     3.018044429
    -0.810034935    -0.245947589     1.034161765
     0.202351258     0.457709511     0.008985040
     2.060098175    -0.365573130     4.391680724
    -0.678548091     0.431246279    -3.583947070
    -1.672842170     0.390336239    31.849864954
    -0.931988784     0.505442279    -4.831602951
     0.273789554     0.835253365     1.381453097
     2.281943216     0.438005380     1.071919474
     1.198860300     0.133377673    -4.476098884
     2.298696359    -0.380583829     5.182194376
    -1.606397624     0.392466374    30.315138147
     0.140621775     0.768712880    -0.026991342
     3.021514832    -0.053551159     2.689652111
     2.115247119    -0.073383121     2.631102370
     1.759585068     0.644693089     2.050940102
     2.202795020    -0.108744074     3.818957509
    -1.632260520     0.416764339    30.685694184
     1.315810161     0.333309403    -5.274801765
    -0.801269796    -0.750478925     6.211262980
     1.132961923     0.236543774    -7.535938705
    -1.858329759    -1.330557079    20.073461040
    -0.960809897    -0.768847737     1.338391189
     0.195136910     0.460831449     0.008985243
     0.187874411     0.463839676     0.008985275
    -0.039541511    -1.303399510     6.392334171
     0.259642795    -1.491172836     9.171022450
     0.393564938     0.511738424    -2.978987840
     0.180565556     0.466733456     0.008985274
     2.393431065    -0.352993687     5.507471955
    -0.058597663    -1.509043738     4.852189276
    -0.737362766    -1.078372247     7.609814698
    -0.001633630    -1.624949201     8.445791317
    -1.063563709    -0.194963849     1.910144638
    -0.362301480     0.675138342    -0.646902206
    -0.717102134     0.017449613    -2.608458843
     1.995158255    -0.239477604     3.422790054
     0.389631086    -0.989718072     2.436235107
    -0.956336458    -0.680425311     3.495095504
     0.162840129     1.377722273     2.311384070
     0.946105174    -0.717164397     1.739770304
     0.173212150     0.469512077     0.008985272
     1.312589563    -0.286965627     0.879772771
     1.752494206    -0.408589988     2.826243208
     0.324599353     1.397170770     0.117932245
     2.432665520    -0.293775229     4.166826702
    -0.788089899    -1.816284040    -1.683158117
     1.364098248    -0.577178254     1.738588090
    -0.831418703    -0.550769815     1.937443975
    -1.349330535     0.466355544    24.622539799
     2.726116194    -0.206615725     5.425419485
     3.175281041    -1.013133629     5.217731853
     3.235796610    -1.347621402     4.218731634
    -1.087277371    -0.310910003    -0.961110000
    -0.711430209    -0.063390446    -0.766292178
     1.705422607    -0.558210476     3.395511577
     0.932029670     0.271033314    -6.497045307
     0.336836811     0.482781676    -1.940347594
     1.616821551     0.696870672    -5.424908631
    -0.992718977    -0.188093919    -0.825688190
     1.017419321    -0.664086827     2.251181161
     0.817213032     0.259135114    -5.809229644
     1.455306882    -0.471117475     1.507400824
     0.165816006     0.472174853     0.008985270
     0.951497604     0.104279029    -3.381440319
    -0.834438804    -0.367714005     2.646505426
     0.598817924     0.048680493    -4.041008369
     2.247813486     0.518518008    -0.263334754
     0.613894013    -0.679313826     2.102362889
     2.183686048     0.315151489     2.110582514
     3.610762039     0.151503151     1.534046400
    -0.781519284    -1.057778101     6.890420234
     2.128675486     0.468324614    -0.978203176
     2.623059334    -0.203942587     5.332734046
    -0.710973703     0.529645256    11.080285940
    -0.300047887     0.948240117    -1.815554569
     1.283306610    -0.627280556     1.597234474
     0.158378991     0.474721251     0.008987896
     2.357555278     0.135596992     2.291805268
    -0.997085813    -0.923387238     4.521577258
     0.375453752    -1.818175500     7.168833671
     0.280992709     0.898273384    -1.108989523
     3.081159446    -0.088056174     2.922837695
     1.731463656    -0.608627344     3.696984550
    -0.150145144     0.659184365    -3.836804203
    -0.611126255     0.600434715    -2.095944157
     0.150902815     0.477150268     0.008985249
    -0.864905301    -0.942514416     7.049514589
     0.911530943    -0.396627941     0.728926297
     1.132895473    -1.026057866     2.330427330
    -0.022876932     0.746007282    -1.621242110
    -0.817555581    -0.000001541    -2.150467821
    -0.615135471     0.232290602    -1.896606538
     2.250400351     0.548501230    -0.563362221
     0.143389447     0.479461680     0.008985213
     0.135840700     0.481654790     0.008985143
     0.128258436     0.483729058     0.008985040
    -0.809057682    -0.432812849     1.533606460
    -1.266766551     0.541855417    22.701752315
    -0.815212637    -0.328741754     2.188221552
     0.351462798    -0.437210369    -1.147797684
    -0.920113629    -0.603249166     2.917730628
     1.948910408     1.242332238    -2.316165551
     2.480702816     0.007960546     2.427823786
    -0.961835049    -0.631241263     2.382066914
     1.708014762    -0.615366726     4.085212936
     0.120644526     0.485683973     0.008984943
     0.112981534     0.487435723     0.007274085
    -0.942943623    -0.898398289     4.513464113
    -0.872276516    -0.782033506     5.151417102
    -1.075674928    -0.353241959     0.644526190
     1.217644756     0.527200178    -8.119010402
    -0.991617424    -0.418925380     0.927186420
     1.514949367     0.266400322    -2.044474304
    -0.937610819    -0.878527668     5.740236827
    -1.143472675    -1.276595324    -0.465365051
     1.485283600    -1.426762764     2.561375594
     2.973681389    -0.879442162     4.246419706
    -1.333612430     0.723124314    24.568708019
     0.105329293     0.489233855     0.008984977
    -1.121244874     0.096989997    20.173346251
    -1.338613632     0.397639904    23.541877741
     0.097631748     0.490827945     0.008985075
     0.590188217     0.720985817    -3.416554739
     0.680368276     0.608941915    -2.000334189
     0.089910114     0.492300929     0.008985141
    -0.924457283     0.229507705    14.790035428
     0.082166295     0.493652441     0.008985126
     0.584444288     1.141486048    -0.525980462
     1.005406545    -1.811205326     4.748644349
     1.532696911     0.360523857    -5.334892642
    -1.463096448     0.186729957     2.620780743
     0.074402202     0.494882144     0.008984970
     2.905684967     0.648649198    -0.155333682
     0.066619749     0.495989730     0.008984541
     0.440836419     1.023830504     1.063056802
     0.058820857     0.496974913     0.008983642
     1.022636562     0.302825075   -14.001510340
     0.566500386     0.277028258    -6.202072794
    -0.648995871    -0.294499102    16.070432560
     0.583039993     0.702193631    -2.740666651
     0.859486397    -0.210053738    -0.484381752
     0.610968613     0.368774712     0.074616272
     0.455750308     1.052193433     2.515131032
     1.526523433     0.034265147     0.301006818
     0.051007466     0.497837602     0.008985274
     0.483103846     0.876276965    -3.742387685
    -0.617158618    -0.092675910    11.381499460
     1.218698146    -0.229027007     2.828571820
     0.418908836     0.829806560    -1.206997017
     0.511906722     0.994901181    -1.856606290
     1.017649400    -0.291315785     0.084712121
     0.332210558     0.714389429    -2.978373607
     0.043181469     0.498577241     0.008982584
    -0.594393985    -0.009308583     9.323657759
     0.875661618     1.032873689    -0.866432828
    -0.585548306     0.037453359     8.260771766
     0.345555698    -0.381236264     1.975504504
     0.035344838     0.499194105     0.008984732
     0.088359778     0.854934643    -0.353034703
     0.505697616    -0.316499631     3.427252533
     1.356277398    -0.086945412     1.374361832
     0.571866039     0.105609198    -2.638394253
    -0.521466209     0.092081562     5.958995627
     0.504423936    -0.031251360    -2.712317440
     0.469311724    -1.204512832     4.547101964
     1.838942713    -3.658752854     1.257936387
     0.027499474     0.499687617     0.008983201
     1.031152989     0.004539190    -1.025958628
     0.514100592     0.806738494    -3.050160320
     0.523596583     0.470930636    -3.543356976
     1.583158348     1.406039148     0.348456437
     0.019647331     0.500057967     0.008984254
     0.011790338     0.500304901     0.008984610
     0.898882589     1.265766161     1.010266855
     0.744198988    -0.084436126    -0.734789059
     0.635243979     0.881392725    -2.913450168
     0.912180879     1.173016316    -0.395305081
     0.814672574     0.136799712    -2.066087673
     0.794709564     0.170118480    -5.187671471
     0.576167738    -0.385449081     5.305224078
     0.886539111     1.418145638    -2.705869871
     1.210737877     0.070368240    -1.526929320
     2.558035334    -0.331477736     5.529636045
     1.266056405    -1.813861844     5.484904621
    -0.302362642     0.642116004    -2.959617219
    -0.524112770     0.435766380    -1.645568564
     1.020168988     2.432236458    -0.198081886
    -0.290858244     0.810750306    -0.198044200
     0.612202661     0.854064437    -2.266380438
     0.600975244     0.814956127    -1.240931554
     0.611753560     0.388668196    -4.736333131
     0.590401940    -1.224890650     2.919755554
     0.003930436     0.500428351     0.008984142
    -0.117056253     0.663277727    -4.011582660
    -0.485877905     0.675957384    -2.969048272
    -0.071367906    -1.866415704     4.826610233
     0.592276777     0.700131221     0.921572825
    -0.702422275     0.608929917    -3.137752612
     0.229035342     0.481396381    -2.865732449
    -0.822692941     0.599158088    -3.045555334
     0.517732093     0.265247203    -5.009225750
    -0.003930437     0.500428502     0.008987160
     0.793664340    -0.510707189    -0.395303324
    -0.011790357     0.500305672     0.009000026
    -0.814464826     0.778073861    -2.624057583
     0.474584089     0.240153297    -3.448482690
    -0.019647368     0.500058918     0.009003279
    -0.027499489     0.499687904     0.008988952
    -0.879413521     0.042454301    -2.207523875
     0.554945144     0.570765429     0.161847300
     0.550478687     0.941143542     0.461805243
    -0.920140999    -0.445459885     1.006289454
    -0.035344856     0.499194357     0.008989785
    -0.043181502     0.498577626     0.008990311
     1.294325637    -2.150946316     5.705749733
    -0.833521935     0.087638925    -3.431369549
     0.617242030     0.964376211    -2.686986020
     0.817984579     0.000385279    -2.636435988
     0.972823522    -0.124831831    -1.584315799
     0.518312900     0.144316232    -1.647193184
    -0.051007485     0.497837783     0.008988910
    -0.058820851     0.496974864     0.008982637
     0.703540469     0.069602360    -4.085509788
    -0.066608389     0.495905153     0.007277811
    -0.850196826     0.218513341    -4.266397203
    -0.074402200     0.494882130     0.008984687
     0.438580888     0.671631573    -3.865655033
     1.050316235     1.105928053     1.087413823
     7.572135937    13.693805361     0.469395741
     0.243166423     0.756718119     9.078771792
     0.401057345     0.383421235    -4.878533357
    -1.054235759     0.552250615    -2.379885783
     0.389714092     0.748229518    11.519891713
     0.375452006     0.723819907    11.073367071
     0.375768728     0.714917135    11.099892242
     0.447052083     0.399585817    -4.529166816
    -0.057698712     0.770156990    -1.234934569
     0.369347697     0.831639895     2.145346767
     0.693944297    -0.092404024    -2.944624088
     0.709394552     0.398441377    -3.002874009
    -0.807447928    -0.073325034    -0.785081255
    -0.554682102    -1.515612376     4.529914636
    -0.079035622     0.929365954     0.935117584
     0.394400096     0.727371856    11.744584594
    -0.082166295     0.493652437     0.008985048
    -0.875769451    -1.209222407     4.572023849
    -0.089894742     0.492216765     0.007274032
    -0.016404703     0.529283214    -4.400700058
    -0.097631750     0.490827953     0.008985244
    -0.931193840     0.167226932    -2.644396424
    -0.022222116     0.924408661     0.574927039
    -1.098557031     0.343899111    -2.849009649
    -0.770454261    -0.246908657     1.929242357
    -0.642590880     0.111536045    -1.233961053
    -0.713645111    -0.189331296     0.993290547
     0.456780544     0.744916309    -2.964240930
     0.229943305     0.613476111     7.520246999
     0.540561312     0.680441059    -2.684010075
     0.304808440     0.645916020     9.541335439
    -0.105311269     0.489150192     0.007273323
     0.401081371     0.674646210    11.961161550
    -0.112981499     0.487435708     0.007273631
    -0.120644519     0.485683992     0.008985279
    -0.128258402     0.483729080     0.008985294
     0.449908474     0.573980804    12.222734378
    -0.135840577     0.481654836     0.008985347
    -0.850000138    -0.706898358     5.132671051
    -0.143389027     0.479461822     0.008985527
     0.071485205     0.905521157    11.035753578
     0.165522113     0.831529688    10.823474727
    -0.540313916     0.261985124    -2.148515875
    -0.539749567    -1.377446497     5.532876571
    -0.734122230     0.734732306    -3.183801587
    -0.403798914    -1.470219657     5.962091808
     0.191282938     0.803114425    10.806130169
     0.204506909     0.786237434    10.845205206
    -0.565578494     1.019908211    -2.814390919
    -1.116595990     1.139991379    -2.420378055
    -0.309779729    -1.568677246     6.322879818
     0.219639796     0.775543009    11.035377523
     0.242742140     0.767167150    11.410892110
     0.264981650     0.735644835    11.449412971
    -0.796838735     0.841725021    -2.942841056
     0.587520194    -0.342015663    -0.355934529
     0.587645105     0.182470503    -3.158081584
    -0.048245270    -1.364397272     6.156344328
    -0.962363614    -0.272626828     1.586783636
     0.845560056    -1.822979198     4.744134979
    -0.943081015    -0.058092166    -1.475446325
    -0.150901393     0.477150762     0.008986075
     0.391048370     1.195525498     1.599637331
    -1.040068000    -0.029674247    -1.469090744
    -0.844862176    -0.458355926     0.732338159
     0.304325367     0.677992448    11.526629906
     0.409295130     0.531943338    12.521185380
    -0.158374131     0.474722847     0.008987425
    -0.165756306     0.472105856     0.007287710
     0.854185897     1.230338699     0.777507725
     0.958243353     1.478304759     1.007459783
    -1.071760192     0.049091101    -1.753009398
    -0.173156754     0.469532606     0.008987142
    -0.220833777     1.033738434    13.242493246
    -0.007696543     0.783284646     9.271355973
    -1.134884081     0.066966966    -1.617724372
    -1.167194146     0.125750333    -2.111774497
    -0.865619115    -0.485297082     0.876799317
    -0.180820583     0.467469212     0.024549510
    -1.290068168     0.225898517    -1.018794955
     0.548330116     0.141931122    -4.468599835
     0.467888133     0.781140068    -2.356741596
    -0.293779586     1.089484479    14.635034443
    -0.013690792     1.224382820    18.453052154
    -1.338970515     0.416627724    -2.125648029
    -0.543463291     0.363167817     3.068813938
    -0.486178917     0.241749050     0.954766426
     1.106943560    -0.115623460    -0.444202969
    -0.194939448     0.460930992     0.009280539
    -1.073597148    -0.827325678     3.271955424
    -0.739083933     0.302773394     6.136806893
     0.476547850    -0.751754197     1.332320269
    -0.631232961     0.460201637     5.641312731
    -1.197188777    -0.198913733     0.960323607
    -0.202235309     0.457702131     0.007912812
    -0.209384174     0.454388196     0.006313938
    -0.577785043     0.348866993     3.495624423
    -0.216611485     0.451110723     0.008533268
    -0.223660849     0.447624423     0.007941349
    -0.620949638     0.109893490     3.066220374
    -0.230691316     0.444100810     0.008984732
    -0.687149685    -0.010137966     4.858750270
    -1.273035192    -0.099740713     0.954105717
    -1.624427740     0.051158465     8.710860288
    -0.999606859    -1.007749319     4.505799595
     1.582754682    -0.309170809     2.056416572
     1.322864318     1.521000281    -0.695950331
    -0.237597485     0.440347327     0.007272524
     1.455183448     1.714541122     0.495784354
    -1.142238101    -0.469266322     1.078791626
    -0.244527451     0.436635274     0.008985211
    -0.251355748     0.432740638     0.008987911
     1.305431037     1.666588961    -0.347298700
    -0.258121873     0.428739009     0.008985262
     1.085598210     1.754290211    -1.772015380
    -0.264824372     0.424631713     0.008985271
    -0.674235032    -0.089355886     5.058865050
     1.450488397     1.906826023     0.067332659
    -1.277444176     0.323688068    -1.266580932
     0.614395487    -2.315314645     3.960858116
    -0.694220300    -0.215819517     6.894973631
    -1.049359340    -1.092813946     2.891611276
    -0.966645475    -0.498611637     0.984458380
    -0.271461527     0.420419646     0.008985273
    -0.278031702     0.416103848     0.008985269
    -0.683392487     0.059602666     4.138200251
    -0.754884830    -0.494005662     3.846199479
    -0.284533353     0.411685491     0.008987936
    -0.522828661     0.204176336     1.218635531
    -0.538392054     0.067888549     1.070055478
     2.725934042    -3.284650659     1.950828900
    -0.418269914     0.461778468     3.744617192
    -0.990923179    -0.747477982     4.108854510
     1.193007490     1.954815855    -0.969790273
    -0.500010020     0.044690085     0.269682290
    -0.869109920    -0.143383466    -0.186213374
     1.477749366     2.188469849    -0.060087462
    -0.698139469    -0.086930909     0.456335887
    -0.290964648     0.407165339     0.008985275
    -0.297324228     0.402544834     0.008985276
    -0.303610447     0.397825007     0.008985279
    -0.519398652     0.445985683     4.613626526
    -0.309821839     0.393007129     0.008987984
    -0.628178053     0.205018729    -2.083928418
    -0.524889823     0.283467283     2.201115695
    -0.315902634     0.388025759     0.007275133
    -0.456111969     0.507833177     5.366002460
    -0.440439729     0.524226460     5.691344551
    -0.398426471     0.717821493     9.830394303
     0.000779356     0.828541749    -0.758373841
    -0.868131378    -1.013990646     6.030851190
    -1.280434099    -0.229574105     0.619378412
    -0.389454337     0.802531262    11.798247911
    -0.365531235     0.926598769    14.635934578
    -0.379027634     0.866226427    13.447129782
     0.405362681     1.074337358     0.636505444
     0.391389848     0.860192535    -0.895056371
    -0.369057969     0.936822279    15.125623817
     0.413254942     0.600048908    -3.406596465
     0.718849623     1.592406458     0.982264319
    -0.999445840     2.051764112    -0.809876461
     0.545422096     0.653000815    -1.833308880
    -1.113624994     2.458333811    -0.255359733
     1.399309264     1.308640241    -0.322210005
    -0.322013526     0.383081361     0.008985292
    -0.876946416    -0.335609997     1.663622791
    -0.779148439    -0.350520782     2.349414328
    -2.335726226     1.185966151    -2.767739321
    -0.327990980     0.377976133     0.008985289
    -0.368734096     0.902569365    14.514621450
    -1.010717591    -0.727469651     1.189462990
    -0.652724716     0.061299353    -1.612001644
    -0.648318084    -0.017199912    -1.533767566
    -1.865451161     1.265803886    -2.111069233
    -0.987129893    -0.613725567    -0.301593261
    -0.344657722     1.040797217    17.686472140
    -0.739085602     1.631031128    -1.897445586
     0.496321091     0.634574542    -0.920541230
    -0.370094634     0.685132569     9.945403759
     0.303738331    -3.207623510     1.086319963
     0.282584612     2.098983744     2.546595089
    -0.439260207     2.000279323     0.022942039
    -0.325483449     1.051682677    18.246099739
     1.099520380     1.465051975    -1.197551443
    -0.312648461     0.956264090    16.347556219
    -0.699093326    -0.067009340    -0.628475630
    -0.797680726    -0.174583200     2.218301631
    -1.262233111     1.483177169    -1.676367545
    -0.670817784     0.119955317    -1.660886390
     0.070594800    -1.636390561     6.938567022
     0.046306352     1.119606956    22.432168798
    -0.333887508     0.372777645     0.008985291
    -0.339701654     0.367487179     0.008985286
     0.387292965     0.800367047    -1.160367920
    -1.045849147     1.001386137    21.677061191
    -0.345431983     0.362106041     0.008985281
    -0.159767213     1.494379693     2.314716376
    -0.351077082     0.356635559     0.008985278
    -0.356635559     0.351077082     0.008985275
    -0.783921913     1.302338335    25.307252943
    -0.712690405     1.468740568    28.495084211
    -0.362106137     0.345432075     0.008987940
    -0.367487276     0.339701744     0.008987935
    -0.693008432     1.494223012    29.090710669
    -0.372713958     0.333830466     0.007275348
    -0.670244630     1.476402564    28.798021208
     0.082462957     1.747962454     1.334916693
    -0.668501547     1.553858820    30.534915426
     0.215863999     1.847599065     3.052051757
    -0.660182836     1.487361840    29.289857896
    -0.658506184     1.506385976    29.827184930
    -0.628644238     2.198673278     0.347665095
     0.677844070     1.851258337     2.412765708
    -0.377911496     0.327934891     0.007273685
    -0.659749727     1.550615067    30.893758082
    -0.659625518     1.586257389    31.780233025
    -1.297026218     1.855206321    -1.282962033
     1.506726498    -2.242530424     4.090467080
    -0.642112408     2.548028621     0.523970254
    -1.019548795    -0.596397844    -2.361105087
    -0.642850638     1.543167718    31.001777091
    -0.002293790     1.946161722     1.474598442
    -0.631854338     1.637000312    33.072113325
     0.354435884     2.811828696     0.353317040
    -0.961194675    -0.389407964     1.122910636
    -0.551889096     1.326964730    26.622791443
    -2.259125520    -0.787338319    21.693354655
    -0.441177451     1.086165071    21.561816620
    -1.912942001     1.785883123    -0.933243688
     0.059231379     1.372980490     2.097396062
    -1.573425126     1.992518870    -0.914184910
    -0.105449030     2.171545356     1.654704390
    -0.476410146     1.732511044    35.373364745
    -0.290007244     1.710425561    35.295017233
     0.166941122     1.970931893    42.783345820
     0.410887820     2.164735778     2.060558986
    -1.098083751    -0.906576909     1.409127770
    -1.277322181    -0.871632868     0.350056227
    -1.026729039    -1.007493223     1.412260709
    -0.479026894     1.200175064    -3.633054319
    -0.383081361     0.322013525     0.008985273
    -1.244925524     2.038764008    -0.908162956
    -1.183466157    -1.035412064     0.758559822
    -0.388092069     0.315956619     0.008985269
    -0.392939886     0.309768828     0.007275459
    -0.397825113     0.303610528     0.008987936
    -0.219415612     2.050955866     0.376537635
    -0.429159110    -2.089095075     1.477864282
     0.120084563    -1.770294483     6.939545349
    -0.258357731    -2.196139249     2.320969766
    -1.363876596    -0.771108643    -0.692595279
    -2.050313213     1.332300651    42.425031528
    -1.545153100     1.559825972    39.340494588
    -1.371745946     1.680322368    39.833756316
    -0.841346728    -1.478938425     2.747961455
    -0.402544834     0.297324227     0.008985272
    -0.407165339     0.290964647     0.008985267
    -1.594304033     1.748224987    -1.495356688
    -1.212820905     1.656311471    38.154583846
    -1.025964788    -1.482317686     1.318099860
    -0.411685492     0.284533348     0.008987898
    -0.987727943     1.716314332    37.923503989
    -0.570178996     1.987566483    42.251787037
    -0.416033655     0.277984699     0.007295747
     1.052059748    -2.149008224     4.665157351
    -1.047448767    -1.557479362    -0.011470595
    -0.981926264    -1.717846248    -0.307254974
    -1.898438221     1.532292050    44.073445061
    -1.167321965     1.971650688    44.645182947
    -0.420419770     0.271461547     0.008987570
    -0.424628997     0.264822465     0.008918999
    -2.706845792     1.434360056    55.324153318
    -0.658697191    -1.848443400     1.423864216
    -0.791143246     2.081472921    -0.397588448
     1.412076711    -2.491325236     2.658009033
    -0.429075939     0.256943373     0.002657268
    -0.286944349    -2.484700941     1.864808912
    -1.020608096    -1.883698301    -0.963934490
    -0.437664073     0.242414974     0.006513576
    -0.973391634    -2.016157383    -3.321221701
    -2.204809719     1.594974477    49.792653183
    -0.960049262    -2.231282141     1.187224870
    -2.896529473     1.254835767    -1.871041189
     0.999682444    -2.418127885     4.069001415
    -1.443329701    -1.822385317    -1.738526949
    -2.112651108     1.811325135    51.917558991
    -1.970375519     1.779641252    49.750612121
    -0.444141069     0.230624769     0.009085984
    -0.370189182    -3.343130948    -0.141299859
    -1.828797194     1.814015940    48.761702432
    -0.517893657    -2.422988311     0.461405216
    -0.448066165     0.222849322     0.008624151
    -3.098661748     1.171276666    -2.168129229
     0.190694858    -2.338245501     3.121447256
     2.475023548    -2.479253566     3.923765632
    -0.454374307     0.209544728     0.007405924
    -0.457583006     0.202647395     0.009069959
    -0.203816631    -2.381737625     2.332027559
    -1.606058940     1.853225349    47.177230874
    -0.463447769     0.188967150     0.009978794
    -2.457867710     1.647674105    -1.580172791
    -1.290853734     2.335365135    53.737502511
    -0.469477388     0.173304563     0.008974469
    -0.887102173    -2.564782542    -0.195553503
    -1.087171647    -2.553929527    -1.083636487
    -1.906939608     1.628080047    -2.672517435
    -1.459845040    -2.335551240    -1.503885686
    -0.472171906     0.165843975     0.009115034
     0.610991975    -2.619640132     2.237162993
     2.983855414    -1.685179308     3.387505016
    -2.779110064     1.153879438    54.499910642
     3.096334907    -1.454635237     4.351537608
    -2.183017780     1.406762989    47.957233957
    -1.180436336    -2.174643465     0.980795655
    -1.641154763     1.791057961    47.218219795
     0.067857015    -2.852129549     1.441120540
    -0.474723129     0.158388126     0.009081350
    -0.477155100     0.150906773     0.009101243
     1.910070444    -2.346208040     2.759126322
    -0.600190041    -2.712162520    -0.357483769
    -2.083978369     1.012531649    -4.231371401
    -0.479380325     0.143368071     0.007303837
    -0.208130015    -3.533563291     0.570773253
    -3.057540854     0.725698441    56.390683186
    -2.417561722     0.890251538    46.157284242
    -0.273383305    -2.863658866     1.243240735
    -1.879155024     1.074281037    39.543188606
    -0.481654727     0.135840908     0.008985042
    -0.530686754    -2.854120456     0.699254542
    -0.483729182     0.128258535     0.008987940
    -0.485683985     0.120644548     0.008985285
     1.606827532    -1.048727517     2.237414489
    -2.872583321    -0.032287726    49.721564368
    -0.487519073     0.113000859     0.008985304
    -2.562385810     0.151464921    44.177132656
    -0.489234005     0.105329327     0.008988056
    -3.293032450     0.875725391    -2.702610466
    -4.048146619     2.457401358    91.798109459
    -0.490827956     0.097631751     0.008985306
    -0.492300937     0.089910116     0.008985305
    -0.493652450     0.082166297     0.008985326
     0.767500071    -2.779984506     3.146443623
    -0.494882165     0.074402205     0.008985399
    -0.302082597    -1.792800966    28.164048435
    -0.592829457    -1.428317012    21.591821237
    -0.495989912     0.066619774     0.008988232
     0.164801430    -2.131248528    35.948059127
    -0.496975462     0.058820922     0.008994687
    -0.112841249    -1.898965500    30.111001292
    -0.203226194    -1.884315995    29.598287682
     0.551942676    -2.814716333     1.510545657
     0.318147443    -2.011738909     5.610425865
     2.962747498    -1.965003372     3.762165930
     0.304224508    -2.085600578     4.318910944
    -0.283332187    -2.024537256    32.322591758
    -0.499194208     0.035344846     0.008986790
     0.403500731    -2.153001107     6.388343885
     0.383855312    -1.775955398    29.726384657
     0.239867683    -2.166927009    36.149638836
    -0.499687769     0.027499482     0.008986247
    -0.500058042     0.019647334     0.008985745
    -0.500219559     0.011788327     0.007277293
     0.608063056    -1.975551133    35.022220434
     2.348872371    -2.217312985     2.044188894
    -0.500428549     0.003930437     0.008988099
    -0.500428408    -0.003930436     0.008985289
     0.922405546    -1.875267490    36.514038789
    -0.745038791     0.793324098    -2.151325085
     2.299826256    -2.472046262     3.786868073
     1.641407165    -2.735853941     1.878138002
    -0.500305068    -0.011790342     0.008987955
     0.810072344    -1.769598714     5.151802531
    -0.500058019    -0.019647333     0.008985275
    -0.499687721    -0.027499479     0.008985274
     0.889512089    -3.175144589     1.468510423
     1.422597534    -1.419757338    37.641924492
     1.247840063    -1.664161516    37.547841748
     0.957188240    -1.832618067    35.613889459
     0.825014706    -2.066015529    37.837165041
     1.865560862    -2.746795339     2.344155222
    -0.499194132    -0.035344840     0.008985273
     0.966016471    -1.282988944    27.379237700
     0.263448754     0.875974286    -2.411443664
     0.765545571    -1.540915297    28.014542936
     0.720140645    -1.852369012    32.572432442
     1.020324272    -1.326773290     2.700894915
    -0.498577375    -0.043181480     0.008985273
    -0.497837602    -0.051007466     0.008985269
     1.029598861    -2.082282698     4.886460255
     1.230488589    -1.447962538    33.229910676
     0.309557700     1.440497886     2.013476093
     0.996966422    -1.724051950    33.436367074
     1.210784334    -1.703702094     4.968279753
     1.336387782    -1.815049548     3.125176005
     0.302008766     0.906416185    -1.540043454
    -0.496974994    -0.058820867     0.008985273
     1.393931567    -2.929123460     1.310803317
     0.918030199    -2.178361679    39.863690248
    -0.495989766    -0.066619754     0.008985273
    -0.494882159    -0.074402204     0.008985273
     0.572680748     1.632174870     1.946362779
    -0.493652448    -0.082166296     0.008985269
    -0.492301066    -0.089910139     0.008987932
    -0.490827954    -0.097631750     0.008985273
    -0.489233999    -0.105329324     0.008987934
     1.899010428    -1.002309045    41.005999925
     1.914472959    -1.500056369    44.840323118
     1.543104952    -1.925575547    43.407477525
     1.539251521    -1.188956249     3.343739994
    -0.487519073    -0.113000854     0.008985273
     1.371446374    -1.023086793     3.180137942
    -0.485684118    -0.120644562     0.008987934
     2.452154403    -0.994925123    51.354506430
    -0.483646427    -0.128236526     0.007275314
    -0.481572430    -0.135817472     0.007273682
    -0.479461683    -0.143389448     0.008985269
    -0.477150396    -0.150902855     0.008987932
    -0.016459742     1.166958423    -0.008688990
     1.879126144    -1.343853108    42.225867744
     1.953386351    -1.647958358    46.276889192
    -0.474721375    -0.158379032     0.008990507
     0.130942331    -1.746804269    25.351706219
     1.447159332    -1.197750899     2.629353722
    -0.472174978    -0.165816050     0.008987932
    -0.426474655     0.937947551    -3.062681148
    -0.469512077    -0.173212150     0.008985269
     1.622712389    -1.518213876     4.009100094
    -0.466733580    -0.180565604     0.008987932
    -0.463760432    -0.187842314     0.007275312
     0.178701471     2.326454444     1.522000349
    -0.672201567     1.228542585    -2.576473573
    -0.460831573    -0.195136962     0.008987932
    -0.457709761    -0.202351368     0.008990507
    -0.454397089    -0.209479928     0.007276954
     2.727220368    -1.277795731    57.383171651
     1.377305420     0.794870129    -5.697207453
    -0.451127663    -0.216628418     0.008985273
     1.781515007    -2.063756179    47.888282317
     1.911346471    -1.456510145     4.638178947
    -0.447669357    -0.223687698     0.008985273
    -0.444100713    -0.230691849     0.008987934
    -0.440422259    -0.237638956     0.008985273
    -0.436635254    -0.244527492     0.008985273
    -0.432740517    -0.251355693     0.008985273
    -0.428739121    -0.258121946     0.008987934
     1.636247415    -0.681185052     3.155950347
     1.882749924    -0.941689184     3.459659966
    -0.424559163    -0.264779134     0.007275305
     2.047812287    -1.592064937     6.970921278
    -0.420419757    -0.271461600     0.008987932
    -0.416103846    -0.278031704     0.008985268
    -0.699852086     0.431824362    -4.221782371
    -0.644538338     0.512599026    -1.778410630
     2.042720348    -1.659549287     3.403002150
    -0.411685376    -0.284533284     0.008985257
    -0.407095581    -0.290915192     0.007275074
    -0.402544873    -0.297324385     0.008987776
     2.061891408    -1.948713725     3.548725625
    -0.397824774    -0.303610713     0.008984800
    -0.393006332    -0.309822732     0.008986527
     0.647416551    -0.858855678     2.406839029
     3.458531128     0.515630729    71.952018713
    -0.388014262    -0.315915613     0.007260705
     0.011421341     0.883603102     0.677346399
    -0.021248413     0.959261103    -0.496110047
    -1.711462695    -1.028484876    -0.727145057
     2.174892474    -0.055803992    43.648401841
     2.156714771    -0.394854453    42.281823382
    -0.197499132     0.963750078    -2.528849583
     0.452834976    -0.428903415     5.518460262
    -0.383072838    -0.322024183     0.008991958
     3.182550237    -0.903009614    63.507704400
    -1.232561746    -1.233123104    -1.250882003
    -0.377956390    -0.328028586     0.009180068
    -0.372668310    -0.334004508     0.008918676
     1.526615391    -1.871633922     2.816668570
    -1.441836164     0.545232713    -2.806929704
    -0.236008598     1.401437147     2.404560697
    -0.360765506    -0.346849091     0.009301080
    -0.351229691    -0.356435544     0.009433667
    -0.384648937     1.250394001    -1.272374878
    -1.167290643     1.286289815    -2.035923354
    -0.345068439    -0.362469249     0.009233207
    -1.402551064     1.622022574    -0.566197921
     4.667658397     0.422071878    94.400322278
    -0.548249791     1.442473715    -1.664702127
     1.995421918    -0.171723559    38.807144930
     2.053026835    -0.352959349    39.428462283
     2.777891488    -0.256881095     5.160003124
     2.731582740    -0.688820038     3.430031321
     2.722867515    -0.586507030     4.458688408
     2.570113721    -0.494211279     5.779253433
    -0.333715306    -0.372826820     0.007421135
     2.478503556    -0.707454479     5.228753235
     2.299705565    -0.953215531     4.298018907
    -0.327981478    -0.377985285     0.008998978
     2.129451660    -1.225444667     4.176109911
    -0.322010799    -0.383084133     0.008992633
     2.097376589    -0.535514293    40.139646993
     1.781888701    -0.919770554    34.766318624
     2.159403948    -0.420379191     4.241116104
    -0.315955782    -0.388092853     0.008986854
    -0.309766575    -0.392941849     0.007278400
     2.023097781    -0.857823072     4.954684466
    -0.879763676     1.044894902    -3.603920560
    -0.862778295     0.905575981    -4.876558286
    -0.303557710    -0.397757722     0.007275629
    -0.892713641     1.145298755    -1.241315561
     1.707095178    -0.547469410     2.125301581
    -0.297324206    -0.402544853     0.008985329
    -1.638100196    -1.199554048    -1.569169371
    -0.339036833     1.103424499    -2.183768230
    -0.213005872     1.236906986     0.301453047
    -0.474857080     1.356114030    -0.632555392
     1.554504012    -0.494883804     2.345628609
    -0.444408491     1.656531899    -0.171268110
    -1.470508722    -0.678615197    -0.809562755
    -0.290964641    -0.407165345     0.008985291
    -0.284484578    -0.411615018     0.007273810
     1.551779249    -0.680500965    28.684532415
    -0.507223816     1.245218126    -0.373703614
    -0.278031702    -0.416103848     0.008985275
    -0.271415099    -0.420347756     0.007273704
    -0.264824373    -0.424631712     0.008985274
     1.294647657     0.339837123    27.530402953
    -0.258077777    -0.428665760     0.007275315
    -1.456932509     1.441496175    -2.566904349
     1.308782539    -0.109531545    23.503715343
    -1.154292819    -1.539632279    -0.983361203
     1.457821300    -0.520237584    25.686705895
    -1.741426428     0.806414756    -3.665855142
    -0.251355760    -0.432740632     0.008987932
    -1.587517455     1.325805062    -2.684093537
    -0.244527492    -0.436635254     0.008985273
    -0.237638956    -0.440422259     0.008985273
    -0.230691787    -0.444100595     0.008985273
    -0.223687698    -0.447669357     0.008985273
    -1.785938208     1.072849345    -3.946189400
     1.360542391     0.643676705    31.921104074
     1.403431530     0.305322173    28.118396902
    -1.947232380     1.134860303    -3.216770638
     1.287666043     0.120898025    23.908069095
     1.163137728    -0.053446432    19.834384235
     1.175996292    -0.208115937    19.112574124
     1.237142355    -0.478393300    20.030381843
    -0.216591373    -0.451050517     0.007273685
    -0.209515688    -0.454474659     0.008985273
     0.864201045     0.360206212    18.825912684
     0.963329722     0.082678215    16.238099084
     1.010130069    -0.109406750    15.313086060
     1.053439458    -0.414087396    15.415060510
    -0.202351263    -0.457709521     0.008985273
    -0.195136910    -0.460831450     0.008985273
    -0.187842314    -0.463760432     0.007275314
    -0.180565604    -0.466733580     0.008987934
    -0.173212150    -0.469512077     0.008985273
    -0.165816006    -0.472174853     0.008985273
    -0.158351866    -0.474639946     0.007273685
     0.300318716     0.472734785    15.811326501
    -0.150877010    -0.477068674     0.007273685
    -0.143389448    -0.479461683     0.008985273
    -0.135840702    -0.481654797     0.008985273
    -0.128258473    -0.483729198     0.008987934
    -0.120623918    -0.485601012     0.007275314
    -0.113000854    -0.487519073     0.008985273
    -0.105329296    -0.489233869     0.008985269
    -0.097631776    -0.490828085     0.008987932
    -0.089910139    -0.492301066     0.008987934
    -0.082152259    -0.493568110     0.007275314
    -0.074402224    -0.494882291     0.008987934
    -0.066619754    -0.495989766     0.008985273
    -0.841088826    -1.719659016     1.294949773
    -0.058810808    -0.496890008     0.007273685
    -0.050987670    -0.497644384     0.005100675
    -0.734230431    -1.648691268     2.224293213
    -0.043164721    -0.498383870     0.005100675
    -0.035338808    -0.499108930     0.007276954
    -0.027499494    -0.499687982     0.008990507
    -0.019647343    -0.500058280     0.008990507
    -0.011790345    -0.500305196     0.008990507
    -0.003930437    -0.500428541     0.008987934
     0.003929765    -0.500342912     0.007275314
     0.011790339    -0.500304934     0.008985273
     0.019647338    -0.500058151     0.008987934
     0.027499494    -0.499687982     0.008990507
     0.035344859    -0.499194393     0.008990507
     0.043181503    -0.498577636     0.008990507
     0.050998760    -0.497752631     0.007276954
     0.226192117    -1.572176488     5.310099971
     0.124517642    -1.444350204     4.670614144
     0.058820882    -0.496975127     0.008987934
     0.295019605    -1.714251296     5.413410390
     0.066619754    -0.495989766     0.008985273
     0.074389481    -0.494797531     0.007273685
     0.082152272    -0.493568191     0.007276954
     0.617042250    -0.943058306     1.837028534
     0.600722852    -0.972610800     2.789525822
     0.089910162    -0.492301192     0.008990507
     0.097631801    -0.490828211     0.008990507
     0.105329351    -0.489234125     0.008990507
     0.112981567    -0.487435863     0.007276955
     0.120623899    -0.485600933     0.007273682
     0.128258439    -0.483729069     0.008985269
     0.135840738    -0.481654925     0.008987932
     1.300008187    -1.547867129     2.824151008
     0.371474112    -1.318002610     6.444612037
     0.143389486    -0.479461811     0.008987934
     0.150902815    -0.477150270     0.008985273
     0.312217872    -1.020324863     2.219648864
     0.158378992    -0.474721253     0.008987934
     0.267168538    -1.111960080     3.844967064
     0.165816050    -0.472174978     0.008987932
     0.173182558    -0.469431864     0.007275317
     0.365742403    -1.000557171     2.744632853
     0.180534708    -0.466653717     0.007275305
     0.187874509    -0.463839917     0.008990469
     0.195137011    -0.460831687     0.008990422
     0.202351405    -0.457709842     0.008992292
     0.209515930    -0.454475184     0.008996832
     0.216591658    -0.451051110     0.007286852
     0.223601005    -0.447495857     0.005106201
     0.230602252    -0.443928233     0.005100675
     0.237546725    -0.440251324     0.005100675
     0.502437587    -0.668209689     0.133396991
     0.244485537    -0.436560338     0.007267988
     0.251355627    -0.432740402     0.008982620
     0.584323770    -0.680935344     2.055789783
     0.258121801    -0.428738882     0.008982349
     0.264824312    -0.424631615     0.008982989
     0.271461491    -0.420419591     0.008983959
     0.277984026    -0.416032495     0.007268974
     0.284533323    -0.411685447     0.008986864
     1.424383065    -1.481946576     3.115812597
     0.290915905    -0.407097130     0.007308569
     1.630639486    -1.445747002     4.225691293
     0.297209452    -0.402389440     0.005121566
     2.107229116    -1.454783665     4.076817034
     2.105065821    -1.579524545     7.964341593
     0.303503919    -0.397814759     0.007530015
     0.311771578    -0.393140288     0.035304364
     0.321997342    -0.382837776     0.005048638
     0.328687126    -0.377119001     0.005210122
     0.335562128    -0.371286963     0.009323619
     0.343306850    -0.368096695     0.067078690
     0.351077080    -0.356635557     0.008985219
     0.356574142    -0.351016623     0.007261635
     0.361965497    -0.345297915     0.005100590
     0.367344544    -0.339569809     0.005100555
     0.372632953    -0.333757919     0.005100512
     0.042445185    -0.612411681     8.171457712
     0.683633885     0.464176729    -3.806999450
     0.377829461    -0.327863716     0.005101538
     0.383016075    -0.321958648     0.007279547
     0.388092068    -0.315956618     0.008985235
     0.392939584    -0.309768591     0.007267787
     0.398650771    -0.302568136     0.009537578
     0.407095714    -0.290914905     0.007273905
     0.411525305    -0.284423252     0.005100438
     0.416030594    -0.277982843     0.007224207
     0.469540375    -2.091368530     6.132099596
     0.569290070     0.061624831    -2.888043345
     0.420419593    -0.271461526     0.008984361
     0.429214796    -0.257316087     0.008860290
     0.747817028    -1.867215353     5.280771224
     0.440213694    -0.237605718     0.004998803
     0.444302940    -0.230298655     0.008959881
     1.387208757    -1.174021684     2.127742962
     1.722868436    -1.603232111     3.126605055
     1.893138959    -1.377658971     4.601216685
     0.535901074     0.807115282    -1.741656394
     0.556033606     0.445411375    -4.198179240
     0.760782039     0.935320608    -2.240630009
     0.449688262    -0.223321138     0.041888563
     0.631200786     0.346890913    -5.282848204
     1.010937536     1.071637661     0.616110814
     1.000641728     0.986911053    -1.404620871
     0.454340239    -0.209788737     0.008833798
     0.917777443     0.667138110    -6.318730606
     1.132719124     1.154822294    -0.575583398
    -0.596056159    -1.135232866     8.283169913
    -0.857037949    -1.093595023     5.805707047
    -0.956490098    -1.022534481     5.858452483
    -0.796363040    -1.013588122     6.873343360
    -0.319299815    -1.207526854     8.128551386
     0.457588677    -0.202436416     0.007464038
    -0.175151797    -1.314870037     7.184283246
    -0.094970888    -1.390322842     6.617754740
     0.818572370     0.698170539    -3.382483992
    -0.007593082    -1.722949863     7.676513436
    -0.191503069    -1.577967946     6.608097904
     0.855397377     0.939316711    -1.241697934
     0.876654625    -1.652596432     5.119508298
     0.745602778    -1.687796596     5.491517995
     0.605109085    -1.679824785     5.560627740
     0.384071344    -1.758269232     6.842949546
     0.262614072    -1.498525573     4.518172414
     0.253419057    -1.655455612     5.917380067
     0.429719091    -1.915937331     6.572285679
     0.460621458    -0.195162404     0.005317117
     0.463638781    -0.187853285     0.005102753
     0.466652204    -0.180540975     0.007292308
     0.856773404    -1.538263214     3.387902538
     1.278443996    -2.040326313     3.922367423
     1.035530992    -2.045811137     3.027371561
     1.082775468     0.979140277    -3.490996445
     0.153311086    -0.590820203     7.308167728
    -0.009090252    -1.272886840    23.119209864
     0.682705361     0.650148367    -5.606866684
     0.902660673     0.823527678    -3.847508792
     1.108806710     0.863819607    -4.720117550
    -0.015358511    -1.314581231    24.149645647
     0.436172559     1.611456266     4.767946536
     0.457858468     1.494803407     4.539909367
     0.689807757     1.805726186     2.651540941
     0.469511883    -0.173212731     0.008985651
    -0.054278995    -1.573227584    29.716985016
    -0.051480290    -1.608379317    30.547415123
     0.048218551    -1.051162648    18.798603186
    -0.075104715    -1.673588115    32.306543147
    -0.202388730    -2.355971512    46.657569274
    -0.102250768    -0.586261429    12.294037705
     0.472092845    -0.165788155     0.007253215
     0.467168498    -1.643513990    30.468778252
     0.306227014    -1.734920106    32.651024615
     0.272491195    -1.819561321    34.619646910
     0.285572028    -1.684263152    32.106744783
     0.289917232    -2.026716485    39.296592794
     0.315263606    -2.079632732    40.490027974
     0.474535657    -0.158320570     0.005097027
     0.476964487    -0.150845774     0.005098566
     0.479275311    -0.143334548     0.005099507
     0.481564655    -0.135815300     0.007112216
     0.483728938    -0.128258404     0.008982564
     0.485699694    -0.120648431     0.009308917
     0.487524188    -0.113002039     0.009090293
     0.489236032    -0.105329762     0.009029519
     0.490829667    -0.097632090     0.009020188
     0.492301835    -0.089910278     0.009003564
     0.493652828    -0.082166355     0.008992961
     0.494882171    -0.074402195     0.008985475
     0.495989913    -0.066619748     0.008988166
     0.496890563    -0.058810501     0.007283986
     0.497837756    -0.051007373     0.008988145
     0.498577696    -0.043181327     0.008991400
     0.500059181    -0.019647247     0.009008436
     0.500306149    -0.011790419     0.009009597
     0.500429438    -0.003930649     0.009005918
    10.281311583    -0.293626928     1.002866172
     9.844101351    -1.954442310     1.280630567
    11.768666635    -0.026068588     0.988766687
    11.130672152     0.767998996     1.000381478
     9.156427538    -1.738316280     1.209390295
    11.036031515     0.914274958     1.016558657
     9.789375239    -1.650916464     1.320906874
     9.561237814    -2.140507455     1.146722507
     9.705944434    -1.561545944     1.320239048
    11.078407794     0.756498234     0.991526654
    10.619465974     0.235054052     1.000899091
    10.068754887    -1.675849612     1.175007368
    11.796884776    -0.079563645     1.014646422
     9.662636877    -1.498111019     1.338088453
    11.789798642    -0.211056630     1.047945921
    11.878408042     0.126066381     0.981596984
     9.938571048    -1.999411110     1.292718840
     9.396637436    -1.509089183     1.256169987
     9.915908830    -1.885224179     1.303958940
    10.050696155    -1.760611151     1.248194735
    10.925691086    -0.516071635     1.013224036
     9.333196674    -1.748584694     1.164732754
     9.845385963    -2.029358789     1.251737638
     9.444274873    -1.911994869     1.189164945
    11.900065452    -0.186821149     1.042899824
    10.014408927    -1.726618767     1.275691049
     9.854943735    -2.074002855     1.254110981
     9.818158475    -2.019845659     1.247754915
     9.488689638    -1.852695695     1.241882093
     9.468279501    -1.388154325     1.193237568
     9.528080438    -1.440266544     1.271844987
     9.891312540    -1.843284251     1.336542699
     9.951979606    -1.910483349     1.270445882
    11.564358265    -0.743656332     1.088303319
    11.792130358    -0.802506018     1.119678305
    11.753223109    -0.762017127     1.092048973
     9.578387356    -1.380594650     1.179268406
     9.580104599    -1.530965830     1.320986150
     9.625633831    -2.077426916     1.114568097
     9.583745028    -2.105161816     1.083784051
    10.047273836    -1.800040413     1.272642298
    11.822815165    -0.450462816     1.058891922
    11.994726548    -0.239402937     1.050678259
     9.788602398    -1.812071749     1.354517870
     9.795511332    -1.865630871     1.308613504
     9.900328886    -1.822783124     1.324963776
     9.536817279    -0.580992446     1.018009285
     9.438367492    -2.058896476     1.093072694
     9.626137808    -0.621416304     1.007982519
    11.711531769    -0.458313322     1.031175122
    11.839023790     0.028774147     0.993561282
     9.614153165    -0.666755635     1.028950337
     9.605448774    -0.747496471     1.079471585
    11.491762914    -0.434641526     1.040307312
    10.815058719    -0.238926050     1.033550881
     9.643546721    -0.426550086     1.023770529
    11.911917158    -0.124011129     1.008570804
    11.447171080    -0.500431605     1.069921743
    11.749426436    -0.828115514     1.117998761
    11.668024774    -0.491633898     1.054491935
    11.826453798    -0.772705838     1.104894022
     9.118289351    -1.785853473     1.158006230
     9.526648679    -1.687379531     1.386065599
    11.751128216    -0.595811864     1.077709667
     9.675209662    -1.374954771     1.163487979
    10.596923384    -0.698053454     1.168168570
    11.147491501    -0.553705031     1.041125539
    11.085089545    -0.569672796     1.061826632
    11.158294078    -0.619993081     1.105508780
     9.740178008    -1.646862475     1.365779870
     9.593909021    -1.993727752     1.167955045
    10.677570400    -0.571145206     1.018096810
    10.749243045    -0.702844867     1.153356925
     9.720789573    -1.632515188     1.370783267
     9.237384556    -1.715125582     1.173332568
     9.794291783    -1.689339581     1.372297586
     9.888696128    -1.587982768     1.254610647
    10.392270833    -0.501972049     1.039670992
    11.193436062    -0.599280952     1.080166402
     9.799179039    -2.060880133     1.242333153
    10.637617448    -0.746128604     1.178559565
    10.526617877    -0.513709422     1.003810717
    10.688974436    -0.664093543     1.117430169
    10.804775456    -0.649860996     1.074161957
     9.992868898    -1.694044452     1.233367996
    10.308918229    -0.790093355     1.094602767
     9.419220771    -1.336170001     1.163159854
    11.570867235    -0.910702663     1.153149624
     9.820358384    -1.945127089     1.283342037
    10.398118601    -0.388051545     0.969432146
     9.807730752    -1.861452937     1.301649178
     9.596702270    -1.742900458     1.400235636
     9.591370806    -1.170259899     1.011774729
    10.595166634    -0.649243153     1.108152259
    10.682340197    -0.495688412     0.973187819
    10.630935441    -0.588004126     1.052316716
     9.639600378    -0.883750740     1.104011046
     9.833391362    -0.698492614     1.035700347
    10.736924851    -0.635705660     1.054521034
    10.484777536    -0.546769037     1.052518628
    11.063791471    -0.647057264     1.070893182
    10.606900777    -0.421684373     0.948079233
     9.947970769    -1.669175604     1.230004298
     9.736063454    -0.689978349     1.043167879
    10.376549189    -0.838333658     1.083539717
     9.160029312    -1.845512920     1.155315963
     9.219149578    -1.879250135     1.196932616
     9.566193980    -0.980092028     1.060762435
     9.949812656    -0.676973198     1.044434372
     9.602802078    -2.122461419     1.136831439
     9.674759352    -1.760098889     1.382067614
     9.486763060    -1.579106639     1.328093089
     9.690160172    -1.155600603     0.964356836
    10.463049853    -0.284347177     0.959895141
    10.481370843    -0.622489522     1.113805174
     9.419721700    -1.968308094     1.150577374
    10.542563446    -0.659615792     1.130614684
    10.025388941    -1.667672448     1.158933920
    10.485152197    -0.440295149     0.963525832
    10.799427294    -0.731402817     1.143304706
     9.283565269    -1.748418301     1.171062360
    10.000436502    -1.546600395     1.122157401
     9.825325671    -1.441560834     1.118576476
     9.573735562    -1.835137678     1.262702151
     9.935084702    -1.484474516     1.129527820
     9.735727126    -0.845914925     1.024875224
    10.539833011    -0.749655489     1.173612268
    10.648639961    -0.164332228     0.986456559
     9.757202338    -1.269212589     0.991880227
     9.657322219    -1.452599667     1.258821151
     9.748373679    -1.440129030     1.187401148
    10.607148333    -0.543568961     0.995087110
    10.004915439    -1.407701393     1.035151700
     9.693525257    -0.907514700     1.070447102
     9.677323131    -1.253177239     1.026919144
     9.961461593    -1.503753284     1.091492045
     9.906082583    -1.409736488     1.048376232
     9.773158293    -0.799670841     1.074798544
    10.859619082    -0.439830803     0.978118098
     9.985557134    -1.415753372     1.052360776
    10.347310089    -0.861641632     1.111718044
     9.630274189    -1.365632512     1.170153973
     9.689656339    -1.313392148     1.091899927
     9.428523425    -1.295431115     1.145303945
     9.756779644    -0.897135287     1.038881311
    10.005511786    -1.821279023     1.259937878
     9.365676621    -1.517050556     1.256503969
     9.768151504    -0.940726205     1.050245112
     9.423063782    -1.767777486     1.209940011
     9.634650837    -1.486061139     1.320299422
     9.893169347    -0.813292818     1.076376448
     9.646996370    -0.927518823     1.065708929
    10.051783855    -1.814423344     1.241334664
     9.949702738    -1.541202432     1.119382971
     9.863755007    -1.310135309     0.991560167
     9.780515483    -1.405279832     1.112029783
     9.690361229    -1.366297971     1.143188158
     9.602169024    -1.301971341     1.108807363
     9.251723495    -1.816882254     1.168761353
     9.691637012    -1.433418817     1.214703022
     9.623048203    -1.267258684     1.051166531
     9.853712716    -1.380433674     1.056979216
     9.553967773    -1.313497136     1.139226084
     9.346536686    -1.719021096     1.146161894
    10.530539753    -0.244151588     0.963035331
     9.704896615    -1.603871650     1.358904094
    10.403540821    -0.443807606     0.983474757
     9.632305658    -1.321342383     1.116116922
     9.791373371    -1.338519802     1.060053598
     9.873244869    -1.580707715     1.242040407
     9.870403717    -0.758138076     1.059412602
     9.707807210    -1.212240687     0.981960404
     9.949577377    -1.753141894     1.292755159
     9.964679548    -1.942179767     1.291469866
    10.024091425    -1.858030733     1.259839567
     9.535776978    -1.276015291     1.085909452
     9.655236416    -1.205752354     0.988741662
     9.498769935    -1.414460821     1.231370127
     9.627706469    -1.419008183     1.230746136
     9.533398509    -2.084869285     1.072420915
     9.922125245    -1.811411555     1.312116414
     9.646093442    -2.081328348     1.134957349
     9.868969764    -1.772361088     1.337108880
     9.732116490    -1.291967914     1.036917895
     9.570940686    -1.408928821     1.240769219
     9.945242665    -1.937223693     1.289530333
     9.746240697    -1.320930008     1.090742013
     9.539141457    -2.022543620     1.154959649
    11.565751167    -0.937465283     1.158347334
     9.917369808    -1.572467543     1.186191156
     9.753651571    -1.515007463     1.257728530
     9.545856750    -1.546181191     1.315680987
     9.813271954    -1.608017864     1.295300257
     9.455785221    -1.844617461     1.224480759
     9.965186489    -1.997399146     1.291441033
     9.796957183    -1.264205124     0.982508116
     9.882735625    -1.448838098     1.124837095
     9.570486604    -1.233167030     1.033498387
    11.658915488    -0.382930856     1.033676612
     9.808655138    -1.503329986     1.226776569
     9.757470323    -1.572537258     1.318678342
     9.578934781    -1.337243982     1.164228207
     9.735832417    -1.201323719     0.966349396
     9.977181779    -1.564318385     1.194521036
    11.964418919     0.160574830     0.993101323
     9.627790380    -0.942779682     1.060068272
     9.934492476    -1.531895786     1.108071866
    10.817435514    -0.279163131     0.977243484
     9.574713826    -0.757553276     1.085780035
     9.695700772    -1.401284619     1.142290089
     9.648265488    -2.017854308     1.181651203
    10.084945183    -1.769530752     1.232312264
     9.735908007    -1.494509700     1.258357949
     9.668660093    -1.400005408     1.168046064
     9.827031809    -1.419036159     1.096774989
     9.412036799    -2.014105200     1.082616044
     9.736418014    -1.189457176     0.944905829
     9.821837198    -1.748216961     1.381647111
     9.830591098    -1.561627702     1.257903060
     9.684875192    -1.630569791     1.384273084
     9.830519062    -1.481757483     1.173988012
    10.925051242    -0.268659555     1.008351993
     9.892054181    -1.333125146     1.023397289
     9.856731005    -1.559821501     1.226314500
     9.641126634    -1.003350232     1.042444695
     9.836444137    -1.738280571     1.343818483
     9.109644547    -1.861987007     1.178014082
    10.006297135    -1.874648272     1.297597072
     9.572972737    -1.274069682     1.072837617
     9.666864038    -1.476533807     1.311561573
    10.018646222    -0.723848340     1.059607292
     9.985504490    -1.822682276     1.280881463
     9.222527992    -1.759967447     1.176316936
     9.292351606    -1.489929971     1.220024433
     9.550627457    -2.050510192     1.117946115
     9.930176481    -1.615866564     1.238716709
     9.845534426    -1.643109648     1.290200479
     9.620618489    -1.807782405     1.405215580
     9.490614275    -1.727304492     1.352696331
    10.804823688    -0.685253049     1.137901115
     9.857918224    -1.471469405     1.176645671
     9.617352955    -1.438405945     1.274578959
     9.900618143    -1.754727335     1.298215858
     9.530502384    -1.354867045     1.179115440
     9.837779382    -0.842894891     1.067776220
     9.562917988    -1.147195825     1.030174374
     9.844946229    -1.688394790     1.333294552
     9.593190492    -2.088541169     1.088313896
     9.716590188    -1.167111963     0.968374459
     9.706676814    -0.953527873     1.076420435
     9.936103950    -2.013743917     1.265168600
     9.873612820    -0.711499275     1.037246277
     9.861106586    -1.531128308     1.207731058
     9.771407230    -1.537293344     1.266459128
    10.274387511    -0.809135996     1.096861161
     9.817426049    -2.094387067     1.238312403
     9.942563091    -1.813853934     1.310780043
     9.530232710    -1.970482089     1.189375175
    11.692715238    -0.881676644     1.113005146
     9.572107613    -1.469395496     1.299096579
     9.533568675    -0.601657190     1.041673034
    10.695452971    -0.162669701     0.992827496
     9.314112621    -1.463538953     1.211787495
    11.085409126    -0.643410617     1.081354291
     9.726087652    -1.690062901     1.374468611
     9.560520531    -0.579080399     1.020173063
     9.186080263    -1.762538669     1.189396637
    10.369085625    -0.792724207     1.088801127
     9.417451498    -1.737545456     1.228329690
     9.613721761    -1.678544266     1.356839256
     9.603247822    -1.500648935     1.333907363
    11.439715513    -0.632135065     1.080511125
     9.557373911    -1.748252301     1.383354957
     9.947888576    -1.845714480     1.301044841
    10.487372171    -0.839105712     1.130843917
     9.469236986    -2.021001699     1.086585162
     9.507038322    -1.894952554     1.212356948
    10.866729243    -0.318362213     0.975297398
     9.687053495    -1.886929969     1.270143500
     9.344624467    -1.686339348     1.213027339
     9.595195099    -1.813362887     1.362072389
     9.481417193    -1.951561082     1.179735393
     9.680224506    -1.538448407     1.327579441
     9.736958586    -0.814094234     1.046640810
    10.437602747    -0.688763506     1.138164201
    10.493299494    -0.811609104     1.185294133
     9.447195889    -1.212165565     1.109683485
     9.581057801    -0.567224487     1.050639681
     9.773713590    -2.112162364     1.212759727
     9.574882831    -0.613459149     1.008759637
    10.463600757    -0.208618154     0.970995447
     9.485107205    -1.089756944     1.077778046
     9.566695004    -0.636629394     1.027620910
     9.625599466    -0.682272654     1.044133185
     9.515160847    -2.047991295     1.096627684
     9.150823964    -1.783881981     1.166008965
     9.372366869    -1.661432547     1.331632118
     9.658452104    -0.453415452     1.003212066
     9.612864577    -1.895714242     1.262404572
     9.586900983    -0.436217267     1.028915473
     9.598690576    -0.706181536     1.057521667
     9.182611377    -1.713325531     1.205709757
     9.691621643    -1.857650923     1.364700835
     9.121795243    -1.912446476     1.190065901
     9.551782455    -0.933242017     1.063938978
     9.387758535    -1.681264044     1.275034104
     9.496902457    -2.068001850     1.033084850
     9.630882913    -1.641002368     1.384486492
     9.628437286    -2.013734217     1.163432206
     9.443800827    -1.712193322     1.322859938
     9.626390722    -1.936393682     1.189445077
     9.506249419    -1.779034227     1.299271264
     9.575617522    -1.885902191     1.228743485
     9.252995422    -1.669140123     1.209100347
     9.550266863    -1.994767714     1.181147319
     9.519133124    -1.813459640     1.246838405
     9.453914352    -1.997250454     1.118623336
     9.632618613    -0.906997513     1.083941609
     9.731576249    -1.585602565     1.343935812
     9.662926794    -0.597296974     1.009000958
