  0.000000000000000E+000 -0.172898265430284      -0.253827527457251     
  0.125663706143592      -2.615584521985683E-002  1.206844598137005E-002
  0.251327412287183      -3.560427744024024E-002  0.228203021704688     
  0.376991118430775      -0.144784771272598       0.317962787736439     
  0.502654824574367      -0.189224515883420      -0.325200526913827     
  0.628318530717959       0.140104449634780       -1.27213698882144     
  0.753982236861550       0.404535119769715       4.918152967984077E-002
  0.879645943005142       0.453974340854879       0.214174835998389     
   1.00530964914873       0.427529434447772        1.48551803609604     
   1.13097335529233      -0.468880670144791        3.80903990690841     
   1.25663706143592       -1.18196207279432      -5.038485855651254E-002
   1.38230076757951      -0.721134680638513       -2.31276215372287     
   1.50796447372310      -6.344723317784766E-002  -2.52413418957601     
   1.63362817986669       0.739131069044877       -3.05368996588344     
   1.75929188601028        1.19901699529001      -0.138733738404860     
   1.88495559215388       0.894405696420448        1.37844580691532     
   2.01061929829747       0.516522574282928        1.47926892427791     
   2.13628300444106       0.291417776775741        1.35228514032762     
   2.26194671058465       0.174259737682020        1.13164076150520     
   2.38761041672824       0.215249810616435       0.829856725192738     
   2.51327412287183       0.134128880260732        1.74706136046173     
   2.63893782901543      -0.249936106405916        1.92482370306269     
   2.76460153515902      -0.460804183553828       0.696385335451257     
   2.89026524130261      -0.435792191148695       0.170046823401118     
   3.01592894744620      -0.162670763005020       -1.03567266188198     
   3.14159265358979       0.299441091687208      -0.679867061517990     
   3.26725635973339       0.259460417128698        1.06886060609077     
   3.39292006587698       0.106039025760672       0.145826531185843     
   3.51858377202057       0.215927186508777       0.332664706356972     
   3.64424747816416       0.349106905318508       0.330439968534787     
   3.76991118430775       0.271606249565402        1.61727878536302     
   3.89557489045134      -0.105364852642022        1.72405152495248     
   4.02123859659494      -0.372153434676834       0.925308492492088     
   4.14690230273853      -0.177627045518597      -0.641615860221286     
   4.27256600888212       0.306854767281458      -0.434785614864605     
   4.39822971502571       0.529971478443598       0.833777726461584     
   4.52389342116930       0.362777030585607        2.11853450017855     
   4.64955712731289      -0.196583977444610        3.09732587669009     
   4.77522083345649      -0.819324803301216        2.17240272764493     
   4.90088453960008      -0.947646332345767       0.141076450610748     
   5.02654824574367      -0.486978476780323       -1.22986649868891     
   5.15221195188726      -8.339596557922221E-002 -0.177815816545443     
   5.27787565803085      -0.193176676825741       0.745946245701984     
   5.40353936417444      -0.392113994107443       0.237295368528660     
   5.52920307031804      -0.342126633701166      -0.456458819524116     
   5.65486677646163      -0.161220740856726      -0.654964406495721     
   5.78053048260522       8.120392960770251E-002 -0.765487422097198     
   5.90619418874881       0.232319884409719       1.471121503037238E-002
   6.03185789489240       0.126549014159416       0.691759578659291     
   6.15752160103599      -0.140524355642094       0.867907922133982     
   6.28318530717959      -0.172898265430284      -0.253827527457251     
