    10.494759880     0.685482803     1.012289772
     9.568619418    -1.611865843     1.119408150
     9.058695116    -2.050946826     1.038723242
     8.641350300    -1.326983729     1.155350065
     9.159021835    -1.846702764     1.217862155
    10.117177574     0.184205717     0.999875220
     9.167857494    -0.963585932     1.067971242
    10.025350553     0.418522751     1.011512020
     9.479678659    -0.174103275     1.030856279
     9.055531946    -1.858079250     1.217540950
    10.055798985     0.133854537     1.005655358
     9.909940948    -0.084544744     1.013375778
     9.506585477    -2.081553922     1.254972411
     9.340378855    -0.732558115     1.041498228
     9.292118179    -0.550412723     1.034245542
     8.668006000    -1.280662437     1.151246962
     9.440497225    -1.904185857     1.323402416
     8.745577015    -1.797248846     1.172473665
     9.716854447    -0.137242579     1.025232627
     0.500538791     0.003884480     0.011185741
     9.059662344    -2.112194493     1.109335249
     9.308762916    -0.798560130     1.089096391
     8.617779131    -1.259062793     1.155082329
     8.748677149    -1.325628549     1.163204442
     8.834494491    -1.343959071     1.170044656
     8.860146980    -1.440239751     1.183574612
     9.152913714    -1.609927016     1.329291749
     9.085034823    -1.695461369     1.343192648
     9.045781877    -1.534304370     1.243479942
     8.616744365    -1.189372738     1.147545149
     8.649528409    -1.271732567     1.153012391
     8.839891850    -1.402228637     1.180805315
     7.630588217    -1.146931296     1.195014113
     7.955250801    -1.123548167     1.173678673
     8.606405411    -1.158261975     1.155274884
     0.416160912    -1.516547160    28.879452690
     1.031735058     0.046281996    -2.444450415
     4.408856516    -0.657809788     2.080826243
     0.500352224     0.011750529     0.009912105
     0.427167800    -1.273136675    23.898424548
     1.056902668    -1.498446955     3.237368254
     2.679250346     0.028466336     2.653505170
     2.102639003    -1.185496598     3.860605699
     0.664807760     0.302080754    -5.108407276
     4.163904511    -0.357880376     1.695591849
     0.577851386     0.208491687    -6.143776944
     0.513539244     0.417023511    -4.155161444
     2.860687105    -0.305061202     2.008758313
     0.500073726     0.019627893     0.009283934
     1.195060834    -0.287010274    -0.735877818
     1.119526958     0.451140114    -2.126848891
     0.448313642     0.610409396    -0.906535834
     0.306983932    -1.469879038     4.905190362
     0.793952100    -0.153957415    -1.277734807
     0.945451268     1.032146950    -0.002467520
     0.499692367     0.027491933     0.009069779
     0.499195469     0.035342219     0.009008228
     1.000279868     0.740262244    -1.245141889
     1.517862893    -0.316204801     0.838029073
     0.335737035     0.483640868    -3.237963492
     0.287454382    -1.465707490     5.449648356
     0.443269152    -1.206591794    22.629344915
     2.099485305    -0.921604012     3.449501098
     2.682616804    -0.543709032     3.308471794
     2.892886232    -0.858766979     3.425281670
     2.214187925    -0.462333528     3.891383851
     1.518496749    -1.366813368     4.146948906
     3.105523590    -0.586513362     3.631240210
     0.458910099    -1.114945183    20.818690679
     0.498577888     0.043180636     0.008994021
     0.460941440     0.845601480     1.391620106
     0.339469043    -1.146846060     2.618080931
     1.260133689    -0.967604819     1.867379219
     0.844876066    -1.564821356     4.403683396
     0.628059262     0.000627060    -3.313825220
     0.809746566     0.950223857     2.659448331
     0.497837710     0.051007199     0.008986878
     2.124833132     0.259371136     0.861608934
     3.303446959    -0.326347364     2.059009304
     0.471495372    -1.196939683    22.727693511
     0.480373999    -1.055959432    19.859434575
     0.496975023     0.058820799     0.008985680
     3.256722660    -0.936541904     2.734029686
     0.988960320    -0.635927594     0.892644845
     2.999974198    -0.292188441     1.858291801
     3.638035245    -0.606682228     3.239976049
     0.143012699     0.755998443    -0.770820191
     3.395075720    -0.139445656     1.836659833
     2.025921568    -0.846178139     3.904229687
     3.408215884    -0.494937858     2.928724126
     1.820276298    -0.845260028     3.144619718
     2.610499178    -0.544845213     3.424725536
     2.591330957    -0.302015263     1.788461522
     2.274091707     0.164610059     1.069352913
     2.978848533    -0.559034392     3.330312044
     0.589710747    -0.229541381    -1.402691598
     0.979561466    -1.014283686     0.742619242
     1.724263613    -0.911934143     4.941304251
     3.131965742    -0.894122252     3.309150094
     0.909512578    -0.820300501    -0.074600637
     0.495989896     0.066619801     0.008987979
     2.887301953    -0.408813532     1.899985141
     2.878058635    -0.554141781     3.491030247
     0.491965771    -0.724418862     0.078871568
     0.494882124     0.074402382     0.008985099
     1.069289979     0.943370267    -1.024144975
     0.495158367    -1.022662708    19.303747367
     0.558918115    -1.440858779    28.411474498
     0.511022007     1.265348735     1.467054251
     0.493652314     0.082166923     0.008984698
     2.381459832    -0.283089522     1.525610883
     2.140374387    -0.233180341     3.914730863
     1.828272003    -0.726482973     3.503106332
     0.996091715    -1.119270326     1.709633866
     2.831836384    -0.823578237     3.372833312
     0.501694465    -0.825036839    15.297091478
     2.420810575    -0.579499582     3.307086772
     1.695999781    -0.860424056     3.528723717
     0.622106682    -1.494436380    29.944996177
     2.672756299    -0.364330910     1.353903890
     0.492300791     0.089912297     0.008990274
     3.186777167    -0.451153606     2.545114817
     2.495384560    -0.455803391     2.829769558
     0.891156489    -1.114460124     1.768659320
     2.150950814    -1.463548614     3.546858133
     2.057411038    -0.355891106     2.237153991
     2.204640384    -0.516911359     3.373134108
     2.154344726    -0.632771349     3.226880532
     0.791329457    -0.930080425     0.126779591
     2.320991714    -0.663439073     3.708373980
     1.357472179     1.111456531    -1.045760961
     2.749285672    -0.809925466     3.225431298
     1.650495186    -1.168220180     2.935199156
     0.497176121    -0.582805500    10.163695136
     0.597537813    -1.499545924     4.366159303
     3.819688139    -0.555977170     2.996947908
     0.731580268    -1.431483392     5.467290860
     0.704310879    -1.037518903     1.769198975
     0.445323806    -1.359280166     5.175621723
     1.418903553    -0.583751047     2.210225664
     2.794157048    -0.436349528     2.489915429
     0.292590573     1.450351639     3.202940041
     0.883490014    -0.852228436     0.442116635
     2.570591778    -0.378137964     2.958187581
     0.714346201    -1.212664063     1.734960755
     0.784584413    -1.363683962     4.987418693
     2.816918468    -0.778401563     2.986996542
     2.673983535    -0.421062755     2.555838872
     0.490828569     0.097639216     0.009026457
     0.489237164     0.105353491     0.009151557
     0.478316241    -0.451400508     7.227002507
     2.993520286    -0.389794116     2.154945681
     1.880628016    -0.097917833    -0.307222057
     0.513054441    -1.449594472     6.771455951
     1.211923479    -0.888781539     1.778914993
     2.970376018    -0.816756743     3.776412060
     2.089784128    -0.051584039     2.454078728
     1.528890447    -0.400729219     1.250366873
     0.487499797     0.113084725     0.008988776
     0.943766703    -0.603733254    -0.034217608
     0.517879404    -1.273161914     3.782347558
     1.324116639    -0.816826904     1.153957459
     2.325501573    -0.520539338     2.761990435
     1.209264836    -0.869217205     1.952880211
     2.430083786    -0.152620956     2.044855767
     0.485497546     0.121093133     0.007538555
     0.315716969    -1.425922562     6.166721757
     2.157767545     0.155899034     1.137394498
     1.307555911    -0.639113495     1.219220109
     2.133070316    -0.034575441     2.726836541
     1.948812655    -1.049500467     3.266811777
     1.490609599    -0.876023790     3.770916102
     1.173528533    -0.777819831     1.241101936
     1.476570930    -0.858348606     3.404710525
     2.984340491    -1.120705427     3.783225023
     2.422875504    -0.351184592     2.231799532
     1.042360803    -1.258804740     2.365561125
     0.483533066     0.129235739     0.010245106
     2.109896376    -0.678947027     3.351558409
     0.555946244    -0.683196621    -0.404497499
     3.465586035    -0.552234350     3.560752600
     1.942434719    -0.609974243     3.785198639
     3.270588136    -0.503782794     3.260953790
     0.475799984    -0.404030810     6.264742732
     1.937899444    -0.545269148     3.269678098
     0.406522546    -1.183116195     5.184712536
     2.289482404    -0.033652225     2.402773588
     1.787292461    -0.561861917     3.324919957
     2.274056488    -0.707631636     3.683670115
     3.090885533    -0.477917890     2.754467808
     0.371923702    -1.003284490     3.242603758
     0.469841236    -0.346763299     5.055788320
     0.402620016    -0.833612707     0.916462369
     0.565078600    -1.381116565     5.607887693
     0.374316591    -1.469436133     5.715220119
     0.286323382    -0.532710426    -2.359714156
     0.451947481    -1.377064978     6.627444629
     0.456670684    -0.278686226     3.549753294
     0.481023322     0.139510104     0.017297560
     2.331642870     0.105782086     2.051120292
     0.477106773     0.150861301     0.007905497
     1.306583364    -0.735397134     2.681001018
     0.474759984     0.159452858     0.016560242
     4.658156452     0.025122047     1.461278302
     1.286115330    -0.741658957     1.488529514
     2.017748737    -0.544147127     3.325092405
     2.088435266    -0.073973988     2.563246287
     3.916715050     0.496758065     1.316947234
     2.407796784     0.138791305     1.766835634
     0.339192656    -1.121995133     2.212397982
     0.367039112    -1.412181026     5.985320577
     0.170315234     0.616934687    -1.429302270
     1.219348886    -0.780100825     2.748310104
     1.362460884    -0.167980776    -0.495507273
     1.244841477    -1.144957164     2.313690360
     0.869164587    -0.379699019    -0.962490271
     1.724580351    -0.938330436     3.417492771
     0.319797098    -1.514924175     6.198622541
     0.469609241     0.173730887     0.014407510
     0.520108082    -0.943958831     1.000983549
     0.456189809    -1.435310430     6.233647976
     0.387270449    -1.306216287     5.609140042
     3.864463111    -0.168584412     2.386662177
     4.873522974    -0.414740270     1.433980435
     1.706712454    -0.280134157     0.788549049
     3.858406243     0.570981199     0.711141526
     3.243032153     0.377187821     0.678735395
     3.977580743    -0.412033797     2.165908557
     0.588480701    -0.967636910     2.687376992
     0.434308007    -0.749974425    -0.929211521
     0.466483924     0.181104754     0.008235808
     1.141482728    -0.780859548     1.354048448
     2.229980551    -0.556248432     2.389514275
     0.654653691    -0.766795556     0.441882034
     0.624509258    -0.559814276    -0.422934575
     0.756526181    -0.518982904    -1.435531373
     2.998075278    -0.623159869     3.912475616
     1.157994565    -0.515578903     0.615806340
     0.623517152    -0.989230679     0.930623533
     0.460806531     0.195181285     0.008872499
     1.077795719    -0.435557427     0.406395086
     0.430042568    -0.852180941     0.668156490
     1.663134923    -0.457751519     2.362852590
     1.948917564    -0.408534190     1.821543916
     2.022066756    -0.259853609     2.764105038
     2.172555308    -0.154861537     3.813849832
     0.470152309     0.564829331    -1.992786754
     0.582481409    -0.606683018    -1.114196215
     0.457697800     0.202359588     0.008838201
     0.454464222     0.209510028     0.008748320
     0.648165617    -0.684311181    -0.211804722
     0.451111843     0.216615379     0.008587168
     1.687116937    -0.545569254     2.903767036
     0.655832539    -1.173849914     3.572863313
     0.585800576     0.244837514    -3.054811777
     3.938588722     0.340359054     1.142967677
     1.468850417    -0.610893133     2.272599501
     3.951219215    -0.079067134     2.813838254
     0.800778548    -1.103741599     1.744290028
     0.705749151    -1.091315760     2.140668601
     0.414217436     0.336175653     1.145594357
     0.447646163     0.223673796     0.008446036
     1.953583712    -0.297472319     2.574517770
     1.902175602    -0.329616448     2.162041417
     1.756946874    -0.397011238     2.004305906
     0.741009956     0.168827051    -4.863701033
     0.444075711     0.230683787     0.008469873
     0.734551270    -0.861625398     0.007403488
     0.440403776     0.237637367     0.008644866
     1.080148340     0.271944693    -2.552326233
     1.016771107    -0.814171292     0.535934629
     0.436625207     0.244528550     0.008820293
     0.432737241     0.251357455     0.008946321
     3.764696327     0.027851503     2.070269791
     0.400381501    -1.436241047     6.320063092
     0.828321103    -0.689527898    -0.779022831
     0.428736989     0.258122351     0.008955587
     3.928176567     0.227686059     1.755840153
     1.218012887     0.360395927    -2.658841090
     1.677623814    -0.545337634     3.216817061
     2.959766254     0.308997423     0.549409296
     3.731425036    -0.044170549     2.535504735
     0.435848424    -0.936880202     1.671943718
     3.353336941     0.279616312     1.387194075
     0.720967316    -0.937810988     0.517599542
     0.980666716    -0.706356084    -1.607882924
     1.852781254    -0.447686018     2.997194277
     3.690386922    -0.350313141     2.477756658
     1.137613630    -0.723192843    -0.061315915
     5.009315074    -1.162073542     1.642683399
     1.600853879    -0.592461150     2.783150745
     4.441704565    -0.103434669     1.634788093
     3.617272154     0.478974949     0.476790065
     0.729268194    -0.786449190     0.030297394
     0.424631078     0.264824621     0.008977125
     0.282457482     0.624171218    -2.001976760
     0.611823880    -1.191102991     3.229560327
     3.059938666     0.155881427     1.295285476
     0.420419686     0.271461681     0.008987620
     0.531242161    -0.725813111     0.061674076
     1.624583957    -0.565599344     4.195453405
     1.463193353     1.025271276    -2.075206501
     4.869358272    -1.422823127     1.856819999
     0.416105768     0.278032663     0.009027877
     0.588499109    -0.631059957     4.204119688
     0.742991762    -0.889553585    -0.046326533
     0.309333083    -0.421376089    -1.339508505
     0.445122329     0.771022208    -2.716709930
     3.628981650     0.341868367     1.356284616
     0.693633904    -0.075840114    -3.020372762
     0.535125626    -1.080436632     2.402299742
     0.741417414     0.876119579    -3.140376271
     0.411690121     0.284535225     0.009085401
     0.333845002    -0.541807562    -2.063935567
     1.525584856    -0.687636753     2.746916092
     0.677370950    -1.463857036     5.015662932
     0.388857054    -1.047128895     2.445961065
     1.591362087    -0.829352474     3.286335643
     0.336181594     0.813980001     0.619207500
     0.330017612    -1.227346962     5.283609247
     0.521349693    -0.120664887    -3.327192998
     0.339970562    -1.404332879     6.437192011
     0.613645547     0.943193102     1.164683393
     0.348540890    -0.746147589    -0.371130783
     0.110550026     0.582671430     6.051056495
     0.407100113     0.290905327     0.007234115
     0.268730266     0.611823011    -1.864614466
     0.046122172     0.724464128     9.621495680
     3.595479587    -0.496955776     3.026582226
     0.976221474     0.492577256     1.559025406
     0.838967141     1.160463381     2.788210481
     2.174011133     0.540712164    -0.985384006
     0.402491356     0.297249862     0.007241340
     4.179072594    -0.493828159     2.277098887
     0.665527329     0.836530067    -0.684866090
     0.040773121     0.746673734     9.864084494
     2.411071394    -0.015681187     1.777624278
     2.547786834     0.633354121     0.026604035
     0.046140000     0.735973167     9.452979188
     0.699131681    -0.803449405     1.666182573
     4.153661587    -0.015229590     1.816947070
     1.494096529     0.336901020    -3.332847352
     0.724876423     0.537494489    -2.392118425
     0.397852125     0.303572045     0.008950556
     0.606951557     0.540686315    -1.622732937
     0.013440849     0.788412312    10.729971219
     5.201548541     0.080177978     1.302498789
     0.481498939     0.573836365    -2.012956111
     0.552969420    -0.595954417    -2.770434118
     2.595657067    -0.622742867     3.488451421
     0.171662533    -1.412362483     5.470875485
     0.393056145     0.309600601     0.007020181
     5.392250331    -0.643749746     1.436992606
     0.514430621    -0.657162313     0.061277583
     0.138497770     0.960637764    -0.095693765
     4.185777994     0.680644630     0.862167512
     4.091270181    -0.077226488     2.242368748
     0.383366389     1.007722899    -0.003332514
     0.262601442     0.890183434    -1.424891899
     2.935711537    -0.503472953     2.793116890
     2.164388462     0.689035894     0.149014593
     3.993617069    -0.137653889     2.259396399
     0.052385971     0.746652041     9.347615226
     2.211572385     0.898146595    -0.535743100
     4.539109367     0.237277122     1.138130036
     0.364146993     0.447758949    -5.486638815
     0.388362415     0.315493854     0.007346156
     2.196459486    -0.514661269     2.096964513
     4.782289391    -1.706352577     1.772721416
     0.333805162    -0.620604274    -0.399696565
     2.163154895     0.757513896    -0.056106947
     0.423204717     1.617846054     3.761339712
     0.107687701     0.681987251     7.369562305
     1.357566324    -0.410305829     1.414150775
     1.632890394    -0.757124620     2.856150904
     0.113631692     1.054465130     0.860746189
     0.430977843    -1.236095849     4.222141769
     3.417105493     0.196371370     2.342022435
     0.515430560    -0.419953972    -2.296415751
     0.130664074     0.682287628     7.092078286
     1.216404279    -0.819324904     1.163117362
     0.384223936    -0.576536591    -2.312029730
     0.239045142     1.059955981     0.391142255
     0.322824471     1.153637433     0.889127308
     0.378408467    -0.832406783     1.483555318
     0.230286119     0.877720173    -0.192012394
     3.490607669     0.209425520     1.793418349
     0.298545089     0.938607238    -0.250131819
     4.594472948     0.038619396     1.406736202
     3.323495633     0.609298006     0.189318708
     0.363923050    -0.589994212    -1.015100530
     0.143051033     0.686572099     6.991039296
     0.377536986     0.328356434     0.007154769
     0.487955150    -0.478786677     1.647381874
     1.332237496    -0.876858460     1.889658382
     0.549322977     0.903505264     2.469907766
     0.956009946    -0.858027052     0.521710832
     0.367401831     0.339713805     0.007896975
     0.319698298    -0.533042644    -2.275835324
     2.942139957     0.228769722     1.374118671
     0.436948714    -0.689459884    -0.596278575
    -0.113126636     1.102623200    17.474860535
     0.245629667     0.989709226    12.876830627
    -0.102543316     0.693908253    -2.361335657
     2.040531830    -0.394689063     2.590455840
     0.598322022    -1.089292033     1.727661084
     4.814781982    -0.485103209     1.276688224
     0.240021524     0.795535610     0.678478761
     0.362101418     0.345446822     0.009123232
     0.356634687     0.351082129     0.009043656
     0.351076098     0.356636382     0.008983193
    -0.465595697     0.818066754    17.482443904
     2.889460733     0.570690326     0.547390574
     3.437116684     0.219165378     3.157342408
     0.424874499    -1.135368967     4.481818509
     2.034017545     0.700896454    -0.461192889
     0.345431679     0.362106266     0.008984343
    -0.354303378     0.473320754    11.410679931
     1.912688126    -0.428983357     2.870710932
     0.346979486    -1.362446354     5.498514461
     1.216385810     0.192005813    -2.786391204
     2.044362723    -0.170647233     1.826945591
     2.330585267     0.477800821    -0.360038344
     1.310608769    -0.688545724     1.986392074
     3.152709722     0.210561395     1.318673495
     4.536233451     0.302624043     0.961121333
    -0.241402461     0.476665027     8.231661109
     0.074235207     0.576014675    -1.373428042
     1.086591587    -0.885256998     1.207087970
     0.960483032    -0.243373442    -1.870863635
     3.217874544     0.124408907     2.139816167
     1.449045880    -0.063756094    -0.446477781
     1.718359094    -0.897783531     4.774143367
     3.147354505    -0.097375541     1.671440086
     0.844192489    -0.323018253    -1.676110938
     2.920650034     0.041800109     1.929760932
     1.949661013    -0.344045748     2.073899179
     0.339701465     0.367487138     0.008982118
     1.417241933    -0.772231371     3.233365651
     2.051392236     0.423709074     0.435381849
     0.333888299     0.372778574     0.009009691
     0.865405118    -0.510285025    -0.527047488
     5.177862336    -1.482718557     1.677279647
     2.852765675    -0.110762596     3.239990102
     0.631005856     0.044843454    -3.253372607
     0.508560825    -0.086392078    -2.842369021
     3.114163940     0.118881062     1.731963696
     0.428778885     0.415442260    -3.065130713
     0.512631074    -0.276797762    -2.695503071
     2.212448854    -0.100258629     2.561071000
     2.864866309     0.125949726     1.321879907
     0.327992903     0.377978361     0.009044150
     0.589409220    -0.333683538    -1.384273307
     1.990908132     0.020164878     1.869471987
     1.021314611    -0.676648047    -0.616135125
     0.480322610    -0.275754351    -2.329399157
     3.309128582    -0.190124725     1.735512320
     0.331785058    -0.985184102     3.657892043
     0.453583397    -0.235652469    -2.562376039
     1.869387220     0.068290036     1.401303463
     2.783866571     0.736226201     0.450030086
     3.860041014    -0.004277651     2.602788688
     1.241604796     0.164615813    -2.779688325
     4.853244827    -1.694491003     1.825897172
     0.622475827    -0.245376320    -4.237852399
     0.719449214    -0.579003380    -1.646796892
     3.087672373    -0.116696960     1.733467582
     0.114802233     0.711910953    -0.388326119
     2.669236848    -0.071956990     2.170555102
     0.735530331    -0.199336498    -2.880966696
     2.760938959     0.280131216     1.286524825
     0.247619528    -1.378397651     5.312765187
     2.907093158    -0.559712174     3.412004916
     0.167353690     0.737914089    -0.437996955
     0.147208160     0.718953839     0.870570045
     0.322017472     0.383086056     0.009107947
    -0.127025622    -1.758533629     3.465564695
     0.315958629     0.388094529     0.009048803
     0.467360810     0.248639601    -3.374406139
     3.105491907    -0.245779929     1.989222401
     0.586348526     0.846645504     0.850927127
     0.309822926     0.393008472     0.009022547
     0.303612004     0.397826923     0.009034629
     0.297324457     0.402544694     0.008985761
     0.290965398     0.407164824     0.008985618
     0.284535855     0.411683674     0.008986482
     0.417728389    -0.299954572     0.302017102
     0.505989509     0.061262988    -1.400439670
     0.278040488     0.416098082     0.008987017
     1.610852967     0.457862910    -1.250868855
     0.295725728    -1.427310948     5.047053246
     2.686383969    -0.281230085     1.543344142
     0.271491390     0.420400098     0.008980864
     2.743408318     0.055967592     2.295571068
     3.491238934    -0.350207843     2.344651552
    -0.394677526     0.531157019    -2.088915559
     0.264946403     0.424451333     0.007217302
     0.321725633     0.466240725    -2.802271254
    -0.000887720     0.728412729    -0.915847242
     0.258456119     0.428498297     0.008315547
     1.993206704     0.077441753     2.295974586
     0.131406387     0.704992329     0.124104392
     2.303955446     0.319848640     0.726248890
     2.459856831    -0.090758294     1.503180982
     0.017851503     0.899700725    -0.444594473
     1.979018508    -0.088064761     2.802561549
     1.615927667     0.626033507    -2.805222898
     2.537608685     0.386408615     0.719707708
     0.244757389     0.436448701     0.007979984
     0.237697781     0.440389637     0.008969930
    -0.088057607     0.701197843    -1.172931348
     2.702944098     0.015877108     2.518719760
     0.603299238    -0.821348317    -0.499129108
    -0.243212111     0.542997593    -3.463442454
     0.960506782    -0.173757701    -4.630429019
     0.484359360    -0.435121712     1.088562683
     0.230702180     0.444094334     0.008969976
     0.866527779    -0.555026596     0.746556728
     0.643158494    -0.456280922    -0.986817744
     0.578014166    -0.864369811    -0.292488577
     0.223593880     0.447618008     0.007228049
     0.972712355     0.088101777    -3.758194719
     0.096739287     0.868091406    -0.374541326
    -0.173237126     0.986946931     0.028231467
     0.454808678     0.766724613    -0.089468080
     1.515199541     0.488958902    -1.888734008
     0.216546257     0.451169370     0.009026261
     2.640885776     0.290884600     1.310866488
    -0.329740049     1.348462380    -0.714623816
     0.886740312    -0.104739944    -3.737912818
     2.369597031     0.252583851     2.564101854
     2.238080244     0.320520628     1.032064492
     2.197685279     0.455631613     0.135324797
     0.209245067     0.454612596     0.009228323
     0.201318128     0.458184376     0.009368192
     2.383268079     0.387609369     0.893434413
    -0.334967719     0.821915725    -1.348684504
    -0.052300039     1.027719052     0.048164941
    -0.651631313     1.313617055     1.884564484
    -0.327382657     1.184173863    -0.844019282
    -0.587241214     0.896416412    -0.385732236
     0.193856571     0.461279411     0.007323741
    -0.651729797     1.366392539     2.196526988
     1.823425452    -0.092679556     2.325372789
     2.896105517    -0.234951750     2.266074875
     1.351281193     0.206901084    -2.657408327
     2.856428066     0.015985447     1.906260899
     0.780454578     0.733256222     1.664479279
     1.737598088     0.224287445    -1.277398426
     0.785232186     0.054945845    -4.193534848
     0.686245746    -0.098535764    -3.231838101
     2.749596573    -0.545424719     3.693729697
     0.406466647     1.375039820     2.258805625
     2.511035075    -0.126662497     1.971628591
     0.610056764    -0.200882748    -1.948757940
    -0.257575185     1.070942694    -0.427707204
     0.799996033    -1.168328796     2.388899905
     1.937011261     0.389907321    -1.369330824
    -0.662273618     1.136636907     1.534362585
     2.806624385    -0.087588269     2.912170793
    -0.244641922     0.819687530    -1.103916815
    -0.519669618     1.426041834     0.301329987
    -0.063080775     0.690577491    -1.557735497
     0.857525924    -0.989263973     1.142473838
    -0.925165093     0.823568539    -0.718454029
     0.502093758     1.157117242     0.857164783
     1.176670668    -0.373937516     0.693239900
     0.405296322    -0.720512967     0.261095709
     0.413476770     1.467523907     1.086827626
     2.584936063     0.245800482     2.008218717
     3.035301579    -0.109689459     1.559419745
    -0.106511726     0.590302237     3.547755878
     0.180473889     0.466773534     0.009071732
    -0.139260275     0.556287103     3.298026357
     1.526405276    -0.469523203     1.617623264
    -0.353401546     0.646776489     8.163169810
     1.300756809    -0.556868006     0.912400657
     0.173184626     0.469523742     0.009013659
     0.165807761     0.472178071     0.008991372
     0.158376516     0.474722057     0.008987532
     0.382697467     0.350140955    -3.653547630
     0.150873603     0.477069969     0.007277839
    -0.737178897     0.947887458    -2.935027181
    -0.592122115     1.169368517     0.755515774
     0.861886544    -0.625832946     0.271560559
     1.040998466    -0.464324520     2.756069876
    -1.264257197     0.732862165    -1.097913721
     0.940693522    -0.395285560    -1.098211993
    -0.370133741     1.026788085    -0.314119232
     0.143389235     0.479461760     0.008985531
     0.135840638     0.481654818     0.008985331
     1.375995725    -0.617705903     1.327314901
    -0.257046885     0.647937376     6.386590187
     0.128258418     0.483729069     0.008985165
    -0.439552099     0.839920643    12.016393819
    -0.385159856     0.737969718    -1.563905147
     0.120644517     0.485683961     0.008984676
     0.214109115     1.238208064     1.677143920
     0.549494379    -0.559241888     0.203064700
     0.124018489     1.290838040     2.184770492
     1.474113029     0.462573584    -1.991325766
     0.113000943     0.487519468     0.008993375
    -0.945602083     1.242582077     0.204451168
     1.597420453     0.496617161    -0.921461269
     1.163057048    -0.116054967    -2.653649523
     1.239704362    -0.489056012     1.476935395
     0.105329654     0.489235533     0.009019308
    -0.703970044     0.414433854    13.944535442
     0.754754927    -0.542320336     0.086847458
     0.097632592     0.490832184     0.009071520
    -1.399802949     0.388351099     0.274834043
    -0.635528068     0.524429637    12.443601284
     0.813016229     0.117789518    -4.376868405
     0.089895054     0.492218471     0.007308717
     2.053646278     0.036056022     1.308497164
     2.909699619    -0.076148704     2.763110640
     1.448538691    -0.359417253     0.682348691
    -1.128266499     0.701351109    -0.527914934
     0.385250910    -0.705568698    -0.320103909
     0.557915261     1.640989597     4.065383020
     0.730633569     0.479365756    -1.518361233
     1.530082629     0.207730418    -2.769406083
     1.785549519     0.068714859     0.931574387
    -0.787364323     0.613820005    16.041727424
     0.082166405     0.493653100     0.008998494
     0.185877076     0.751283726    -0.090503067
     0.970218137     0.712764730    -0.899606491
    -0.058144716     0.921901604    -0.302633536
     0.895208506    -0.218672450    -5.493858308
    -0.998024431     0.695188755    20.752716913
     1.375090177    -0.276010422    -1.112988114
    -1.137788508     0.750093734    23.773814740
     1.752633668     0.803495188    -1.247317205
    -1.119918277     0.405629463     0.824789556
     1.015429188     1.178551705     1.426110124
    -1.135146581     0.777451230    23.720795757
     0.254430208    -0.525847176    -1.670546219
    -0.948281190     0.619858031    -0.189709739
    -0.611123524     0.323980972    -1.594925736
     0.063827125     0.822305007    -0.111011444
    11.107383286     4.369105595     0.959383866
    -0.812011007     0.710359739    -0.829732673
     0.827730236     1.555771036     1.649190876
     0.676116689     1.214964241     1.306587187
    -1.174731884     1.038178883    26.312151003
     0.074402197     0.494882115     0.008984378
     0.893656194    -0.614070723     0.116440753
     0.432454601    -0.468859885    -1.425105931
     1.270176550    -0.529515947     1.735371414
     1.072947996    -0.519289797     2.782868832
     0.701379544     0.642514015    -3.150532784
    -0.768065924     0.834173856    -0.852720028
     0.590158716    -0.133511500    -3.469116113
     0.392254708     0.747629277     0.752410623
     0.646803933    -0.599332869    -2.564347241
     0.609900125    -0.559870751     2.688527776
     0.525167727    -0.015831982    -2.726722068
     1.129523833    -0.539151357     0.792792300
     1.063005490    -0.591309000     1.250996193
    -1.096491946     0.081029899     0.604685717
     0.889674200     0.047199981    -4.884178735
     0.633876928    -1.438094088     5.461073859
     0.066619753     0.495989756     0.008985070
     1.132766749    -0.351663251    -1.001713827
     0.567414870    -1.207597114     3.388340242
     0.724704839    -0.398604660    -0.778015536
     0.603920754    -0.235703305    -3.730530372
     0.058820875     0.496975065     0.008986696
     1.066618777    -0.255869059    -1.610166052
     1.154191498     0.056132419    -2.696969479
     0.461565114    -0.567877494     0.373489146
    -1.499137610     0.306446130    30.237741834
    -1.163605413     0.448363880    22.770590283
     0.633789325    -0.196818797    -5.386112011
    -1.161936520    -0.116255144     5.515416260
    -0.489708443     0.641895555    -0.943716639
    -1.228332084     0.438720298     1.202763820
     1.928278048     0.176601912     1.548959356
     1.837624843     0.561211809    -1.212236747
     0.050998745     0.497752479     0.007273900
    -0.591164561     0.623298587    -2.372522831
    -1.150373626     0.541576799     0.023776727
     1.989020182    -0.266979727     2.341162341
     0.043181481     0.498577380     0.008985372
     0.666697199    -0.501764557     0.467084275
     0.035344849     0.499194260     0.008987830
    -0.420496254     0.663400843    -1.468419936
     1.590119418     0.066201412    -0.451310331
    -0.578482852     0.428270048    -1.966373538
     0.905448795     0.327319407    -3.441729747
    -0.639915025    -0.025355186     1.047747938
    -0.281162661     0.448893673    -3.540801822
    -0.758079407     0.486009629    -2.556526498
     0.027499486     0.499687849     0.008987846
     0.829132392    -0.223273068    -0.441384694
     0.749313840     0.144456810    -4.590947390
    -0.991764473     0.523123314     0.815927100
    -0.879912053     0.520014051    -0.499919413
     1.477678546    -0.283886852    -0.732236388
     0.792313507    -0.384310003    -1.596334494
    -0.728440247     0.165686627    -0.750245232
     0.964550137     0.053950540    -1.985017784
    -0.879556046     0.261795942    -0.112432613
    -0.875238313     0.474009387     0.942221709
     0.019647338     0.500058149     0.008987891
     0.703160210     0.117091158    -5.070609624
    -0.654179414     0.397286103    -2.697107596
    -1.704521894     0.642694729    34.180463037
     1.339156263     0.108689995    -4.178852473
     1.124488410    -0.291071975    -0.716475344
     0.816613862     1.190139613     1.617581668
     0.011790340     0.500304962     0.008985834
    -1.366811870     0.820140616    27.774995052
     0.984153511    -0.343297147    -1.097008150
    -0.632851005     0.172103646    -1.138754172
     0.003930437     0.500428532     0.008987753
    -1.192037455    -0.216910393     3.402722634
    -0.509995430     0.414997749    -2.673124365
    -0.003930436     0.500428407     0.008985269
     1.220559832    -0.196309955    -0.795200514
     1.568197470    -1.134292779     2.683272331
     1.877585800    -1.041245011     3.357489258
    -0.790658615    -0.078203490    -0.772750009
    -0.011790342     0.500305065     0.008987888
    -0.019647333     0.500058017     0.008985245
     1.318125398    -0.301771157    -0.944039271
     0.650878720     0.536881323    -2.280068160
     1.999259316     0.988061583    -0.592788035
    -0.977583811    -0.168169891     2.414176726
     1.230793983     0.456028527    -2.382571368
    -1.621242443    -0.005783526    33.324255530
    -0.027499479     0.499687716     0.008985189
     0.690067457    -0.301552974    -3.270575998
     0.875836756    -0.087504735    -3.777308151
    -0.584873903     0.579104088     3.020938674
     0.388598209     0.532032531    -2.849390672
    -1.901411735     0.203527079    37.885817660
     0.933334323     0.263668708    -1.376681332
    -0.855783961     0.196469596    15.861089965
     2.909736361    -0.045274879     4.194988802
    -1.954089374     0.270672073    38.472108136
     0.502066923     0.099165563    -7.353470946
     1.666906707     0.304685382    -2.113016271
    -1.470553044     0.248383384    28.393728938
     1.432994308     0.099105823    -2.282385877
    -0.035344839     0.499194119     0.008985008
     1.811707872     0.103470502     0.740608572
    -1.012052242     0.252786959    18.514132138
     0.593831324    -0.534258359    -1.301280458
    -1.489154603     0.255798376    28.447417646
     1.995551455    -0.245088891     2.450093550
     1.388483660     0.001318695    -1.967116612
    -1.379361069     0.245584392    26.035260839
    -1.313074555     0.235426768    24.528444460
     1.064504761     0.370777118    -4.154690797
    -1.594210232     0.216274064    30.287723278
     0.457804457     0.887959208     0.720157912
     0.546691913    -1.174377103     3.542892678
    -1.100325698     0.241292862    19.700163458
    -0.738827140     0.270669193    11.495410222
    -1.056079953     0.247879201    18.426396076
     2.081247468     0.205193627     0.788707282
     1.071882599     2.519532881     0.693621551
     1.817424657     1.359035641    -0.525576862
    -1.075333855     0.255862765    18.660468066
    -0.925020706     0.319888996    15.073223088
     0.771776467     0.593118307    -2.135442052
     0.453324724     0.293629362    -2.760759782
    -0.043181485     0.498577433     0.008986427
    -0.838408675     0.457665373    13.055247659
     1.931976662     1.595416063    -0.254614239
     0.434644436     0.363603829    -2.910323721
    -0.051007544     0.497838363     0.009000579
     1.678068721     0.487594530    -1.555614918
     0.825713233    -0.162892206    -1.107288102
    -0.591418647     0.011779645     9.836999933
    -0.618965786     0.152989181     8.501425470
     0.875600468     0.074870245    -3.619952326
    -0.532104912     0.297238974     5.578913281
     0.385026121    -1.060946093     3.666596630
     0.497365416     0.841246554     0.743577092
     1.587500070    -0.898120119     3.051585449
    -0.058820881     0.496975117     0.008987733
    -0.509218277     0.106339502     5.636330120
     0.088866248     0.566744917    -1.225273103
     0.232227707     0.498451636    -1.134720491
     2.137465700     1.426628547    -0.196643843
     0.951166971    -0.112668855    -2.079239114
     0.876932833     0.380342704    -3.055131864
     0.341070888    -0.739063105    -0.307925787
    -0.066619922     0.495991017     0.009010519
    -0.489940037     0.119178055     4.896130497
    -0.074402184     0.494882026     0.008982575
     2.522463522     0.180762412     3.341487573
    -0.082152279     0.493568234     0.007277827
     0.753857931     0.080316131    -3.993412605
    -0.089910109     0.492300898     0.008984514
    -0.879565198    -0.057649462     0.698216936
    -0.726074519     0.143487366    -2.346663147
    -0.097631765     0.490828029     0.008986796
    -0.105329292     0.489233851     0.008984904
     0.704694583     0.491188394    -1.857836194
     1.771403966     0.921548738    -1.470827206
     0.303691482     0.417921900     6.000246091
     0.739718938    -0.060101715    -2.530364896
     0.685691287     0.614969481    -3.244932014
    -0.112981518     0.487435703     0.007273622
     0.267639543     0.689065751     8.661936872
    -1.045692660    -0.343537785     4.600008686
     0.361445908     0.534991253     8.842310262
     0.595008052     0.173148708    -4.871243289
    -0.120644517     0.485683949     0.008984446
     0.163350959     0.814045276     9.540883314
     0.254559532     0.695695732     9.039600752
     0.663858916     0.157718522    -5.109492757
     1.593437564    -3.525504061     1.020160624
    -0.128258414     0.483729010     0.008984004
     0.062554526     0.765354380     7.818446344
    -0.135840653     0.481654733     0.008983787
     0.224649593     0.821172482    10.954767957
     0.146485590     0.744153168     8.653336547
     0.095667869     0.694026255     7.185546145
     0.830526125     0.456275740    -1.079842346
     0.081819426     0.681850129     6.896246484
     0.855417634     2.379935729     0.679190989
     0.049402621     0.656590780     6.122901947
     0.042018502     0.650140031     6.021764530
     0.008929347     0.626620404     5.281476512
     0.032291788     0.648504006     6.096570317
     0.058693126     0.678839323     7.126073158
     0.070249656     0.696509680     7.730540728
     0.228542647     1.152575193     1.047103906
     2.023455889     0.299934905     0.743910211
     0.075319872     0.708070195     8.137464907
     0.482161184     0.687610397    -1.212485316
     1.442545477     0.830929561    -1.762349981
     1.665438950     0.634482393    -2.499090845
    -0.177730802    -1.309515888     4.221066881
     2.482651742    -2.211459489     2.900427086
     0.063515835     0.702355706     7.999969657
     0.568579024     2.346683502     0.139118588
     0.053771085     0.696520993     7.887786380
    -0.003307763    -1.718092769     7.775710810
    -0.016146055     0.720262018    -0.768848602
     0.160581162     0.825285132    11.820018524
    -0.837072052     0.232907317    -0.688287129
     0.831626837    -0.790165599    -0.044334278
     0.122358014     0.930983018     0.013881339
    -0.199472204     0.541271887    -3.187955327
     1.159099944     0.285007556    -2.039770590
    -0.547559157    -1.055102870     3.850408757
    -0.143389336     0.479461655     0.008984088
     0.035234261     0.684216064     7.664714858
     1.004943203     0.340805642    -3.097802000
     1.463762191     0.515407755    -2.018244874
    -0.008268514     0.627195552     6.124068975
     1.024442802     0.722294993    -0.347121497
    -0.653132866     0.195828401    -1.705885681
    -0.000993828     0.621815466     6.227234824
     0.863065828     1.191279322     3.321117090
    -0.150902488     0.477150350     0.008984825
     0.072614541     0.681193564     8.506071627
     1.248429712    -0.417074752     0.282674611
     0.451535536     1.150618555     0.938061106
     0.492099184     1.011590442     0.704594457
    -0.217730003     0.508077620    -3.825909445
     0.433415398     0.915952860    -0.084648441
    -0.778597220     0.153857626    -1.495266396
     0.194755214     0.886672153    -1.606171321
    -0.115024896    -1.578016401     3.380708301
    -0.930028760    -0.181003506     3.727944651
    -0.158377876     0.474721514     0.008985842
    -0.228116287    -1.490380489     3.134060582
     0.412337362     0.847198147    -0.404952146
     0.541937695     0.975192648     3.257729657
    -0.085462717     0.830856252    -0.430057990
    -0.979630430    -0.570340698     8.644588361
    -0.289382797    -1.470822449     3.035592311
    -0.178540806     0.676921066    -1.295271570
     0.503408866     0.857371510     1.725646741
    -0.165812655     0.472176901     0.009001721
    -0.173202224     0.469521322     0.009090034
    -1.041996014    -0.282921342     4.456294853
    -0.287888608     0.602553455    -3.650750280
     7.304111725    13.673266721   322.417662034
    -0.497075262     0.214952732     1.003450880
     0.302023722     0.827377312     0.449481758
    -0.577774238     0.053180275     2.736704273
    -0.470762423     0.171387344     0.231018450
    -0.578945584    -0.015597268     3.150893259
    -0.187159692     0.464074035     0.007985778
    -0.041577884     0.874019758    -0.720316698
    -0.171086749     0.738324425    -1.701131413
    -0.195656728     0.461175702     0.019383879
    -0.473188034     0.414768946    -2.963174181
    -0.109642296     0.680564858    -2.716300251
     0.881153297     1.226388509     2.709849630
    -0.611108174    -0.188035441     5.655307122
    -0.674641873    -1.706802310    26.446026946
    -1.336413164    -0.747741653    19.544280690
     0.002146659     0.735517352    -0.474413646
    -0.666516387    -0.230292247     7.103281295
    -0.209432043     0.454515819     0.009032817
    -0.477392106    -0.340848470     6.769067100
     0.630050561     0.906967623     1.683969417
    -0.522416376    -0.372175730     7.722011639
    -0.716828841     0.678517425    -0.412995542
    -0.246271795     0.677423031    -2.110795107
    -0.155677056    -1.495068471     6.271898164
    -1.213756137    -0.589711429    15.466128228
    -1.017142387    -0.441695568     9.114558275
    -0.531508995    -0.398410788     8.251110541
    -0.216603367     0.451139406     0.008980157
    -0.223680322     0.447672815     0.008981199
     1.288508605     1.985741113     0.628749760
    -0.514287084    -0.393947028     7.877938959
    -0.208842462     0.587929598    -2.987619991
    -0.230689709     0.444101781     0.008987165
    -0.237638627     0.440423119     0.008997286
    -0.423091443    -0.294430830     4.580321617
    -0.357309668     0.373599590    -4.845273959
    -0.457460610     0.467789042    -3.681640398
    -0.244527348     0.436635421     0.008986782
    -0.215438711     0.477399450    -3.643650974
    -0.656827717     0.673968606     1.441324534
    -0.251312488     0.432666877     0.007277723
     2.247464483    -1.663154343     3.724129409
    -0.258121961     0.428739181     0.008989128
    -0.264824460     0.424631862     0.008988738
     2.091770030    -1.550534005     3.664054380
    -0.869995690     0.435399956     0.778925742
    -0.312868123     0.448705095    -5.987788375
     0.801564314     0.977315149     2.398059202
    -0.271415370     0.420348196     0.007284030
    -0.752968915     0.533002247    -1.305201999
    -0.466052821     0.796411411    -0.880942751
     0.655874189     0.031215539    -4.476596733
    -0.626038868     0.714972796    -1.922035796
     0.926621963     0.691678100     4.057561186
    -0.278031731     0.416103892     0.008986338
     1.343794527    -1.226248956     2.378572955
    -0.110286752     0.780021476    -0.758757368
    -0.111756844     0.495084374     6.084589248
    -1.129933049     0.050466806     5.199168912
     0.353253664     2.794390714     0.052492514
    -0.284533479     0.411685674     0.008992365
    -0.290915022     0.407095895     0.007278204
    -0.034955554     0.738930968    12.534102536
    -0.662035267     0.298999269    -4.215085481
     0.414228165     0.538844596    -3.573760450
    -0.009313306     0.603559601    10.277169773
     0.135281295     0.675081098    14.255681074
    -0.297324229     0.402544836     0.008985319
    -0.680088503     0.206305104    -1.637956571
    -0.303610447     0.397825007     0.008985287
    -0.212575361     1.147937546    -0.984756711
    -0.309821755     0.393007023     0.008985279
    -0.916464746     0.368505878     0.854028257
    -0.238245436     0.776032041    12.195466774
    -0.114500944     0.701865211    11.613346416
    -0.780033732     0.449442983    -1.816224265
    -0.020486381     0.706058220    12.974636516
     0.077232145     0.771836613    15.804437862
     0.217599157     0.867028429    19.777595929
    -0.979519984    -0.012007903     1.369264128
    -1.043492290     0.336793001     0.960501357
    -0.315956619     0.388092070     0.008985277
    -0.322013611     0.383081462     0.008987921
    -0.327990980     0.377976133     0.008985287
     0.537427661     1.087549685    28.339610694
    -0.333887595     0.372777742     0.008987900
    -0.339701652     0.367487177     0.008985246
    -0.345431983     0.362106040     0.008985260
     1.016206980     0.161880708    -2.828670923
    -0.351077083     0.356635559     0.008985276
     0.148080065     1.491337776     2.439361633
    -0.290627987     1.321719635    24.993276779
     0.269456631     1.451882976    31.591225685
    -0.356635559     0.351077082     0.008985273
    -0.362106042     0.345431982     0.008985271
    -0.319504192     1.530687025    29.769914147
    -0.642336841     0.011983253    -0.942585538
    -0.367487181     0.339701650     0.008985266
    -0.996575437     1.517615365    31.560019516
     0.214417863     1.710272652     2.252936935
    -0.735617481     0.000146624    -1.076227637
    -0.212460131    -1.731435119     3.664657120
     1.490535350     1.185399431    -0.769499073
    -0.575198607     1.539291739    30.335389992
    -0.430581747    -1.362327868     1.279687257
    -0.043099829     1.605985207     0.911919653
    -0.769507644     0.097740595    -1.466306731
    -0.825927734     0.119440393    -0.955173230
    -0.372777654     0.333887495     0.008985249
    -0.340396829     1.618515664    32.184036713
    -0.332407103     1.873985971    -0.395831100
    -0.108493356     1.727577314    35.327521402
     1.455738763    -2.464466108     4.056380505
    -0.818032145     0.146645907    -1.377241417
     0.379767054     1.815979271    40.587829603
    -0.377976166     0.327990936     0.008985201
    -0.565008547    -1.905730455     0.762719387
    -0.805562028     1.928708441    -0.073370564
    -0.990263729     0.203201513     2.242081949
    -0.383081473     0.322013374     0.008985056
    -0.056738301     1.885286862     0.805717774
    -0.418779172     1.273965187    25.454322329
    -0.851467913    -1.802590440    -0.580713271
    -0.388092449     0.315956104     0.008984656
    -0.393008403     0.309820086     0.008986299
    -1.086919626     0.208103864     3.988408216
    -0.397830538     0.303605560     0.009013917
     2.348145219    -3.028393573     1.741480544
    -0.402559364     0.297303784     0.008976142
    -0.314201946     2.130408050     0.200876333
     0.362952225     1.972115216     0.953562612
    -0.210759059     0.667393212    -1.681332195
    -0.407177761     0.290796509     0.007233069
     0.829198334     2.095075593     0.900914352
    -1.195657918    -0.057963183     2.175864320
    -0.220888745     0.604934762    -3.097501100
    -1.175968771     1.713477377    37.910000060
    -0.412360433     0.283467270     0.008033449
    -1.127417187     0.141103230     4.080467909
     2.209645864    -2.299879182     2.298706377
    -0.416697993     0.277228661     0.009982398
    -0.269757361     2.001446412    41.484466095
    -1.141079356     0.006165490     4.263777169
    -0.980501383    -0.036057582     2.522772178
    -0.424831671     0.264676572     0.010816486
    -0.429121099     0.257474107     0.008872548
    -0.613496105     0.091823569    -1.246596357
    -0.436610583     0.244481861     0.008108861
    -1.387273440     1.902711214     0.429751117
    -1.967267797     1.823079541    -0.458710057
    -0.606402491     1.892891241    39.401422904
    -2.806024401     1.093361285    -1.683153225
    -0.440453032     0.237536184     0.008551332
    -1.369633534     1.611219822    -5.889625652
    -1.470813351     2.031397544     0.742506518
    -1.103356737     2.440115053     0.139031932
    -0.444114572     0.230664431     0.008981152
    -0.447673514     0.223679915     0.008990062
    -0.451051894     0.216589514     0.007282432
    -0.454473996     0.209517481     0.008988241
    -3.026685760     1.174944540    -1.489304319
    -2.478324148     1.429402333    -1.363280774
    -0.457706363     0.202359592     0.008994867
    -0.460820160     0.195165783     0.009002530
     1.447623018    -2.410423306     6.252959475
    -0.463801947     0.187972807     0.009025114
    -2.782796916     1.292597179    54.310004399
    -0.409874782     0.344017076    -2.557262484
    -0.466606244     0.180899639     0.009028319
    -2.163221550     1.518527762    47.294723607
    -1.889083860     1.677661870    46.088672832
    -1.917265082     1.589706991    -1.223938324
    -0.014743166    -3.217028734    -1.427467479
    -1.675380231     1.756823906    45.015998755
    -1.493323285     1.891287360    45.698823908
    -1.266281684     2.091975070    47.785327485
    -0.432457923     0.508090797    -3.791659215
     3.738320700    -0.685680672     2.682737121
    -2.151453264     1.508074415    -1.607612809
    -2.667862251     0.908095151    -2.686606221
     0.746390613    -0.483108330    -0.054115894
    -0.462418771     0.347685115    -2.815260131
    -0.808041416     2.556748571    55.040164017
     0.503000061    -2.885247482    -1.589594525
    -0.475224296     0.156285798     0.005466590
    -1.706705771     2.098340551    52.070615260
    -0.404177297     0.776935144     0.676558641
    -2.983810011    -0.076536396    -2.093014344
    -0.479442721     0.143443847     0.008933783
    -2.413049174     1.728965289    55.120241248
    -1.325603676     2.282661121    52.793945868
    -2.140059630     0.685547732    -2.199470681
    -0.481676047     0.135859348     0.009495551
    -0.870638264    -1.134974909     0.436198194
    -3.660060932     1.526785711    -1.267322715
    -0.484169981     0.125877810     0.005539311
    -1.163896365    -1.035907017    -0.469600039
    -0.725508641     0.542784833    -1.425564987
    -0.489233834     0.105329417     0.008985092
    -0.490827944     0.097631786     0.008985215
    -0.731960997    -1.093847794     1.514293177
    -0.270709019    -1.755793532     1.602508407
    -0.966997577     0.353552976     1.202792243
    -3.038914218     1.182030867    59.345776374
     0.136842767    -1.937686280     2.800015562
    -1.870354354     1.811044978    49.959093315
     0.032759340    -1.895408138     1.741650839
    -0.492301063     0.089910150     0.008987912
    -0.493652447     0.082166299     0.008985263
    -0.494882290     0.074402225     0.008987930
    -3.140285354     0.841106164    58.782324582
    -0.495905101     0.066608388     0.007276784
    -1.014245951    -1.652008897    -1.616964969
    -1.124084577     0.113538962     0.477316788
    -0.496975254     0.058820898     0.008990507
    -1.331536974    -0.218896291     1.093256677
    -3.381445391     0.103524959    59.993747832
    -0.497837734     0.051007480     0.008987932
     1.516107953    -1.091055607     2.684109235
    -1.469111208    -0.399663401    -0.548525701
    -2.775645325     0.518464217    50.004423987
     1.586692952    -1.490407193     3.181984058
    -2.142449409     0.754993780    40.346630345
    -1.250959583    -0.699717536    -0.114579663
    -0.498577375     0.043181480     0.008985269
    -0.499194265     0.035344850     0.008987932
    -0.499687720     0.027499479     0.008985269
     2.014064999    -1.085132739     3.608310681
    -2.174061046     0.446101041    38.424964491
    -0.500058151     0.019647338     0.008987932
    -0.500219460     0.011788325     0.007275312
    -0.500342831     0.003929764     0.007273685
    -0.500428408    -0.003930436     0.008985273
    -0.500304934    -0.011790339     0.008985273
    -0.499972505    -0.019643973     0.007273685
    -1.129124910    -2.527857042    45.950358016
    -1.057384124    -2.243104752    40.054102037
    -1.003380761    -2.419648105    42.947648414
    -0.499687721    -0.027499479     0.008985273
     2.572897076    -0.483834844     2.773708455
    -0.499108767    -0.035338796     0.007273685
    -0.696442186    -1.996174875    32.928095547
    -0.822675994    -2.255348425    38.556829949
     1.322485478     0.833672540    -2.028686590
    -0.498577375    -0.043181480     0.008985273
    -0.497837602    -0.051007466     0.008985273
     0.832510763     0.103926713    -4.642569842
    -0.496974994    -0.058820867     0.008985273
    -0.495989898    -0.066619772     0.008987934
    -0.494882159    -0.074402204     0.008985273
    -0.752843806    -1.707869957    -0.405102044
    -0.493568088    -0.082152255     0.007274868
    -0.492301031    -0.089910133     0.008987215
    -0.490744077    -0.097615066     0.007274868
    -0.489150207    -0.105311284     0.007273685
    -0.487519073    -0.113000854     0.008985273
    -0.485684118    -0.120644562     0.008987934
    -0.483646427    -0.128236526     0.007275314
     0.186746210    -2.052535647     1.846328485
    -0.481654797    -0.135840702     0.008985269
    -0.330421500    -2.037697968     1.169974789
    -0.829497760    -2.026459567    -0.610538581
    -0.479379692    -0.143364927     0.007273682
    -0.476965080    -0.150844248     0.005100676
    -0.474536880    -0.158317480     0.005100676
     1.489172380    -1.370320465     4.140795217
    -0.472094107    -0.165787650     0.007273682
    -0.469512077    -0.173212150     0.008985269
    -0.466733456    -0.180565556     0.008985273
     0.665099744    -1.850460112    33.003899831
    -0.463839676    -0.187874411     0.008985269
    -0.460831450    -0.195136910     0.008985273
     1.580429558    -2.719892954     7.169966478
     0.404574356     1.472539368     2.502975091
    -0.457709521    -0.202351263     0.008985273
    -0.454474659    -0.209515688     0.008985273
    -0.451127663    -0.216628418     0.008985273
    -0.282584071    -2.651126393    -0.633635727
    -0.777542203    -2.425861475    -0.847499507
     1.169707631    -1.210750586    30.637093446
     0.809500140    -1.526871409    28.877532159
     0.635447468    -1.872606502    32.508777135
     1.152802590    -2.156143718     0.654985552
    -0.447592802    -0.223649446     0.007273686
    -0.444100595    -0.230691787     0.008985273
     1.935017433    -0.837872448     3.666247296
    -0.440346943    -0.237598319     0.007273691
    -0.436635254    -0.244527492     0.008985274
    -0.432740517    -0.251355694     0.008985275
    -0.428665690    -0.258077746     0.007273788
     0.609595462    -1.265378701    21.722151037
     0.321424860    -1.679571763    25.970683603
    -0.424559098    -0.264779108     0.007273927
    -0.420419646    -0.271461530     0.008985315
     1.944238767    -1.250961283     3.078773158
    -0.416103848    -0.278031711     0.008985381
    -0.411614987    -0.284484830     0.007276184
     1.737753674    -1.737020897     3.100660027
    -0.407095781    -0.290915361     0.007280305
     1.501995152    -2.116037140     4.142834348
     1.243815185    -2.088449622    -1.352386929
    -0.402544942    -0.297324409     0.008989168
    -0.397756678    -0.303560198     0.007289217
    -0.393006811    -0.309822297     0.008988668
    -0.388091517    -0.315958366     0.008998768
    -0.383077866    -0.322017985     0.008989162
    -0.377871397    -0.327981559     0.007279841
     1.315939243    -3.113092440    10.202645332
     1.521534474    -2.410325349     0.986541756
     0.308844268     1.563052887     3.114859525
     1.023343525    -3.291215690    10.848874831
     2.148155580    -1.312502954     3.327994400
     0.818567048    -2.427210335    -6.907000592
     2.425955074    -0.967843395     3.498316439
     2.083983851    -1.803428737     2.725243885
     3.368024162    -0.836046190     2.802787978
    -0.372732857    -0.333935051     0.008952608
     0.996290487    -2.408361878    -5.687370905
     0.890815213    -2.886551411    -0.073706596
     1.987580176    -0.118737793     2.793714353
    -0.367099985    -0.339981048     0.007100588
     2.364219837    -0.198698720     2.146795120
    -0.360252233    -0.347070351     0.005018693
    -0.829684643     1.053224719    -0.211996971
     0.819824874    -2.841430152    -1.918696808
     0.660274668    -2.933724269    -1.116353010
    -0.075889563     1.477049987    -0.520925291
     0.144606955    -3.375643306    -0.417142381
     2.525471834     0.082771016     2.194571123
     2.213926900    -0.501454386     2.894786797
    -0.353010403    -0.354559165     0.007181468
     0.452268428    -0.717275912    -0.920797508
    -0.345360556    -0.362189347     0.009205266
     2.289459398     0.247925265     1.952296262
     0.999141969    -0.898686615    23.172914875
     0.993944047    -1.275093513    26.925268794
     2.220944468     0.378386310     0.466783601
    -0.339685285    -0.367515432     0.009178043
     2.891641895    -1.262915195     3.209585022
     2.490693402     0.161872121     3.190801446
     1.178220883    -1.536552940    33.119747852
     1.136506719    -1.722977344    34.976701953
     1.121210737    -2.134905729    41.072104607
    -0.333880119    -0.372784910     0.008994930
     3.546994054    -2.536678077     1.926486997
     1.552172991    -1.340504394    36.635919613
    -0.327923329    -0.377923027     0.007296332
     2.224219359    -0.881711531     3.315756667
     1.447323209    -2.027174439    43.313978594
    -0.322012877    -0.383081984     0.008986472
    -0.315956426    -0.388092252     0.008985675
    -0.309768144    -0.392940344     0.007274189
    -0.303486188    -0.397676582     0.005117771
     1.581667833    -1.663038818    40.263184571
    -0.297205630    -0.402391534     0.005109843
     2.798999935    -0.699421253     3.300675336
     2.217069819    -0.552862008     3.485244567
     0.712304767     0.852951693     0.071815927
     1.842171898    -0.111283834     1.444909214
    -0.290850124    -0.407008753     0.005105563
    -0.284422049    -0.411526308     0.005103269
     2.255570926    -0.219734952     3.744585553
    -1.550624011     0.000027666    -0.464604229
     0.570019838     0.378449206    -1.584509294
    -0.277923396    -0.415942699     0.005102046
     0.477915883     0.323530607    -2.433940843
     0.801091630     0.849648474    -2.726004480
    -0.271355970    -0.420256646     0.005101397
    -1.245562121    -0.480517418     0.800602199
    -0.264779085    -0.424559098     0.007273687
    -0.258121877    -0.428739007     0.008985273
     0.667872989     1.661123368     1.778432629
     0.500577492    -0.573621307    -0.192915560
     2.204182142    -0.143779853    45.017634858
     1.899210157    -0.643129611    38.184019634
     0.179871985     0.830351721    -0.446470985
     1.943453645    -0.977293098    40.093768391
    -0.266143842     0.660270711    -3.132360590
     0.870196382    -0.111012892    -5.147010918
     0.996834526    -0.513604808     2.375085324
     1.608364791    -1.409330847    36.977028564
    -0.251312710    -0.432666515     0.007273685
    -0.244485676    -0.436560587     0.007273682
     0.421826939    -0.549075632     0.011846555
    -0.237638956    -0.440422258     0.008985269
    -0.230691787    -0.444100595     0.008985273
     0.813114382    -0.291382532    -1.990070193
     1.976528263    -0.689697236    39.247247437
     1.436619116    -0.275634923    -0.888894042
    -0.223687698    -0.447669357     0.008985269
    -0.216591408    -0.451050590     0.007275314
    -0.209515743    -0.454474780     0.008987934
    -0.202351263    -0.457709521     0.008985273
     2.145409480     0.100665650    43.816330795
    -0.195103541    -0.460752645     0.007273685
    -0.187801494    -0.463659653     0.005100676
     0.679937386    -0.472478230    -0.118035703
     1.713774913    -0.296563194    33.311345687
     1.813240478    -0.486048905    35.029652771
     1.164904412    -0.789878625     2.267738725
    -0.180534678    -0.466653642     0.007273682
     1.804439110    -0.612379948    34.820073145
     1.921230359    -0.691342400    37.228217930
    -1.184741926     0.713595512    -0.866461788
    -0.926295734     0.910930740    -1.058242356
    -0.173212150    -0.469512077     0.008985269
    -1.083680070     1.127003751    -0.096179798
    -0.165816006    -0.472174853     0.008985273
    -0.573749771     1.058078525    -1.167535786
    -0.865256636     1.149320905     0.698858256
    -0.726784227     1.305868781     1.150410107
     1.994782083    -0.803153020    38.909696890
    -0.158378992    -0.474721253     0.008987934
    -0.150902815    -0.477150270     0.008985273
    -0.143389448    -0.479461683     0.008985273
     1.661245733    -0.959013100    32.893100065
    -0.135817472    -0.481572430     0.007273685
    -0.128258439    -0.483729069     0.008985273
     1.649415405    -1.350475440    35.765853153
    -0.120644562    -0.485684118     0.008987934
    -0.112981548    -0.487435783     0.007275314
     1.490766120    -0.000966097    28.632929290
    -1.189804785     1.054230658    -1.467932712
    -0.105329296    -0.489233869     0.008985273
     1.351845137    -0.500538721    24.138622281
     1.310442647    -0.958777487    25.432166498
    -0.097615055    -0.490744019     0.007273685
    -0.089875220    -0.492109866     0.005100675
    -0.082152272    -0.493568191     0.007276954
    -0.074402243    -0.494882418     0.008990507
    -0.066619789    -0.495990025     0.008990507
    -0.058820898    -0.496975254     0.008990507
    -1.674587036     1.120860892    -1.672003995
    -1.177555964    -1.897912820    -1.455835003
    -1.849206036     1.982287699     5.829601843
    -0.051007493    -0.497837862     0.008990507
     1.130809375     0.052792825    20.684308382
    -0.043174110    -0.498492278     0.007276954
     1.185147096     0.479974178    26.670470725
     1.077253619     0.049350558    19.142635562
     1.022616811    -0.314585677    15.709801963
    -0.035344859    -0.499194393     0.008990507
     0.895255682    -0.155849389    13.289393650
    -0.027494786    -0.499602434     0.007276954
     0.847605681    -0.159963853    11.972452108
    -0.019647343    -0.500058280     0.008990507
    -0.011790342    -0.500305067     0.008987934
    -0.003930436    -0.500428408     0.008985273
     0.607564046     0.086665558     9.409465618
    -1.985256442    -0.398894092    -1.671204162
     0.003930437    -0.500428541     0.008987934
     0.011790345    -0.500305196     0.008990507
     0.019647343    -0.500058280     0.008990507
     0.027499494    -0.499687982     0.008990507
     0.035344859    -0.499194393     0.008990507
     0.043174110    -0.498492278     0.007276954
     1.154053471    -0.856738711     1.417723993
     0.050998760    -0.497752631     0.007276954
     0.058820898    -0.496975254     0.008990507
     0.066619789    -0.495990025     0.008990507
     0.074402243    -0.494882418     0.008990507
     0.082152272    -0.493568191     0.007276956
     0.089875220    -0.492109866     0.005100675
     0.097593858    -0.490637457     0.005100675
     0.105288416    -0.489043990     0.005100675
     0.112981566    -0.487435859     0.007276879
     0.120644593    -0.485684243     0.008990505
     0.128236548    -0.483646510     0.007277026
     0.135840773    -0.481655048     0.008990497
     0.143389523    -0.479461933     0.008990489
     0.150902894    -0.477150518     0.008990474
     0.158351926    -0.474640127     0.007277513
     0.165816091    -0.472175095     0.008990411
    -0.241200785    -2.148332908     0.898469432
    -0.336303392    -1.786927359     1.566757694
     0.173182607    -0.469431996     0.007278142
     0.180565604    -0.466733579     0.008987897
     0.187842317    -0.463760440     0.007275497
     0.195061100    -0.460652579     0.005099804
     0.202316639    -0.457631208     0.007272764
     0.209515686    -0.454474655     0.008985181
     0.216591381    -0.451050549     0.007274341
     0.593046564    -1.461063231     5.550924383
     0.223649297    -0.447592530     0.007267485
     0.230691787    -0.444100597     0.008985306
     0.237598408    -0.440347178     0.007278677
    -0.012754836    -1.687918131     3.560380962
     0.244527445    -0.436635180     0.008983521
     0.251355650    -0.432740454     0.008983755
     0.258077511    -0.428665428     0.007266885
     0.264718801    -0.424463788     0.005018235
     0.271353469    -0.420252819     0.005009975
    -0.271498898    -1.677418482     2.298277335
     0.277921441    -0.415938439     0.005009474
     0.284421006    -0.411521778     0.005016873
     0.515636572    -1.131323849     4.316852145
     0.432088464    -1.469717878     6.989485271
     0.624126799    -0.478581934    -3.767404088
     0.290910678    -0.407089697     0.007126830
     0.360342859    -1.433584141     6.840330281
     0.297323530    -0.402543879     0.008961634
     0.201067634    -1.358744489     5.020978975
     0.258920818    -1.391039877     6.149570280
     0.303612778    -0.397828055     0.009062025
     0.315822231    -0.388010380     0.006021466
     0.323049842    -0.382182160     0.008630480
     0.333960376    -0.372683903     0.008561602
     0.339651165    -0.367432959     0.007503550
     0.345431174    -0.362105408     0.008964947
     0.351076320    -0.356635452     0.008973063
     0.356635299    -0.351078829     0.009006082
     0.362514208    -0.345780673     0.019705731
     0.367470481    -0.339706183     0.008801542
     0.372595403    -0.333865926     0.005982737
     0.382883667    -0.322023960     0.006093666
     0.388502098    -0.315467098     0.009179851
     0.394778085    -0.308351015     0.018793860
     0.402170027    -0.297818635     0.008845688
     0.407654784    -0.290525467     0.011859156
     0.413839178    -0.286169598     0.063028858
     0.417592931    -0.681679803    -0.646940287
     0.452190364    -0.642111869    -0.701455124
     0.419996918    -0.271840530     0.006006383
     0.424333813    -0.264955934     0.005325144
     0.428609508    -0.258122082     0.006768690
     0.432723431    -0.251356147     0.008694347
     0.436569703    -0.244497559     0.007548903
     0.440320895    -0.237603508     0.006864495
     0.444100603    -0.230691888     0.008986329
     0.447594421    -0.223648527     0.007294429
     0.451054869    -0.216588926     0.007330976
     0.454477069    -0.209514576     0.009019737
     0.457653405    -0.202308719     0.007614750
     0.460837113    -0.195014545     0.008135820
     0.244703562    -0.545464362     5.180518841
     0.493743106    -0.198170534    -3.791569933
     1.032930497     0.146019396    -2.935106938
     0.395827816    -1.614878933     4.851735274
     0.476840818    -1.754858448     5.040903771
     0.623352265    -1.690452018     4.036664561
     0.628083900    -1.646818212     3.875889464
     0.256576831    -0.448271060     2.970264768
     0.174201500    -0.695667488     9.231738750
     0.437848808    -1.706394201     5.190500782
     0.541784812    -1.695601173     5.502502773
     0.155686797    -0.774941659    11.248027425
     0.314542310    -1.644181646     4.990896588
     1.193231032    -1.390486454     2.751934189
     0.990090140    -1.429191576     3.565675272
     0.853430954    -1.472470709     3.786873629
     0.581417518    -1.569499446     4.175248365
     0.519036117    -1.621929203     4.198294598
     0.297113483    -1.608902713     5.182776038
     0.527147076    -1.521358316     7.274878624
     0.933590700    -1.252818453     2.139163209
     1.095974768    -1.113598390     1.569873270
     1.386200613    -1.075435189     2.606402011
     1.424548236    -0.967877931     2.182897439
    -0.145401875    -1.525324514     6.760672594
     0.051860392    -1.481261414     5.594330735
     1.355264273    -1.314007910     2.335428261
     0.373710468    -1.333118070     5.141439328
     0.142344463    -0.860381050    13.332026017
     0.438052495    -1.520957602     5.837059233
     0.126152072    -0.964487895    15.801760752
     0.386877431    -0.426592634     0.218543160
     0.150878180    -0.886962399    14.130939053
     0.095980000    -1.171777278    20.615673990
     0.463935419    -0.187769444     0.009972649
     0.452660592    -0.364555346    -0.065068701
     0.121903954    -1.096947373    19.049034208
     0.131138222    -1.071450616    18.607798778
     0.569718567     0.334205317    -2.974432419
     0.586471110    -0.033096622    -3.337779954
     0.489892970     0.238119538    -4.094336247
     0.627476050     0.105113059    -4.844491548
     0.136240810    -1.020790891    17.661733454
     0.973352896     0.443461349    -2.529288668
     0.917432654     0.535726233    -1.970791511
     0.006576448    -1.330018311     5.493516223
     0.279657664    -1.731243827     5.135402649
     0.199485901    -1.697581924     5.743529470
    -0.500754538    -2.115980106    17.254133541
     0.305558626    -1.587983354     7.422851942
     0.142163701    -1.455234152     5.310193763
    -0.176416086    -1.268128081     4.152156530
     0.466917229    -0.180506280     0.011985975
     0.620349253    -1.313634063     3.656249398
     0.929512597    -1.372106865     2.724805531
     0.609143996    -1.767836802     4.394584048
     0.548057862    -1.498037755     7.341476150
     1.001784101    -1.707437666     3.592389673
     0.917630838    -1.634114065     4.318795784
     0.469750894    -0.173216775     0.013498650
     0.112959377    -1.004838433    17.638913803
     0.036212837    -0.870074592    15.673315842
     0.648636064     0.022151324    -3.951209472
     0.605157628     0.150724856    -3.637220142
     0.859812019     0.354893067    -1.128840092
     0.713421344     0.398405882    -2.737638938
     0.472222931    -0.165830054     0.009985616
     0.633392262     0.146326665    -5.124463527
     0.926934070     0.253008191    -1.277206261
     0.474766817    -0.158394799     0.009952438
     0.477198343    -0.150916082     0.009981988
     0.636447165     0.671614041    -1.556978228
     0.479512368    -0.143405676     0.010049471
     0.694601347     0.890640189    -0.160447397
     0.481698863    -0.135861849     0.009948316
     0.533540082     0.474687093    -3.387066606
     0.951536455     1.127136880     2.322435684
     0.773559436     0.999705023    -1.523148595
     0.482640290    -1.177672581    20.735349307
    11.614202135     0.518048556     1.010304985
     0.381015307    -1.248033365    22.360583293
     0.356405899    -1.309263603    23.833771633
     0.358974647    -1.295811418    23.694255765
     0.377359531    -0.979101615    17.022747898
     0.371772572    -1.495006985    28.167214039
     0.394240699    -1.457773307    27.514100801
     0.483758510    -0.128278761     0.009658605
     0.485700262    -0.120657977     0.009365971
     0.487529594    -0.113005798     0.009212586
     0.489247464    -0.105326399     0.009238878
     0.490854708    -0.097622518     0.009474058
     0.492350424    -0.089899709     0.009921569
     0.493724263    -0.082165394     0.010399133
     0.494957981    -0.074417934     0.010531632
     0.496047348    -0.066644785     0.010193311
     0.496977307    -0.058861551     0.009126907
     0.497855873    -0.051017996     0.009370262
     0.498592328    -0.043181746     0.009283662
     0.499215826    -0.035336381     0.009406119
     0.499724753    -0.027482115     0.009705732
     0.500121824    -0.019617604     0.010237097
     0.500416292    -0.011753941     0.011194715
     0.500579057    -0.003930650     0.011998201
     9.501858672    -1.698662354     1.289768391
     9.324521805    -1.465578081     1.262480500
     9.500351929    -1.645563000     1.220356602
     9.456803580    -1.851802534     1.341101467
     9.296205312    -2.003890760     1.263842889
     9.260776451    -2.059133637     1.151921558
     9.977781572    -0.339118882     1.001378851
     9.426571793    -2.052144849     1.256281152
     9.453380030    -1.955403540     1.289816848
    11.471355863    -0.074784004     0.986248008
    10.830132607     0.712025249     1.010561255
     8.781908415    -1.777618395     1.197566134
    10.731553565     0.852118985     1.025399019
     9.391864888    -1.646666999     1.291958744
     9.209326199    -2.151550527     1.137045121
     9.313746661    -1.544509876     1.268820531
    10.782817879     0.687154787     0.990559333
    10.318087345     0.171538289     1.004947171
     9.691894596    -1.770183050     1.206628877
    11.491489246    -0.134382079     1.012420103
     9.261572680    -1.488345651     1.304564452
    11.474006262    -0.263868541     1.044376442
    11.583919225     0.061755626     0.979900886
     9.541346006    -2.017661572     1.292183688
     9.017787535    -1.517079789     1.228055216
     9.516149219    -1.900092494     1.312871445
     9.657139390    -1.834530112     1.259228650
    10.616751968    -0.586782706     1.014999286
     8.971395700    -1.801062388     1.143999359
     9.460592131    -2.043110782     1.256741153
     9.074987971    -1.967170821     1.154162900
    11.585280472    -0.250806010     1.042835629
     9.612397134    -1.789035558     1.309510443
     9.468533607    -2.090422638     1.255231973
     9.437458355    -2.023754020     1.250007500
     9.104837281    -1.877593030     1.245672143
     9.115037710    -1.373975509     1.142613992
     9.149958681    -1.427835290     1.228039008
     9.484566980    -1.847187205     1.344897641
     9.560054795    -1.935681922     1.278324404
    11.233552151    -0.799772682     1.083631177
    11.450928799    -0.865289813     1.116891313
    11.420817355    -0.819936082     1.089964397
     9.229195502    -1.369237944     1.125894665
     9.185872669    -1.523297554     1.276593403
     9.281730936    -2.109456226     1.081795367
     9.252415346    -2.116116211     1.076595853
     9.646432293    -1.877974327     1.277315665
    11.502155199    -0.513384464     1.055683096
    11.677206352    -0.308153458     1.050915077
     9.378820269    -1.795734013     1.370473840
     9.398541861    -1.850467951     1.331310796
     9.498942363    -1.829589156     1.316725203
     9.228464677    -0.634380228     1.006343012
     9.096205862    -2.104134800     1.081309492
     9.320258697    -0.661344060     1.000849023
    11.398721689    -0.518672958     1.031738665
    11.540329949    -0.031552586     0.992465606
     9.303622845    -0.698067016     1.012721896
     9.279490986    -0.776807651     1.062457008
    11.176717934    -0.492226106     1.037901169
    10.502790283    -0.311689396     1.026276619
     9.332663805    -0.476905011     1.021810967
    11.607646984    -0.191887875     1.009289667
    11.123361585    -0.555412930     1.064462475
    11.409127816    -0.886375995     1.113234399
    11.349078863    -0.545782056     1.048904927
    11.490185358    -0.834902005     1.100562300
     8.760910198    -1.832895296     1.123310792
     9.107272433    -1.696965107     1.358220534
    11.424090869    -0.656093609     1.074204282
     9.328332766    -1.381226237     1.108909455
    10.242329568    -0.748159319     1.159459117
    10.830975491    -0.621180997     1.037406287
    10.763137661    -0.630554866     1.053486355
    10.822192059    -0.681259431     1.102624901
     9.331338681    -1.628937890     1.336966007
     9.234440858    -1.994917951     1.194463832
    10.363208779    -0.657146737     1.039305025
    10.394332419    -0.781426674     1.168119244
     9.311413484    -1.610801451     1.338826971
     8.876265944    -1.752889087     1.149804216
     9.380172006    -1.678278314     1.360778846
     9.502779339    -1.628689642     1.194454110
    10.079573414    -0.533764385     1.021745699
    10.863624018    -0.670715890     1.085049015
     9.417034734    -2.066367056     1.252411040
    10.278378565    -0.805379199     1.175641637
    10.220635584    -0.573371487     1.007728087
    10.347558711    -0.732230142     1.120358603
    10.472777544    -0.741072156     1.094519688
     9.610272839    -1.751127783     1.226011224
     9.975826418    -0.838138462     1.087961919
     9.070930146    -1.333954704     1.133547331
    11.219787702    -0.965692079     1.146982068
     9.429294004    -1.940588752     1.298169132
    10.105558884    -0.432291931     0.958405422
     9.409184227    -1.855258583     1.341351347
     9.175920071    -1.719928584     1.388372442
     9.288353195    -1.186051505     0.971957265
    10.258551127    -0.703340479     1.101652418
    10.383199623    -0.581272518     0.987251713
    10.309475544    -0.655265335     1.055926909
     9.304149492    -0.916106450     1.095846823
     9.517762740    -0.749621330     1.030839700
    10.411017676    -0.721238766     1.077028680
    10.168495376    -0.585441352     1.028615315
    10.739534825    -0.732729578     1.043552017
    10.317783396    -0.494645124     0.951041062
     9.567791101    -1.711599132     1.232487475
     9.418079190    -0.740189219     1.039671160
    10.044997779    -0.895803155     1.082557817
     8.805729902    -1.873137028     1.127764963
     8.847784163    -1.920328526     1.179671023
     9.244014161    -1.014175516     1.045873182
     9.631027991    -0.735211082     1.041299629
     9.250059264    -2.141631579     1.141857116
     9.259434040    -1.737867542     1.373380243
     9.087827405    -1.579753896     1.293161234
     9.395891775    -1.199134398     0.943092819
    10.172458396    -0.343256113     0.956042853
    10.145997947    -0.656560051     1.094178668
     9.061152584    -2.024492487     1.119272790
    10.201856293    -0.699347893     1.110000356
     9.654253887    -1.752972920     1.199143101
    10.193631797    -0.493799877     0.953860854
    10.447584927    -0.813977348     1.154923390
     8.921816234    -1.794521285     1.143700601
     9.640539331    -1.640652133     1.149136653
     9.483186531    -1.485681064     1.084925065
     9.188381820    -1.839534014     1.270410630
     9.577531849    -1.564563076     1.137125374
     9.422811713    -0.888817105     1.022833512
    10.184693925    -0.791258341     1.159618740
    10.349822733    -0.238086374     0.988037003
     9.448583634    -1.329662873     0.994090378
     9.283140122    -1.444070082     1.208029236
     9.389838449    -1.461533813     1.146078447
    10.305002885    -0.608619965     0.986593074
     9.669328811    -1.518302860     1.075235251
     9.368297263    -0.940637456     1.060735810
     9.365827127    -1.284697554     0.998499677
     9.619629475    -1.595132829     1.063439103
     9.571143519    -1.499167414     1.074456608
     9.445799859    -0.836775450     1.074966508
    10.561241589    -0.512543048     0.982679510
     9.647566106    -1.517924361     1.078227162
    10.009361364    -0.910693693     1.098703874
     9.282223200    -1.365497285     1.116440154
     9.359447352    -1.337976006     1.060680160
     9.085533102    -1.294749542     1.115506862
     9.439971979    -0.942441858     1.029113020
     9.613168127    -1.871887272     1.266572618
     8.985420376    -1.528693244     1.233440451
     9.448053264    -0.985652708     1.037571260
     9.049699833    -1.811636551     1.181697824
     9.245557122    -1.464734212     1.251767291
     9.564479036    -0.868773146     1.069085342
     9.323447640    -0.951503919     1.061912925
     9.658925815    -1.887284209     1.260905584
     9.600732160    -1.611518203     1.097787947
     9.552864415    -1.386827082     0.990546785
     9.439256585    -1.445888792     1.092671149
     9.345489069    -1.384051642     1.109235945
     9.273729877    -1.300699113     1.051123348
     8.889290398    -1.863089237     1.146537725
     9.326513469    -1.440583410     1.176832814
     9.309419172    -1.278157531     1.003327952
     9.524447126    -1.444884114     1.049333155
     9.218518059    -1.299972640     1.077636647
     8.989733462    -1.764771190     1.144123646
    10.238717943    -0.308331306     0.962293157
     9.300962158    -1.580849179     1.313852888
    10.107058023    -0.484043674     0.970177514
     9.299357312    -1.328480528     1.066827726
     9.463908706    -1.393351336     1.046501151
     9.490353700    -1.618908067     1.204279394
     9.547235177    -0.812687206     1.052532163
     9.406026806    -1.262048591     0.968608765
     9.551386619    -1.785096357     1.305828168
     9.565166918    -1.973206376     1.296559520
     9.625791623    -1.923978767     1.287352561
     9.217265346    -1.263698985     1.017898855
     9.357014272    -1.231204462     0.956794606
     9.133292860    -1.400834767     1.186133128
     9.263972821    -1.407476824     1.167581065
     9.202992910    -2.089928189     1.093481042
     9.518350023    -1.835371099     1.332204484
     9.294776181    -2.101107264     1.132905149
     9.463419967    -1.776188902     1.350236905
     9.416474134    -1.332958957     1.004945609
     9.205529971    -1.391726030     1.173825120
     9.552469613    -1.949381715     1.289960638
     9.410808773    -1.363038597     1.078652005
     9.182653134    -2.028307271     1.176575597
    11.212940819    -0.992187568     1.152261156
     9.548972895    -1.626045498     1.162761480
     9.376183077    -1.519382193     1.212762802
     9.151483736    -1.544485289     1.278038641
     9.419247624    -1.618560457     1.273590465
     9.077693362    -1.892887794     1.190765433
     9.566298650    -2.026682509     1.287728285
     9.488762980    -1.336801198     0.988622411
     9.529483641    -1.515928937     1.128547475
     9.263785570    -1.236779271     0.982199981
    11.346445640    -0.437571526     1.030453545
     9.437602956    -1.524844865     1.178207015
     9.361464872    -1.567400888     1.281559371
     9.234495217    -1.328698644     1.107458692
     9.435908984    -1.263470977     0.963462898
     9.600499914    -1.637601495     1.205629376
    11.666714130     0.095265981     0.991282065
     9.305443898    -0.978624273     1.048499396
     9.588856191    -1.592799783     1.102311789
    10.520421781    -0.351043956     0.981771885
     9.246600352    -0.784578078     1.071853648
     9.349875416    -1.422033520     1.119094131
     9.282763345    -2.010763733     1.231038514
     9.694127752    -1.850434185     1.248771956
     9.357961271    -1.495457673     1.218078799
     9.320369766    -1.404843397     1.116414698
     9.490713328    -1.467765891     1.065356012
     9.075302045    -2.064857195     1.047713644
     9.442793174    -1.253205501     0.943840309
     9.405027986    -1.734957805     1.385833224
     9.444754845    -1.589045615     1.237093553
     9.274105078    -1.601175143     1.341035028
     9.467441912    -1.523928962     1.166770586
    10.619046423    -0.326524221     1.014354010
     9.566764026    -1.423859544     1.039334547
     9.474519461    -1.603119053     1.222496019
     9.324286920    -1.037275102     1.028381067
     9.424363696    -1.740618462     1.382959518
     8.746149995    -1.895009961     1.157113747
     9.605939111    -1.916236862     1.282102799
     9.254718504    -1.273001273     1.022503905
     9.273611886    -1.472315686     1.274496776
     9.695130098    -0.782293936     1.055480420
     9.595742283    -1.852844301     1.261164387
     8.860452125    -1.791017000     1.159909270
     8.920970271    -1.507576081     1.206969148
     9.202834851    -2.043229192     1.180756051
     9.543728886    -1.662368210     1.232367348
     9.449434677    -1.665705759     1.279038355
     9.195378870    -1.774805127     1.416042375
     9.082034743    -1.749702864     1.301994673
    10.453869220    -0.771695894     1.154948240
     9.493717172    -1.523475572     1.161730891
     9.243276311    -1.417995559     1.197339792
     9.503950190    -1.772626115     1.320767959
     9.184149118    -1.335971876     1.113303590
     9.512200369    -0.893027331     1.058328153
     9.253626232    -1.161854541     0.997424086
     9.436218473    -1.701282231     1.349112352
     9.256820848    -2.102187323     1.097198414
     9.417793345    -1.224390862     0.958077722
     9.379642654    -0.985675577     1.066055736
     9.544377643    -2.035225047     1.278544788
     9.556288911    -0.772083617     1.035561559
     9.484607544    -1.579793814     1.205521732
     9.388938571    -1.546839004     1.233495820
     9.940917328    -0.853912153     1.088760434
     9.435843010    -2.107492420     1.241866525
     9.535764398    -1.848629837     1.335384785
     9.163937201    -1.988618923     1.183589734
    11.353850187    -0.936499265     1.108065666
     9.186896689    -1.453362983     1.247210096
     9.216675231    -0.643758297     1.036993289
    10.394632277    -0.239638960     0.994915400
     8.946184632    -1.477819363     1.196671801
    10.757728005    -0.721998525     1.060156718
     9.314775587    -1.668047065     1.351966022
     9.251448602    -0.628221200     1.007084910
     8.820832253    -1.785711188     1.178338673
    10.036970486    -0.844765951     1.085943466
     9.039845214    -1.771737268     1.207006634
     9.208029685    -1.665126893     1.321951545
     9.209684286    -1.477718780     1.271813737
    11.111661200    -0.691023934     1.075863364
     9.139243741    -1.748409912     1.358720043
     9.547597482    -1.873910938     1.304961422
    10.142885241    -0.891208484     1.124104448
     9.130572994    -2.061015781     1.075441679
     9.134713586    -1.922538418     1.194524285
    10.570371131    -0.380525241     0.980277787
     9.300150520    -1.860834516     1.319778064
     8.974428751    -1.732587883     1.172064044
     9.184858555    -1.801718252     1.346545953
     9.116541069    -1.989662899     1.157157516
     9.284983556    -1.521837010     1.282288596
     9.417816535    -0.854375652     1.045576644
    10.094537035    -0.722969397     1.119359152
    10.134667614    -0.860646674     1.162830921
     9.113662380    -1.217620259     1.085983098
     9.261099962    -0.605347346     1.053957354
     9.399627659    -2.126336916     1.215300866
     9.269671454    -0.650403483     0.997330877
    10.169787675    -0.269035943     0.969134127
     9.159036886    -1.108961957     1.061668648
     9.255602379    -0.673489745     1.015796993
     9.311825232    -0.711685767     1.019286854
     9.175376007    -2.066180222     1.109296329
     8.791583997    -1.814310388     1.150281522
     8.970981771    -1.700888755     1.239465167
     9.353386838    -0.499352782     1.005065115
     9.228667430    -1.889380722     1.274376149
     9.274495279    -0.487166928     1.025888922
     9.279655189    -0.734876264     1.039713793
     8.810849843    -1.747456408     1.193392969
     9.279132232    -1.839147439     1.367771840
     8.753915401    -1.946305751     1.169660680
     9.228718535    -0.965897204     1.051703759
     8.990603002    -1.689979595     1.330100898
     9.174753655    -2.097016750     1.043610210
     9.217721200    -1.624098753     1.346300460
     9.272786523    -2.027953185     1.158045011
     9.041604880    -1.729227881     1.295551573
     9.262424665    -1.926534754     1.222120528
     9.112107657    -1.810947807     1.242887906
     9.201198497    -1.900920390     1.202570435
     8.880321039    -1.708600580     1.191480975
     9.187831636    -1.995239457     1.199000283
     9.139131087    -1.831770004     1.225561352
     9.106486272    -2.048000067     1.079905478
     9.303672418    -0.940739523     1.070322200
     9.332151930    -1.567761073     1.292317940
     9.356125835    -0.645564704     1.003615848
