     8.055347456   -10.838439890     6.642275866
     8.275293657   -16.816750220     4.364305652
     5.198398660   -12.874453035    10.291971637
    -1.608261786   -15.931026928    27.393258998
     5.833420566   -19.539830445     6.326208378
     7.236078111    -9.532736514     7.988974317
     7.854561344   -13.752497849     6.578966539
     0.960706646   -21.209253414    19.154374310
    -2.076344143   -11.209214152    25.396181790
    -3.546359053     6.043585745   -13.993566020
     3.088859995   -27.413224165    11.556960265
     3.923075250   -17.876164595    10.619061951
     5.457582141   -14.352075593     9.290659678
    11.002469383   -12.215150181     2.664188615
    -5.381300492   -21.620596539    10.161440160
    -6.706398578   -20.355618020     7.637490002
    -2.245079035     6.030031297   -12.047146749
     6.908070842   -16.324673900     6.581486340
     2.444232202   -27.548899273    10.482609924
     6.808434044   -21.371207591     3.527281984
     8.828024586   -18.312549182     3.105178194
     5.301470256   -10.655681136     9.349624591
     4.755761711   -19.101210648     7.475397349
    11.796595938    -7.043856329    -0.007971108
     5.089553875    -9.556483926     8.397554320
    -6.081042262   -16.010484199     4.733850824
     0.129475879   -21.820944960    19.561959140
     4.336564182    -9.458611109     8.308155207
     0.500428408     0.003930436     0.008985273
     5.233791292   -16.978611119     9.330696994
    -3.034251568     5.327002779   -13.227551266
    -1.390359179     4.364968339   -13.068973488
     3.965653421    -9.492197287    10.820240545
    -8.446076220   -30.560880802     3.261435344
     1.074504736   -37.908531038     4.142665955
    10.024238231   -24.993654891     0.828127671
    10.164195849   -12.833415170     2.928701086
     0.309920922    -2.936912289    18.498220574
     5.089352087   -13.219828345    10.317292095
    -0.295311141     1.511990404   -13.793279729
    -2.502841866   -29.223010489     6.372477475
    10.434118824   -16.179692418     2.923822153
     4.580097258   -17.547635070     9.079636807
     4.601048416   -14.103062527    13.847981754
     1.306279113    -4.506787074    24.259182930
    -5.216698339     6.311902331   170.088586081
     4.493439236   -15.463853794    10.757616006
    11.110007400   -17.984920613     2.326391978
   -11.350005654   -12.926425400     1.297124487
     4.830754423   -24.157739678     8.361563436
    -7.215338469    -4.180697022     3.681278597
     6.745800912   -19.560689620     4.529017374
     0.500304934     0.011790339     0.008985273
     1.395924021    -5.119527148    25.762738759
    13.002818225   -16.761890194    -0.311053759
     3.807253210   -19.643195364    10.540667690
    11.092432225   -17.107482329     1.812158717
     7.306316981   -17.190298742     5.987094430
     0.500058018     0.019647333     0.008985273
     6.866872318   -12.044672124    11.950423582
    -4.218074347     6.304730386   157.080606620
     0.499687721     0.027499479     0.008985273
    14.008854464   -28.150587547     1.282542650
    -3.666808406     6.267680280   149.940965969
     8.243839349   -12.592271718     6.428064988
     0.704163030     1.040364056   -15.956665882
    16.573388013   -11.058862982     0.877383145
    -4.482125907     5.517491939   -13.220628047
     0.525277020     0.091934649    -1.229898582
     3.940465380   -24.382413660     9.505851762
    -2.186285273   -14.239099779    26.242945483
    -6.427487679   -19.919440540     8.342940914
     2.548516361   -21.519520938    11.195656534
    -6.383169367    -6.968988680     1.588402422
    -8.830275846    -8.751325347     0.187221439
     1.164957971    -5.662003869    26.313883738
    -2.749817539     5.137601720   -11.119501630
     1.056101132    -5.140180998    24.007053965
     0.002073492   -11.406976138    32.372401120
    -2.016360148    -1.453434702     8.085707675
    -6.063943207    -7.338932693     3.402644887
    15.783897308    -9.539110734    -0.163073462
     4.143528086   -15.998344255    12.038822485
     4.374723506   -21.077820307     9.406658426
     2.381831093   -28.293131494     9.476760254
     0.905018754     2.984292817   -17.733941206
    -4.989339790   -19.271380761    12.972002133
     0.612980845    -5.956014735    25.353018914
     3.153599687   -16.833685671    14.324822129
    -9.224348591   -19.823675485     3.143264961
     8.442587689   -24.193955990     3.004314459
     1.953007796    -1.764160674    18.323203118
     7.260657266   -14.349853275     8.028626675
   -10.131600394   -10.612629983     0.307393647
     0.365263858     2.607297249   -16.182110301
     4.289032624   -32.865270517     6.200267546
    -1.494986195   -17.089017527    28.831250567
    12.858411952   -17.779771024     0.595827578
     1.327174063    -1.452155833    17.093510106
     9.847028820   -23.169931331    -0.550474686
    -4.489578409   -19.465421829    15.306459120
    -4.168297148   -15.189389828    16.070058817
     1.504665775   -27.297940090     9.933482910
     3.689753383    -9.553462798    13.536331359
    -5.680335994    -7.040820742     3.676277391
    -9.169306284   -10.832993604     0.784049492
     6.337600643   -15.417462121     7.080275115
    -3.031806771   -13.605884783    20.144415550
    -6.627292192    -0.954510951    -2.659006767
     5.657573273   -11.610030048     7.401031574
    -8.662884164    -4.989488438     1.237993585
     3.526676624   -15.980069900    14.852837200
     2.983941469   -15.544127437    20.524753935
    -6.291985653    -5.597509314     2.515459087
     3.312981968   -15.270963317    18.417489241
    -5.054339325   -17.934938007    12.286311631
     9.937494915   -34.923442069     3.382463126
     3.942060526   -10.910140269    13.426595271
    -2.426644330   -12.626058772    21.620522001
     1.006644420     0.561050112    -8.408171076
    -5.477067409   -17.618395150    10.569281564
    -5.067027327   -16.657276083    11.921600500
    -1.957375648   -32.690608345     4.889926483
   -11.630053120    -8.548122934     0.503966627
    -1.714333131     5.521107212   -15.122651993
     4.813623593   -22.645905445     7.622541775
     0.499194132     0.035344840     0.008985273
     4.859406215   -12.247199989    10.988719543
    -3.311794992     6.206998796   144.924357394
    -8.960012957    -8.133882471     0.001292932
    -3.067705653     6.127859504   140.894110034
    -3.218683035   -23.762480520    14.113341707
     1.280975442   -18.556485643    21.056378196
     3.876703265   -14.720966085    14.684419447
    11.447877607   -17.552747286     0.963593947
     1.928450346   -18.783985528    18.750179775
    -1.191757604     5.179869267   -17.257484317
     3.783116234   -20.299146282    10.095302521
    15.970396356   -10.122755630     0.394843897
     0.498577375     0.043181480     0.008985273
    -1.005914191     4.471759381   -15.055686707
    -2.912577857   -17.491462351    23.145584416
     9.034095515   -17.007450502     3.109939640
     4.351717370   -19.068029197     8.651767868
    -6.664562501   -18.641465738     6.959996571
    -3.812061396   -23.285912210    12.779208094
     6.005566003   -24.189136198     5.996251471
    -3.918436086   -14.925023933    17.312233842
     0.029414224    -7.644020446    27.311949345
    -2.262491173    -6.704272086    19.262384845
    10.478380054   -11.104303705     2.142852700
     2.618504723   -28.927473063     9.441491446
     0.327814559    -6.550410860    24.939486775
     3.577608303   -11.118468660    16.675700732
    -7.819702782   -17.015328676     2.921358543
    -7.984051451   -16.205995586     1.610797973
    -0.340907247    -9.565420825    31.309434824
    -0.438572995   -31.872299002     6.490770895
    10.938406043   -14.500529072     1.568954464
     3.647233030   -15.048954387    15.133563075
     2.646358279   -16.015008990    21.005918789
    11.273325806   -18.524384141     1.941988917
     4.143691717   -12.999843109    14.806372137
    -1.900558248   -18.196339750    27.549250282
     3.148484945   -17.887306906    14.584497019
     2.222781786   -22.271941290    13.534347575
     4.668487642   -21.475200723     9.372771160
     4.934234582   -21.410598744     7.456020030
    -0.016285516   -29.603304487     8.087614589
     0.915494240   -19.317035841    23.669310935
    -2.892388844     6.026814788   137.234587927
     0.497837602     0.051007466     0.008985273
     3.538030379    -9.426093361    13.174343498
    17.894571909   -18.940682959     1.363560755
    -7.543346853   -25.781912757     4.790388077
    -5.862967068   -17.285719169     8.552234799
    -8.444071548   -12.651848488     1.707034038
    -8.175924102   -21.946458215     5.328073112
    -9.705816948   -17.294917844     1.678823731
     3.642577881   -15.377954628    15.295401296
     6.401425009   -18.020603912     6.115403550
     3.561159625   -13.584300005    19.220589133
     3.705047256   -18.025339010    12.658521022
     4.019594445   -22.284695605     9.978330763
     4.375871987   -21.961071565     9.068079639
    11.674798135   -26.839511594     1.197575089
    -0.312061333     4.165200453   -14.798110374
    -4.647770487   -10.619314315    15.239946841
     7.816194073   -26.797971885     6.703620998
     3.378697650    -9.816349891    22.685846848
     8.247382067   -10.623348322     5.865062012
    -1.085362142   -29.396066589     6.922105101
    -2.762885999     5.910458242   133.779124232
    -2.202092233    -7.712726203    17.938035859
    -0.131988946    -6.748829308    23.328246882
     3.635881748   -23.878590630     9.678403306
     0.577468632    -6.352861559    25.630097711
    -6.041569524   -19.907943920    10.795411611
     3.990951304   -17.223704757    11.989958445
    -6.669497200   -27.627695583     4.820993225
     0.496974994     0.058820867     0.008985273
     1.066644855    -0.208804818     5.462076260
    -2.810391495   -16.123805816    18.350014816
     9.362673286    -6.561153311    -1.959942017
     3.168198209   -15.996934349    16.852676127
    -4.203652332   -19.362823558    17.183839122
    -5.500196554   -14.188809557     7.480382966
     9.414577700   -23.263021373     1.039651879
    -6.181072678   -19.331397245     8.817792446
    -3.999613808    -6.400064241     8.613378939
    -2.229944310   -22.778717624    17.252637083
     6.071952201   -30.497570721     5.949373737
     6.603048386   -25.557395344     6.015992461
     0.352596584    -7.628364646    28.978344269
    -4.241118181   -16.170217299    15.835702561
     0.495989766     0.066619754     0.008985273
    16.524512567   -17.647826838     1.332673013
    -0.055704536     3.783194620   -16.244930729
     6.933946017   -24.202785540     4.098148980
    -9.121676691   -29.050640887     3.349862664
    18.279350645   -17.770989695     1.272506944
     5.239402750   -21.476131668     6.694799185
     8.548509701   -22.056926255     2.003628352
     8.785809792   -24.781716420     2.733944193
    -2.508264038   -10.990844592    19.987600351
    -2.351726596   -16.172486985    24.843702408
    -0.792316349   -19.901110777    22.693044595
     9.442570307   -25.702985511     1.997678884
     5.527023141   -24.199595735     7.321054553
   -12.936547771   -19.073134421     1.442853997
     0.494882159     0.074402204     0.008985273
    13.987391691   -29.021951771     1.623871558
     4.539081212   -23.934183824     9.109674690
    -3.196765648   -17.746175962    20.496371732
    -5.102421805   -16.015561944     8.740099305
     3.878242493   -11.379358927    14.801910999
    15.828685989   -11.594139634     1.405406186
     3.384492781    -9.855398119    25.900225296
     7.038629147   -24.621167239     4.554905252
     8.209103717   -26.729313545     4.558163122
    -0.517141458   -33.883927702     6.013968747
     0.987538800   -22.817423392    15.475936127
     4.678112662   -20.643546226     8.534845298
    -0.699566120     5.061033816   -17.034517652
     5.086366791   -20.550979659     6.874487150
    -2.731984655   -10.133337291    18.351597708
     4.052700480   -18.895395496     9.921643721
    -9.476125075   -13.466376712     1.782007317
     3.508305493   -11.785215632    18.916455698
    19.696106668   -13.618261589     1.272523603
    -1.138704316   -27.639339203     9.179496898
     5.472285583   -24.945652654     7.937648432
    -1.510181849   -11.006670648    29.449697067
    -5.362962424   -23.254535617     8.581614572
    10.295869393   -20.977586318     1.891594501
     8.346758584   -30.679752068     5.086328069
    -0.780752464   -10.449428137    31.810824888
    16.690043639    -9.818026509     0.057657200
     0.504972279   -29.946349057     7.936186015
     2.887987122   -16.134739100    19.463479056
     1.358780773    -7.072195455    29.154020275
     1.650786325   -21.163470557    18.027716026
     2.849731468   -18.045852991    16.434745825
    -0.449089703   -19.905236531    21.314424362
     2.062095959   -16.838292767    22.864544263
    -7.739380888   -15.307513587     2.029701349
     6.509379913   -12.719409532     8.461545733
    -4.370226019   -30.885573521     4.223697680
    -0.388128579     4.909308045   -16.738241078
     0.551777413   -20.129431710    20.484723630
     0.785103856   -19.806995391    20.201068342
    -0.823486956   -29.795983586     7.305811186
    -1.339847769    -8.058023791    20.709431637
    -3.332619854   -24.372810316    12.460558590
    -2.544008385   -13.729303675    23.689764456
    -0.397098299     3.526605070   -11.971347553
     2.481162411   -16.594720936    21.800537788
   -13.969504328   -19.373104469     0.983608778
     8.285769257   -29.720345000     4.886636722
    -0.206786180     1.217164438   -14.291421929
    -6.871927424   -10.769302574     2.861173609
   -12.268684097   -18.623032116     1.702911042
     3.927624784   -13.542893630    16.486467710
     3.250115173   -13.840147332    20.363264783
     1.867904591    -2.622566390    21.652336379
    -0.115580308    -8.392263386    29.473463682
    19.517088239   -13.511047881     1.266627245
    -3.781834423   -18.112157187    18.140862483
    -4.393868131   -17.233655918    15.660349490
    -9.453378465   -13.154878563     1.455943468
     3.991181193   -13.920058531    16.975872003
    -4.259820219   -15.689044709    14.941324560
    -1.859828396   -10.327370923    24.142499464
    -2.159847855   -10.645470015    22.407034106
     1.764726474   -16.495427215    24.999926966
     8.976555785   -11.679933830     5.537034916
     3.230580739    -9.763800453    25.144511109
     0.493652448     0.082166296     0.008985273
     2.951371495   -20.925073003     8.428746314
     0.759333759    -0.275492613     7.290571186
     3.250647979   -14.527370902    20.642273518
     1.952988882    -3.202666400    22.590885728
     3.278548421   -19.070654271    13.115026631
     2.096293875   -23.679903746    12.433903961
     0.779169464    -8.756226063    32.173660113
     3.092895748   -14.647421989    21.438186901
    -2.667499457     5.801714020   130.794560411
    -2.334217519   -15.434928934    23.159104808
    15.547858083   -10.770169634     0.857689980
    -7.055016204   -19.270502556     6.194880357
    -3.562883075   -33.693222501     4.044540808
    -2.051702695    -9.818379813    21.527597090
    -0.326177687    -8.563996655    27.856381601
     0.219566564   -24.885408654    14.552131150
    -3.539760049   -35.440951080     3.580151923
     8.875322499    -8.075680021     1.964110358
    -0.830644139    -9.813940781    27.079994313
    -4.335458169   -23.506498418    10.587201596
    -0.053454792    -1.305569568     9.165921420
     8.786446283   -23.008447353     2.142218116
     5.502993682   -25.622384349     9.062921913
    -2.600155419     5.716119713   128.488858109
    -4.911610050   -16.316202429    11.498649545
     4.337422544   -34.974770465     4.747192052
    -3.432604309   -16.959802512    18.263182952
    10.491555226    -6.899299765    -2.630902923
     7.556038408   -27.157259425     6.414235148
    14.673975780    -7.515613836    -1.204614636
     1.080145313   -27.011482392     9.910643080
    10.208210273   -21.467273135     2.207370635
     3.431422530   -18.799702935    15.892156908
    -4.701002976   -17.324284039    13.598557178
    -7.067967799   -32.096485060     3.354653758
     4.451124948   -30.007725243     8.798545516
     3.395359961   -12.044428586    21.613625401
     3.153275066    -9.606734375    23.686966786
    -6.220200358    -9.969561776     3.580394618
    10.911374803   -28.365890111     2.366579963
     0.616389444    -5.634218324    24.968251654
     3.117047625   -12.176203391    23.878760195
     0.727562957   -19.686574045    21.642164877
     0.628113398     2.875982012   -17.122039870
    -4.922926439    -6.647805797     5.232927106
    -0.805406577    -9.890069357    29.518802866
    -2.550566915     5.617895170   126.132239078
   -14.033852029   -23.376771363     1.817142425
    -4.407724250   -32.476562144     4.010235786
     3.776049956   -25.866446077    11.567499316
    -2.552567563    -2.312723275     8.719094626
     3.907818205   -25.003204018     9.237610655
     1.317069686   -16.096930448    26.563508563
    -2.098526683   -17.407214217    25.339626112
    -1.289498395    -0.525121232    17.855003808
    17.310151304   -22.632993559     1.489066535
     8.883665086   -27.768729596     3.419603299
    -5.020213760   -23.655241525     9.512107614
     4.584050326   -36.395965726     4.140237256
    -3.901330461    -2.840955529     5.001196229
     0.492300935     0.089910115     0.008985273
    -2.602482880   -15.715017693    21.109135000
     2.272225869   -27.189182093    10.406793516
     0.752956930     0.165782965    -2.107043671
    -0.182646603     4.746066888   -16.803010673
    -1.739818149    -9.615315498    22.351353671
     6.063227977   -25.379789307     6.539100412
     0.803550578     1.973070021   -17.390095733
    -4.176490003    -9.443574500    11.356333123
     1.033172443     2.432802308   -17.682523102
     3.999420910   -25.420733479     7.818541953
    -3.383299300   -29.317375295     5.145109914
    17.535186270   -11.584246850     0.988758081
     0.264043736    -5.438414519    23.704793183
     2.627532060   -20.909687646    10.496414612
     0.657233979   -25.475792331    13.278794487
     0.662772165     2.381374699   -17.831961996
    -2.029106432   -36.614259313     3.838872847
    -4.714475995   -15.631851567    10.963768561
    -4.172264780   -18.746334754    16.764870082
     8.029725264   -25.814900269     4.340734950
     1.530129427   -23.234903497    13.777054321
    16.726792097   -22.317574080     1.542410772
    -7.591733795    -3.742462444     1.620935729
    -5.614716915   -12.839212180     8.585238829
    -8.149424407   -18.383987825     2.577687127
     3.449114257   -14.034883280    19.096874418
     1.337257052   -23.634471017    14.439170173
    -5.009238967    -9.869596393     7.295426881
     1.072791242   -16.570309442    25.730829797
   -11.603931797    -7.572116462     0.796093529
    -7.453116094   -12.238688124     3.418258838
    -0.118221272     0.926526774   -14.981828580
    -0.688503034   -28.335437346     8.897287581
     4.193333788   -25.440965696     5.797131895
     0.726904523     1.666921997   -18.477934061
    10.870581097   -29.832715405     2.946647792
     3.252734986   -23.585437533    10.313932570
    -0.262372576   -25.411256354    14.345466445
    -2.489366105   -10.223216621    20.852269201
    -5.512957695   -12.308791211    10.424925929
     0.490827954     0.097631750     0.008985273
    -5.890735189   -16.896437994     6.548834010
     9.625263874    -7.224110104    -0.779746813
     0.848490018   -23.934328791    15.155556214
    -0.251338006   -31.594890303     6.738413100
     7.642920556   -27.644553428     6.464417287
     2.441310554   -25.788827390    11.856067826
     1.985173770   -25.350389095    11.756879517
    13.158138923    -6.643152133    -2.745074027
    -0.909536713   -33.884144712     4.476163629
     2.091036663   -19.020429993    18.064416630
     1.645976701    -6.431681839    29.476765641
    13.608540754   -24.664422932     1.658805521
     1.546052573    -3.322620060    23.243764902
     3.679387868   -19.051586641    11.326248654
     9.075091828   -25.114278724     2.206484395
     1.282432006    -3.759623180    23.971820872
     0.489233869     0.105329296     0.008985273
     2.981067737    -9.439223122    21.357661114
    10.034702216   -22.258016593     1.213806078
    -3.746801240   -17.603658230    17.900868601
     0.487519073     0.113000854     0.008985273
    -3.358731060   -20.276559402    18.552776496
     2.132138891   -19.421831334    17.493604422
    10.406604632   -27.176466566     1.933622583
     3.846403344    -9.400805116    27.057402528
    -2.388198254   -24.937131596    11.764147515
    -6.053818483   -21.807893154     9.035910933
     8.068696624   -28.540466673     4.952776601
    -1.269908504   -10.779717997    30.832818762
    -2.245733766   -11.414365968    24.721687108
     7.842386439   -22.030073242     2.963430803
    -0.044943012     4.567861744   -17.490990067
     1.178494846   -25.256342699    12.075645514
    -5.952394400    -1.977379169     2.821377809
     7.103471858   -12.491916782     6.639304844
    -3.385779695   -11.095150120    19.923827048
     0.487079339   -21.835926116    18.964240851
    -7.114377271   -20.366017293     6.087943144
    -2.469604824   -11.497612133    21.909667654
     1.920490557   -21.196489627    16.236116308
     3.540326461   -31.140875470     7.846003974
     0.240937093   -23.272475687    16.955624900
     5.605205139   -21.760400123     6.121263722
     0.685613162   -23.308647281    15.421958676
     9.146864019   -28.126353083     3.277680466
