    10.695400870     0.716064159     1.023863072
     9.800075582    -1.581324339     1.130702053
     9.277772011    -2.030650286     1.083829227
     8.875429772    -1.316642125     1.174222763
     9.408179454    -1.846762609     1.254011857
    10.316344673     0.214397871     1.013550701
     9.383302552    -0.956817671     1.090492253
    10.226353646     0.446895860     1.024529405
     9.686024294    -0.149481901     1.047365977
     9.310470793    -1.834207779     1.261461889
    10.256347022     0.160771533     1.019936174
    10.112516170    -0.065049509     1.028332427
     9.761409808    -2.077552980     1.261578931
     9.550266048    -0.715513203     1.059759724
     9.500060585    -0.533482902     1.053030344
     8.900308281    -1.274037437     1.168307376
     9.702436855    -1.920423653     1.314767639
     8.989167115    -1.778716614     1.208062630
     9.921905567    -0.118927139     1.040893542
     1.400215933     0.332787072    -1.882605999
     9.289003730    -2.100222772     1.131922267
     9.528208830    -0.785161421     1.108077851
     8.851925865    -1.246251875     1.174534335
     8.983913455    -1.318698819     1.182429935
     9.070688414    -1.341217250     1.189957106
     9.099269060    -1.439362419     1.204525669
     9.422094720    -1.622170973     1.366364205
     9.357097927    -1.703790354     1.374438984
     9.297289528    -1.546800468     1.280772227
     8.848786461    -1.177719559     1.166003382
     8.882631546    -1.262677172     1.171183126
     9.078486018    -1.399397230     1.200748706
     7.873645694    -1.120639299     1.212032257
     8.193605337    -1.099806668     1.191368063
     8.840014909    -1.145382495     1.173589508
     1.289121397    -1.327553861     0.920606185
     0.275408011    -0.461014072    -2.323540338
     4.794611383    -0.541053568     1.721797639
     0.438447336     0.681076872    -1.903558115
     0.500430336     0.003931376     0.009023996
     1.642750797    -1.101909828     1.899957600
     3.062357145     0.062739453     1.344228296
     0.837134052     1.351107099     1.770704264
     0.522620251    -1.917847904    37.201369066
     0.880185021     1.640031279     3.948727077
     0.536546477    -2.096185162    41.023017310
     0.500307753     0.011793010     0.009042896
     0.729404995    -1.985991961     4.277488710
     0.157501500    -1.186981630     0.848550901
     3.273988108    -0.297711512     2.103977759
     0.953660589    -1.542296529     3.398307179
     0.823262999     0.534323011    -3.790975660
     1.149623798    -0.598005535     0.561171422
     0.968814532    -0.425795893    -0.631220649
     0.437007732     0.343227623    -4.107193555
     1.335318801    -1.898796409     2.804552121
     0.060738794    -1.180077856     5.094247342
     0.952740240     0.006608479    -2.145980321
     0.822431899     0.728529031    -2.289616804
     1.063526381     0.871821984    -2.818658609
     0.799725909    -0.186864239    -0.896547130
     2.054332431    -0.516133032     5.779349556
     0.426859532     0.675892770    -1.495468041
     1.425622886    -1.800134231     4.202850719
     1.009164939    -1.430437314     2.152641646
     2.953933340    -0.964120531     5.393479898
     3.354030972    -0.479303224     3.380271193
     0.610612430    -1.325794752     2.410081163
     3.116508668    -0.502650200     3.500713147
     2.577028058    -0.907031270     6.062281063
     3.711238141    -0.443068826     2.698906132
     0.826797792    -1.596162283     3.731507387
     0.632538768     0.947947752    -1.748321040
     0.864513153     0.497323153    -3.088334907
     0.801074735    -1.761596787     1.882939403
     1.808450711    -0.821069926     4.642004913
     1.614593065    -1.227326153     2.226816689
     0.329441281    -1.222105402     4.408008033
     0.748940655    -1.176559415     1.861883363
     0.740932830    -0.175556607    -1.208125232
     0.334170761     1.023788659    -0.869531854
     2.292934419     0.375805883     0.840098047
     0.691504417     0.994490898    -0.351504470
     0.709891335    -1.002346819    -0.849929242
     1.025454870    -2.228539639     3.517647403
     1.192707381     1.168132791    -0.662672504
     0.500063097     0.019654382     0.009092299
     1.053724714    -0.973810743     4.251714391
     3.356261890    -0.191718474     1.632249474
     0.404808203     1.518672507     6.968685032
     0.308918682     1.024519261    -3.241081114
     0.668905176     1.364982251     4.695755558
     2.835917951    -1.025254691     6.004265941
     3.855493022    -0.287986427     1.935147218
     0.539509214    -1.593481078    30.811784505
     0.499702004     0.027515950     0.009288631
     3.010848996    -0.145860251     1.986293112
     0.609341927     1.762165709     2.000051517
     3.614060795    -0.608974174     3.108666498
    -0.003669524    -1.123723268     5.505616339
     1.070659405    -0.883514357     1.097999082
     2.582029353    -0.773978464     5.486826156
     3.779646116    -0.904599549     3.060889209
     0.644341945    -0.889728818    -0.201740021
     0.539533936     0.818355026    -0.122566770
     3.337445447    -0.363367229     2.276943565
     0.556838243    -1.493361607    28.899780664
     0.499231290     0.035376780     0.009771716
     1.242955503     1.526979711     1.967999070
     0.906127509    -0.220759958    -0.516024588
     0.498657117     0.043227233     0.010653167
     1.264595632    -1.331441225     2.216112816
     1.197898855     0.619296959    -1.814825936
     0.192723739     0.856157542    -1.770944101
     2.806953884    -0.143777526     2.411912736
     2.825308373     0.206737339     3.251427704
     2.697146799    -0.501360798     6.571908836
     1.450985596    -0.850787893     2.971577878
     0.579117270    -1.497161960    29.162776930
     0.497966151     0.051045887     0.011621208
     3.186052345    -0.602820866     3.933098336
     0.497118313     0.058826238     0.011844416
     1.336989358    -1.006046270     1.889961235
     0.647377442    -1.955010459    38.873456982
     0.522130333    -0.450612686     6.922543532
     3.591637145    -0.285544436     1.763713133
     0.496098343     0.066597120     0.011077288
     1.161152957    -0.886222000     1.306076213
     2.697221677    -1.717173851     3.427576697
     2.701252460    -0.040338342     2.480968245
     0.568317381     1.511302054     3.434796017
     0.507766242    -0.340278747     4.622868017
     0.607972230    -1.082419677     1.098834538
     3.200937485    -0.780585124     4.518797656
     1.323528027    -0.063948009    -2.160094271
     3.545227419    -0.863894623     3.790905697
     0.372362810     0.707566958    -0.375339522
     0.327734010     0.720389430    -0.918753397
     1.478384912    -1.304958368     2.114888184
     0.494941604     0.074376197     0.010083681
     1.343938165    -0.873689623     0.718912334
     0.671127218    -1.126348240     1.552077348
     1.221688621    -1.554413495     3.641054583
     1.882457220    -0.630292256     4.300235949
     3.287318126    -0.395303689     2.479490241
     0.519892734    -0.416087050     6.405638731
     0.626648130    -0.888229085    -0.366295009
     0.493678302     0.082149525     0.009440282
     1.056117674    -1.091302426     2.262877767
     1.216068570    -1.016584934     1.872919874
     3.473788231    -0.823074012     3.574872880
     3.183509632    -0.373742120     2.602669155
     0.528478472     0.506786627    -1.786549027
     0.683989427    -1.430488990    28.784959698
     0.065721341    -1.551635799     4.969912237
     3.441598242    -0.314219791     2.272571457
     0.608691646    -0.790604962    15.234658491
     0.301335097     0.413103431    -2.995444095
     1.913760547    -0.859283368     4.007915628
     0.492310631     0.089901959     0.009146729
     2.479279097     0.146821332     1.457136688
     0.622718871    -0.795331757    15.548222164
     0.589893941    -0.556580468    10.420333817
     0.490831264     0.097628391     0.009037082
     0.935147231    -1.266683692     1.762345294
     1.977616715    -0.656264174     6.110200767
     3.081560514    -0.651613384     4.334785876
     1.693044810    -0.846680483     4.540059720
     2.910834792    -0.136478871     1.732919407
     1.510475736    -1.811610327     4.554600204
     0.560954240    -0.383560159     6.702861811
     1.684724132    -0.580900882     2.665562959
     0.513418493    -0.155983102     2.059364302
     2.826769476    -1.207616939     5.654955072
     2.340502926    -0.539624141     4.680130069
     0.496499841    -0.089679171     0.961793049
     2.330142426    -0.560967855     4.768943885
     0.489234951     0.105328075     0.009001285
     2.968075746    -0.304086327     2.937006755
     0.487520271     0.113000694     0.009007897
     0.485685746     0.120644930     0.009021318
     0.443736035    -1.307776199     4.088044524
     3.978777453    -0.314092974     2.074035973
     0.483734019     0.128259906     0.009088488
     3.744692611    -0.305697603     1.962450529
     2.926271533    -0.795409496     5.466617943
     0.595099485    -2.464246887     2.880632785
     2.792397389     0.295264466     2.360740449
     2.852472287    -0.419698280     4.625343585
     0.481658038     0.135841932     0.009054346
     3.590877128    -0.385347672     2.540377180
     0.972135643    -1.693775297     4.745529033
     0.017234179    -1.343768524     5.878895776
     0.154187754    -1.675432162     5.338279417
     1.180581911    -1.266136665     2.503562044
     1.336657622    -1.970644831     2.796133704
     0.281866579    -1.838474292     5.537695523
     1.198846252    -1.482251791     3.154924307
     0.052008421    -1.341635541     4.906999765
     0.479462588     0.143390383     0.009007961
     1.158166655    -1.314743823     1.824780659
     2.716007518     0.287277471     1.100079475
    -0.110331688    -1.328690085     6.480143899
     0.533123541    -0.228299327     3.916301548
     0.494663949    -0.073828322     1.016299667
     0.306811866     0.781692245    -1.762340031
     0.477151055     0.150904903     0.009012833
     1.709623162    -0.680999644     2.560553301
     0.474723036     0.158385362     0.009062093
     2.822131587     0.090647624     4.229999012
     4.044279412     0.773867276     0.511810501
     2.824392685     0.345076337     1.842915083
     0.764961395    -1.655295714     0.595029403
     0.511438888    -0.617298686    -0.645276670
     1.270024987    -1.787675392     2.130427350
     0.556361082    -0.495441649     0.676473698
     0.711226669     1.206073489     2.749316125
     1.519288804    -0.760237876     2.732238393
     1.628317752    -0.609800674     2.699457258
     2.046891095    -0.960195993     4.262890681
     0.504837214    -0.117692183     1.843982471
     0.436262786    -1.038666317     3.676820044
     2.505009547    -0.834202413     4.748388446
     0.472177050     0.165834926     0.009152119
     0.723646624    -0.711829713    15.895844920
     0.667840895    -0.551459236    12.285952203
     0.469505467     0.173268345     0.009250360
     0.645973836    -1.381873837     3.024286643
     0.466600046     0.180845763     0.008522650
     0.463606938     0.188570858     0.009921563
     4.313056700     0.073727341     2.232453370
     5.158531436    -0.267033472     1.447029776
     2.595004651    -0.304299755     4.371512980
     0.460695532     0.196353326     0.016023282
     3.391063001     0.500516424     0.826297993
     4.381817935    -0.318085516     1.776593876
     0.465392452    -1.453333186     4.099355211
     0.347877180    -1.734964346     4.925472270
     0.249630462    -0.507480383     4.182164408
     0.531321131    -0.694850103     0.887912301
     0.458230889     0.205210490     0.041874199
     2.987464887    -0.895555182     4.924197055
     0.255484096    -1.215406619     3.147808384
    -0.789454663    -1.107266444     3.361182640
     0.409453634    -1.069026198     2.516065377
     3.701888662    -0.577531829     3.181535388
     0.947080872    -0.662551202    -0.313177592
     0.465515508    -1.353118219     3.395713424
     0.374691181    -0.477343575     2.224483409
     0.512595225     0.013476810     0.935919170
     0.574665755    -1.650402630     4.640281213
     2.366494111    -0.536907663     5.591313688
     0.368248657    -0.368223857     1.558753446
     0.447433183     0.223851504     0.006226805
     2.661734448     0.075156633     2.364577697
     2.817301344     0.233068332     3.105853539
     0.395074803    -0.453101971     1.167336364
     0.515482226     0.000733138     1.149001072
     0.342090235    -1.220302105     4.211574598
     0.192353977    -1.309878315     4.525968327
     0.444018349     0.230740293     0.007973003
     2.513166925    -0.503156778     5.703725468
     0.918299987    -1.271824803     3.547596673
     4.094586975     0.579694872     0.745071735
     1.878647739    -0.673267381     3.605608355
     4.462912530     0.125292212     2.190160348
     0.915093595    -1.069784601     1.837502667
     1.038956966    -1.246020970     7.221970405
     0.096369267    -1.116850323     5.328527302
     2.781375460    -0.192003086     3.222570194
     2.794984625    -0.390739225     4.483378772
     2.628893512    -0.437669132     5.651756761
     0.312566924    -0.922224805     0.689417513
     0.503842932    -0.600265987     4.326398613
     0.029579808    -1.114823614     3.616054372
     0.776920589    -0.386632067     0.525380239
     0.881297238    -0.873943305     0.745056122
    -0.142748029    -1.445254279     6.260884543
     0.260155224     0.581508208     4.902242599
     0.712349313    -0.307892699     1.892824272
     1.179610911    -1.464823937     3.119433755
     0.671687740    -0.381213581     1.296362643
     0.491124992    -1.144362670     1.404394931
     4.206634291     0.475498815     1.288178934
     0.863462891    -0.488381368    -0.527091503
     2.546302619    -0.498132070     6.132022702
     0.440383252     0.237638230     0.008291826
     0.530287825    -1.599907415     3.861923538
     0.397455093    -0.340544301    -0.713715982
     0.491182442    -1.208964234     2.402438405
     0.436502955     0.244437121     0.005793521
     2.930198776    -0.726991627     4.894984012
     0.432696357     0.251277432     0.007435476
     1.130396860    -0.752201123     0.695282596
     5.336400831    -1.105807493     1.556955734
     0.428629294     0.258012255     0.005974630
     4.748205021     0.072242709     1.523867494
     3.697970658     0.612865512     0.553981566
     0.286953564    -1.400714003     4.258215293
     0.272380045    -1.224740175     3.116672448
     0.443508801     0.616056406    -2.134779890
     0.751190080    -1.296568107     1.887662378
     3.426770732     0.224900432     1.839189047
     0.306304806     0.661973165     6.575695843
     0.716295219     0.480478092    -0.646807116
     0.431048646    -1.197068898     5.204240665
     2.221739007    -0.677057466     4.930882117
     1.114892571    -0.076117837    -2.395242898
     5.238555457    -1.401356357     1.775159146
     0.424480229     0.264770098     0.005840195
     0.424977582    -1.184975055     4.747647779
     0.375781002    -1.272084708     4.085934274
     0.481189402    -1.683645241     5.106021619
     0.633653179     0.929617869     1.664285985
     0.805120843     0.661729688    -1.594671018
     3.864265349     0.536165538     1.082479067
     0.480741717    -1.005371948     1.545735711
     0.600722198    -1.262253854     1.961506247
     0.420321699     0.271464960     0.007376939
     0.515521425    -0.945626180     2.858892704
     0.358018529    -1.834152872     6.013581585
     2.243722817    -0.731646106     5.214676437
     0.783306097     0.836516139    -0.604773570
     1.397043001    -0.872386650     2.459296037
     0.951946990    -1.611195012     4.504349678
     2.579931503    -0.711504190     5.920748151
     1.192007510    -1.756270215     2.155795837
     0.416062595     0.278043295     0.008428132
     1.524803234    -1.824598746     4.658240226
     0.385776726     1.173151311     2.055205653
     0.608597068    -1.841903458     5.078937458
     0.096839245     0.645163511    -1.906757754
     0.623175205    -0.693969035     0.731099263
     0.361873732     0.989788398     0.794876884
     0.084312233     0.866092085     1.564150444
     0.411670790     0.284539609     0.008817208
     0.739840337     0.900683268    -2.667155513
     0.915789824    -0.402786856    -0.121176163
     0.802637217    -0.532621913    -0.105622433
     1.263240210     0.334005576    -2.074637440
     1.992532023     0.161680355     0.791628681
     0.764140986    -0.779734169     1.563463735
     0.407160643     0.290967038     0.008936659
     0.919828148     0.094763587    -1.628542444
     0.583834251     1.277951197     3.643613243
     2.950474667     0.187177951     2.612060568
     2.386962450     0.687479883    -1.235969288
     0.031985330     0.510075827    -4.064968813
     0.385064575    -1.343190222     3.659867695
     4.494952506     0.169369234     1.682522772
     1.592099185    -0.609295584     2.720580876
     0.562876187    -0.165684259    -2.052699693
    -0.052641664     0.535401194     6.603538112
     0.618815426    -0.246538567    -1.539158307
     0.679853339    -0.347629595    -0.688729437
     5.451049978     0.202328951     1.285921578
     0.043924160     0.528694427     4.755648125
     0.402544143     0.297324938     0.008982605
     0.834668657    -0.355065007     1.362590843
     0.503909438    -0.462616638    -1.751097840
     5.676543988    -0.563030854     1.385119063
     0.310363869    -1.572166174     4.883111815
     0.397826398     0.303610208     0.009004492
     0.897815037    -0.567279597     5.065222525
     4.511560997    -0.005905211     1.904675495
     0.720651157     0.229557368    -4.269081677
     0.850924264     0.950809565    -0.520333399
     0.053846685     0.548402006     4.919741451
     1.953094040     0.526367705    -2.050669378
     4.412911033     0.004546957     1.880043033
     0.489763324    -0.146239087    -1.723319352
     2.001696410     0.776309117    -1.379753562
     0.047464459     0.571135959     5.355087924
    -0.194701759     0.930449086    15.273652186
     0.388214731    -0.687977732     1.210271460
     2.852060680    -0.171202043     3.301146942
     5.157008433    -1.668925909     1.783677259
     0.821167276     0.267709587    -1.174915289
     0.417839328    -1.861635277     5.402414951
     1.997122085     0.616368839    -1.589526847
     1.504586387     1.969109031     1.213948898
    -0.093106122     0.760737026    10.679496114
     0.393011111     0.309821330     0.009044229
     1.128444317     1.140035050     1.790491601
     0.971505846    -1.354294449     1.365725538
     3.835161217     0.243834818     2.081015535
     0.388087697     0.315946179     0.008785633
     0.234886067     0.768129583    -0.833411442
     0.383004877     0.321925021     0.006675369
     0.262667864    -1.761960200     6.094872528
     0.377968608     0.327969505     0.008590125
     0.974621195     0.524842439    -2.213319454
     0.625340090    -1.584044101     3.203971590
     0.529438819    -0.181101759    -5.598523333
     3.881566441     0.319166409     2.048845343
     0.653154194     0.834075063     1.301755388
     4.838731989     0.240529440     1.207670959
     3.337113934     0.710518320     0.136691093
     0.448541187    -1.774725762     5.923584650
     0.590599833     1.445832475     4.773492692
     0.372744513     0.333789488     0.007183869
     0.144838380    -1.557796437     4.589935890
    -0.250710116     0.450445078    -3.850162362
     1.203142548     0.237087709     0.048228355
    -0.041433167     0.587688266    -2.165195602
     0.924841035    -0.987062948     1.557313726
    -0.154075311     0.822705838    12.517857379
    -0.197469795     0.839840053    13.305252439
     0.367510644     0.339573619     0.007592187
     0.362152636     0.345091579     0.004963394
     1.117985252     1.320424292     0.755207081
     0.124508532     0.528982455    -1.170212569
     2.728905346    -0.112112556     1.991599614
     0.612502501    -1.195304263     2.082547207
     0.687962153     1.125566720     2.745041113
     0.308632021    -0.475222717     2.982716640
     0.471179044    -0.299600298     2.400206820
    -0.179056468     0.786445621    11.969985187
     0.339363535     0.367533331     0.005075915
     0.333775165     0.372812944     0.008012564
     0.730884886    -1.816945072     2.538960831
     1.755049661     0.366143473    -2.113810273
    -0.006322893     0.599015256     5.859020737
     0.038937185     0.646351883    -2.060584391
     2.906625179    -0.589895137     4.629084792
     0.327860460     0.377942869     0.006772194
     0.932947117    -0.432326338    -1.028229647
     2.573597997    -0.002862034     2.497323670
     0.322003106     0.383086472     0.008929450
     0.315952487     0.388092575     0.008940934
     3.459636113     0.339593354     1.634967115
     4.721796524     0.493364829     1.133850572
     0.309775104     0.392953262     0.007563264
     0.343586146     0.382999840    -3.194875495
     1.319799191    -0.813921871     1.921337206
     0.214262012     0.724056334    -0.330135563
     3.586599311     0.355122835     1.657967671
     1.692506103    -0.673167225     4.631241326
     2.615906101    -0.765160105     5.256457958
     3.496778801     0.196554933     1.733926709
     0.172536098    -1.052574133     2.225303660
     0.123093656     0.598821122    -3.205797798
     3.203153399     0.181583574     0.949347884
    -0.031904772     0.527683552    -2.629162235
     0.039715196     0.559698053     4.364973245
     0.303610178     0.397825163     0.008984500
     1.973576089    -0.604850251     3.997637063
     1.894399336     0.209160088    -1.907362425
    -0.202046425     0.793120594    11.879003388
     0.254342457     0.887859319     0.548637077
     0.297324145     0.402544866     0.008984819
     3.260316876     0.202027631    -0.473157923
     0.290914813     0.407095740     0.007273251
     3.550746892     0.253570519     2.297382165
     0.284484844     0.411614782     0.007272955
     0.278031921     0.416103705     0.008985334
     2.812272454     0.112460251     3.900889423
     3.161515965     0.229645764     0.944468852
     0.340553791     0.646621740    -0.448126673
     0.271462278     0.420419157     0.008985196
     0.758250685    -0.885150614     1.326191082
    -0.176564215    -1.379114511     6.808577064
     3.653787541    -0.020922226     1.579641692
     0.053243832     0.530532274     2.059343964
     0.893382730    -1.710398606     4.607546128
    -0.074861603    -1.251356998     4.852306131
     2.272924223     0.011661731     2.155886145
     4.288086303     0.208617000     1.940889895
     0.264826915     0.424630037     0.008983739
     5.227560633    -1.676332581     1.796103093
     0.258130640     0.428733658     0.008984025
     0.251384869     0.432722733     0.008970842
    -0.218638630    -1.369301219     7.292111647
     0.244617687     0.436573335     0.008786693
     3.419638673     0.187466618     1.432462633
     0.975385182     1.089637479     1.590999437
    -0.235151554    -1.534475432     6.165739788
     2.893313181     0.514103120     0.353566932
     1.286085797    -1.680254814     4.119243745
     3.583713669    -0.599017564     3.094347172
     0.230783162     0.443971742     0.007541573
     0.332445146     0.664240835    -0.383649164
     0.620231573     1.301455698     3.608822515
     0.222899294     0.448084863     0.009402754
     0.736121109    -2.155246666     3.770340333
    -0.021185415     0.523996469     1.593395734
     0.209388220     0.454543483     0.009168838
     1.033857441     0.221547531    -1.435516489
    -0.176550173     0.514281724     3.321732970
    -0.388867826     0.598184582     8.411830160
    -0.603316515     0.674963689    13.413711167
    -0.617449520     0.674799815    13.564859798
    -0.827784111     0.741290731    18.249594820
    -0.923395910     0.764105362    20.212245675
     0.218402824    -1.363701961     4.176446017
    -0.930624641     0.755926218    20.014272031
    -1.076630099     0.793043509    23.071225312
    -1.267874837     0.837927533    27.052188306
    -1.433162944     0.872107069    30.415147950
     0.202312367     0.457729304     0.009032675
     1.480422735    -1.745186168     4.366518618
    -1.458997636     0.876734675    30.808966985
    -1.622213982     0.905255400    34.075609193
     0.195125993     0.460838428     0.009028640
     3.132440627     0.180175426     1.607326471
    -0.464398098     0.328780526    -3.607302822
     0.535349868     0.482124542    -2.042069008
     0.339737707     0.577990668    -0.932022679
    -1.537168637     0.912553379    32.272763776
     0.187871023     0.463841456     0.008992826
     0.180564521     0.466733894     0.008985971
     0.083492831     0.625556046    -1.213825778
     2.446894425     0.407514307     0.622150304
     0.173211845     0.469512205     0.008985561
     2.887672957     0.026410113     1.457215851
     1.147664663     1.394350793     1.786184245
     2.558085933    -0.117245191     3.361827102
    -0.258063413     0.683663424    -3.060661804
     1.978017119    -0.361582953     5.009537679
     2.504332728     0.542203231    -0.445725525
    -0.008800589     0.817022190    -0.946865025
     0.511656441     0.603331318    -1.641617427
     0.199987048     0.771455050     0.966379000
     3.038140106     0.019455229     1.037964079
    -1.833772167     1.035709540    38.696920479
     0.671427207    -0.796440005     1.101478086
    -1.427379744     1.054373506    30.807658388
     0.165815916     0.472174890     0.008985384
     0.171434940    -1.419927380     5.346901313
     0.225766614    -1.451815402     6.533268616
     0.158378923     0.474721137     0.008985311
     0.150902807     0.477150273     0.008985286
    -0.218808316     1.213901552     1.119074216
     0.235456247     1.035052865    -2.360254744
     0.143389446     0.479461684     0.008985277
     0.135840701     0.481654797     0.008985274
    -0.999380396     0.743772179    -1.008051810
     0.537619188     0.552759703    -4.557320012
     1.765432000    -0.491851383     3.678998117
     0.128258438     0.483729069     0.008985273
     2.698770083     0.456508354    -0.055235018
    -0.978565329     0.981647121    -1.927827654
     0.574005857    -0.827837574    -0.194462971
     2.560201006     0.394381661     0.580113475
     0.120644530     0.485683989     0.008985273
    -0.683995673     0.770066879    -3.586885430
     2.016362612     0.414363170    -2.276893951
    -1.659968606     1.429362566    38.348170117
    -0.843631926     1.074947437    -2.974003903
     2.321599496     0.519682101    -0.836595924
     0.113000854     0.487519073     0.008985267
     1.010316913     1.056809724     1.069950224
     0.637566336     1.623843024     3.397418783
     1.083744953     1.471930588     2.787991702
     0.677113090     1.454219220     8.780033350
    -0.578648177     0.670510313    -4.749229224
     0.777175581     1.661550287     4.791892865
     2.455659364    -0.135058535     3.224290830
    -1.537551825     1.013903321    -2.225864945
     3.324543158    -0.244069262     2.152785056
     1.454454196    -0.615444758     2.079358692
     0.105329296     0.489233869     0.008985272
     0.097631750     0.490827954     0.008985271
     2.275396838    -0.162167338     5.054759989
    -1.710167785     0.616198183    33.940279606
     0.089910115     0.492300935     0.008985271
    -0.857229479     0.760476740    -2.727739133
     0.082166318     0.493652578     0.008987916
     0.074402204     0.494882159     0.008985264
     2.939611410     0.061335615     1.404589566
    -1.173284933     1.068312488    -1.621598046
     0.074240083    -1.383261411     4.957562889
     0.956273752     0.928110330    -1.268320193
     1.052942266    -1.006462618     1.717323391
     0.779895383     0.001921960    -0.608846486
     0.462840295     1.614882376     4.405934601
     3.258044688     0.170660362    -0.448987674
     0.244775510     0.520416899    -1.299558031
     0.900701456     1.580193461     6.121815010
    -2.244981629    -0.196809668    46.647186621
     0.785796026    -1.016781318     0.968556731
     0.351086862     1.082290825     1.165670592
     1.007816521     0.435746590    -2.780849282
    -2.028642889     0.709826444    -5.549527053
    -0.392008431     0.892726217    -0.800688746
     0.304552063    -1.679043355     4.775122007
    -1.349110825     0.106245292    26.829211215
     2.778652546     0.402651433     0.770826859
     3.397888365    -0.094173237     1.447177428
     0.293676637     0.561304532    -3.971605163
    -1.546203282     0.280795345    30.029434879
    -0.589595600     1.291879104     0.198168696
     0.066619754     0.495989764     0.008985245
     2.044085816    -0.696050042     3.536815921
     1.302371182    -0.829729434    -0.402549759
    -1.710827454     0.429701241    33.070674814
    -1.382196096     0.728184284    26.650176615
     0.981878917    -0.283691179     0.900992372
     0.058810810     0.496890029     0.007274099
    -1.197585028     0.077144563    -0.742131797
     0.443215036     1.574477290     4.865756544
     0.408687864    -1.006553439     2.221372876
     0.900626632    -0.787056013     0.594002085
    -0.030365078     1.079209695     0.023647173
     0.608861448    -0.753122882     0.130452475
     0.684767442     1.334907853     1.743298905
     0.051007465     0.497837588     0.008985002
    -1.716336188    -0.398963439    37.277850595
     1.966047967    -0.617730742     3.675413917
     0.358793963     0.474290018    -1.508605040
    -1.641653941    -0.125370464    33.298466412
     0.313799355     0.754274107    -0.439425172
     0.241775801     0.576934380    -0.835059398
     1.559904598    -0.603452346     2.528334726
     1.365547962     1.323969558    -0.265664585
     0.359797910    -1.467494777     4.866070500
     0.043174106     0.498492233     0.007276049
     1.160192671    -0.265069920    -0.552551250
     1.931158634    -0.496212105     4.705973308
     0.175724242     1.787084804     3.312159138
     2.208357912    -0.266055464     5.294683605
     0.925463582    -0.655060363    -0.301125229
     1.282072997    -0.228384245    -0.541954299
     1.545097662    -0.255122494     2.088482262
    -0.818675795    -0.155834185     0.377822224
     0.552817175    -0.917785272     0.132062810
    -1.433223642     0.610776874    -1.528472274
     0.035344840     0.499194127     0.008985161
    -0.259159619     0.811497887    -1.707331509
    -0.538286467     0.124624771    -2.566530217
     0.712821516    -0.642568865    -0.281388627
    -1.712228450    -0.047054353    33.982266263
     2.361292518     0.057457579     1.899465204
     3.372470035    -0.048308435     1.748505677
     2.206735761    -0.479199074     7.277030283
     0.169544078     1.149295583     1.931147522
     0.325248147    -1.736969385     5.408762838
     1.294403220     1.172570723    -3.691730902
     1.169906784    -0.205210391    -2.333214733
     1.671184787    -0.605829154     3.238642861
     2.381230136    -0.166046741     3.753051938
    -0.225404065     0.626922728    -1.483096863
     1.971985839     0.069529108     0.851261494
     0.591420053     1.010707614     1.848282943
     0.696585216    -0.069453912    -2.407288388
     0.337970825     0.806734506    -1.758553284
     0.308560828    -0.983297427     1.734576485
     0.171813974     0.837581393     0.411876477
    -1.114192325     0.578650759    -3.836594480
     0.192155312     0.951692874     1.005475772
    -1.342828652     0.014384434    26.044319374
     0.027499509     0.499688262     0.008996110
     1.291196805    -0.003272476    -1.503110225
     0.300131430     1.176129922     2.436675668
     0.171977041    -1.882017145     5.256314708
     0.018691558     0.669584557    -1.748307702
    -1.140363740    -0.627277462     6.867141924
    -1.086710131     0.702575690     0.101489847
    11.303838324     4.393902542     0.965080187
     0.046852487     0.601233306    -2.397360914
     1.421879508     1.012872778    -2.774917824
     1.218063899     0.479479759    -1.923231640
     0.099000494     2.033576198     2.948062203
     1.831516413    -0.547466347     4.351992043
     0.515543267    -0.968568343     1.741644811
     0.354765490    -1.634018730     4.370193597
     1.537163157    -0.768471364     3.685097554
     0.969057692    -0.957132927     1.708300745
     0.266864310     0.936695788     0.628861464
    -0.498297685     0.112868176     7.173772745
     0.810559149     0.632859525    -0.830599732
     0.019647328     0.500057896     0.008982824
    -0.289621522    -1.350761279     7.282360009
     0.385954713    -1.210477719     2.849192690
     0.992237124    -0.745418268     0.165868868
     1.051513921    -0.806949565     1.069881124
    -1.196055114     0.725524256    -2.861604891
     0.680521001    -0.647235873    -0.124569756
     1.216740289    -1.147268661     2.372583980
     0.011790337     0.500304850     0.008983587
    -1.227688684     0.068488779    23.018783563
    -1.245354372     0.073437353    23.190846566
     0.144991091    -1.193781179     4.470368486
    -1.098383529     0.099942847    19.832556911
     1.802003174    -0.080996965    -0.149228204
     0.904848161    -0.872897034     1.691971389
     0.660600772    -0.585775507    -0.758151629
     1.416312658    -0.178520890    -0.521645895
    -0.769752294     0.178126015    -3.232693109
    -1.101131712     0.293935606     0.247797380
     1.664814337    -0.196549158     0.874295534
    -1.003148623     0.505921646    -2.313337885
    -1.414402063     0.301767666     2.467567693
    -0.108107865     0.813041532    -1.410037935
     2.179070063     0.274525866     1.180245602
     0.003930436     0.500428366     0.008984438
     1.786466045    -0.281099233     2.972899723
    -1.016613441     0.128317349    17.777709706
    -0.151313273     0.632988481    -1.504675834
     2.721338228    -0.228934564     3.607463464
     1.901973365     0.078321004     0.001420809
    -0.003929765     0.500342892     0.007274916
     1.849607585    -0.008131827     0.647017113
    -0.011790339     0.500304928     0.008985150
    -0.769957563    -0.048287894    -1.070635245
    -0.019647333     0.500058016     0.008985228
    -1.100672334    -0.677985853     2.315443515
    -0.566357304     0.004950617    -2.500395707
    -0.565024908     0.105774982    -2.997488936
     1.210943873    -0.411110417     1.953799017
     0.113991756    -0.908421011    -0.878782483
     0.361982437    -0.444923137    -1.332090135
    -0.068770112     0.701636297    -0.614853261
    -1.250758278     0.122389688    22.537477399
     1.766409516    -0.707395546     3.017336840
    -0.002389383    -1.183345873     3.651590263
    -0.802687226    -0.480352799    -0.397429067
     0.261881438    -0.519392096    -1.729770871
    -0.912552369     0.100602018    -1.583213816
    -0.329074961     0.483299057    -3.458606598
    -0.933564146     0.283328165    -0.003815050
     1.785632210     0.094110270    -1.967891748
     0.443401930    -0.466043781    -0.968904484
    -0.756219931    -0.088046164    -1.368068399
    -0.428023346     1.176300755    -0.345137935
     0.963367667    -0.546043935    -0.974591424
     1.030915176    -0.616276665     0.205177010
     1.283328297     0.207273057    -2.469875204
     1.562172546    -0.064919939    -1.400892650
    -0.043638449     1.284550436     1.351268239
     1.976700680    -0.298694948     4.282260606
    -1.199795139    -1.826451997    -1.990912003
     1.263750518    -0.328613550     1.315315368
    -0.027499479     0.499687720     0.008985255
    -0.900923522    -0.138007392    -0.069203706
     2.082982137    -0.191021053     3.336333315
     2.069693135    -0.407453827     5.373743509
     2.568639362    -0.962542716     6.616837013
     2.779776640    -1.178537378     6.216013916
    -1.154659577    -0.358404738     0.789563850
    -0.828430763     0.309107526    12.557441703
     1.409072884    -0.277172432     1.350920668
    -0.035344840     0.499194132     0.008985264
    -0.043181491     0.498577501     0.008987797
     1.932978700     0.728324256     0.533814627
    -1.056884748     0.069211259    -0.748180588
     0.991556178    -0.503134314    -1.231568614
    -0.051007466     0.497837601     0.008985259
     1.385975004    -0.121055504    -2.114479167
    -0.129798579    -1.099585951     6.530272111
    -0.058820867     0.496974993     0.008985236
    -0.650874838     0.164859285    -2.438747894
     0.540095097     0.401942538    -2.292122989
     2.261593311     0.440983783    -0.226456732
     0.618301737    -0.424423680    -0.479332193
     2.020963429     0.292818376    -0.885354984
     3.443662205    -0.009478699     1.916665657
    -0.717987262    -0.162352979    14.825657317
     1.984574118     0.167333577     0.420391384
     2.037254077    -0.342834851     4.175041270
    -0.066619754     0.495989761     0.008985179
    -0.960547547     0.859748200    -1.885135871
     1.148216601    -0.561770729     0.306461846
     1.057907426    -0.374198570     0.916751150
     2.117032222     0.034744969     1.068526264
    -0.959933515    -0.424692758     2.734677807
    -0.060899455    -1.408501623     6.173082963
    -0.284222268     0.975020852    -0.896554396
     2.731850138    -0.284678745     4.418548124
     1.394373968    -0.664385643     1.377341882
    -0.508701361     0.722385729    -2.367680587
    -0.761589860     0.634934924    -2.825170362
     0.623937537    -0.156210528    -4.192885562
    -0.742014279    -0.053789301    13.330033083
     0.967501619     0.115039272    -4.672484962
     0.831946498    -1.101527134     1.158900237
    -0.369864577     0.712612261    -2.042082518
    -0.999757902     0.222887140    -1.167497615
    -0.707351158     0.414038329    -3.694186169
     2.261309155     0.348663132     0.685359316
     1.323875370     2.585402621     0.707639530
    -0.902591440     0.114476410    -0.357053276
    -0.074402203     0.494882149     0.008985064
    -0.754382643     0.079760602    -2.248923248
    -0.538465520     0.206139429    -2.951566014
     0.652046561    -0.173808075    -2.098326297
    -0.584412271     0.060842218    -2.779342987
     2.016266918     1.357283325    -1.037856074
     2.181152308    -0.073793812     2.848511994
    -0.604859641     0.011696677     9.498965336
     1.351361885    -0.494817609     3.183990837
    -0.903546966    -0.234318270     0.628797616
    -0.082166293     0.493652429     0.008984886
    -0.541872867     0.041408661     7.573553114
    -0.666773349    -0.002658984    -2.732778316
    -0.510067997     0.054842124     6.527805251
     1.520804513     1.024164699    -2.666725798
    -1.026838026    -0.243997489     0.651399009
     1.562627247     0.709369721    -4.375381863
    -0.891654954    -0.345184582     1.285099747
    -0.500556607     0.056576746     6.146122352
     1.002241405    -1.719954654     6.883619110
     0.600898018     0.212764188    -2.922847825
     2.501067499    -0.791276960     5.434040252
     1.888917960     0.864874688    -1.137993222
    -0.089910110     0.492300907     0.008984704
    -0.097615046     0.490744054     0.007274340
    -0.105329287     0.489233842     0.008984705
     1.853765286     0.711339259    -0.690309506
    -0.113000836     0.487519054     0.008984824
     0.526652825    -1.864418043     4.989273194
     1.731526026     0.636100575    -1.687991896
    -1.291784734    -0.074290372    -0.951279175
     1.650268832     0.547959536    -2.437673909
     2.889504378     0.403330505     1.581150690
    -0.120644482     0.485683976     0.008984792
    -0.128258284     0.483729064     0.008984374
     1.687176797     0.785198211    -3.694376224
     0.785770219     0.557960843    -3.731747498
     0.474973717     0.715924609    -1.125534381
     0.658281037     0.324202371    -6.425631485
     0.404486239     0.604059473    -2.768645713
    -0.135840230     0.481654973     0.008986096
     0.455514034     0.319245426    -3.732942942
     1.446448031     0.609927188    -2.717217467
     0.321709213     1.027050792    -0.008048554
     0.401254127     1.039919494     0.602054285
    -0.992133275     0.089762557    -0.804161452
     1.004765329     0.249745338    -1.412814227
    -0.143387962     0.479462635     0.008994988
     0.341699712     0.915530207    -0.802646045
     1.035508145     0.126573178    -3.441921884
    -0.150897412     0.477152367     0.008992691
    -0.158361069     0.474728986     0.009021229
     0.528498938     1.076726077    -0.112488620
     0.336220445     1.126881639     1.449929859
     0.564148983     0.072239408    -3.139988110
     0.974717591     0.091208730    -0.923756080
    -0.165752319     0.472196513     0.008972155
     0.377600067     0.378765752     7.664569705
     1.237087087     0.549852752    -2.286658934
     0.436765629     0.395831482     9.395509686
     0.472532789     0.366664362    10.472380855
     0.663819853     0.330924557    15.472378045
     0.445676094    -0.857037272     1.784036391
     1.737311515    -3.616781944     1.062119697
    -0.179593469     0.467048099     0.007881025
     0.456011402     0.310066129    -3.093582579
     1.012639884     0.582306452    -2.896073628
     0.407882923     0.958519099     1.465772117
    -0.187675543     0.463916101     0.008910618
     0.234459531     0.783099781    -2.703895567
     1.176812855     1.551921969     2.762957129
     0.478298349    -0.222824275    -3.780997855
    -0.195002613     0.460815916     0.007652403
     0.393718592     0.563069016    -2.674544261
     0.348102632     1.233982891     1.834812578
     0.733823486     0.501920131    -0.172555996
     0.335627683     0.841501532    -1.434680408
     0.527418099     0.849638075     0.472372495
     0.620300514     1.114375937     0.015167137
     0.838846828     0.515890525    -4.636844401
     0.954497607     0.734786497    -3.859574997
     0.425877463     0.306009305    -3.084498986
     0.606453356     1.355715285     4.579438559
     0.489082030     0.566396654    -3.024080380
     1.184755410     0.680787679    -1.734615723
     1.932868320    -0.338711173     4.716628454
     0.698488972    -1.944153057     4.526522612
    -0.202334678     0.457716319     0.008975504
    -0.368673151     0.428842485    -2.912071019
     0.903108921     2.417883976     0.674527463
    -0.209508865     0.454473229     0.008902161
     0.642650568     0.909568865     1.836730492
     0.390213150     0.948541695     2.888090102
     0.401919355     0.851335249    -0.296320926
     0.567790858     0.826000988    -0.248127633
     0.540071949    -1.048187756     1.251016487
     0.407738361     0.993819978    -1.100075280
    -0.216595572     0.451070856     0.007676750
    -0.223687282     0.447669546     0.008984929
    -0.451875079    -1.537920182     3.408944262
     0.467687059     0.734384194    13.094954563
    -0.230691735     0.444100786     0.008988185
     0.203167097     0.764030690    -0.858570158
    -0.237638922     0.440422279     0.008985308
     0.625110455     0.547321344    15.162955570
     0.370623951     0.656070556    -0.201003441
     0.796768591    -0.167640372    -0.993945898
    -1.029404600    -0.302254276     1.240325868
    -0.244527482     0.436635262     0.008985309
     1.400699623     0.006954903    -0.665803918
     0.293545510     0.621270196    -0.394583914
     0.637868776     1.186607666     2.595115537
    -0.251355691     0.432740519     0.008985293
     1.101915307     0.563526807    -2.021620607
    -0.258077724     0.428665706     0.007273843
     0.336412937     0.923356453    13.866438073
     0.150258180     0.886329239     1.079623725
    -0.987455338    -0.172047703     0.070118556
     0.264405701     0.701937647     9.432399806
     0.756118732     0.322942459    -2.679016384
     0.702368433    -2.100241111     3.844902143
    -1.158195537     0.199014541    -2.787621461
     0.607042525     0.961296463     0.721916696
     0.816289601     0.482675913    -3.312896960
     0.905020256     0.469392644    -2.677683312
     1.077713361     0.380196222    -2.520294912
     0.251767382     0.535641698    -1.626928671
    -0.113669620     0.777854402    -1.655236914
     0.853204827     0.530006285    -3.758683117
     0.317022031     0.583562001    -1.678634312
    -0.264824372     0.424631713     0.008985277
    -0.271461527     0.420419646     0.008985270
     0.481326468     0.752961134    14.439846168
     0.595573640     1.088492012     2.427714657
     7.490036966    13.682902347     0.485260151
    -0.969906033    -0.212886881     0.284898829
     0.318560817     0.710503757    -0.678203612
    -0.277984156     0.416032692     0.007273698
    -0.284533277     0.411685382     0.008985273
    -0.969677025    -0.985490833     2.374761269
     0.261983272     0.740773850    -2.676212544
     0.496197531     0.462500325    -1.805381210
    -0.199303774     0.488702965    -2.110891723
    -0.119027476     0.744154399    -1.425389038
     0.774644131     0.259836564    -3.313033316
     0.462171153     0.700343149    13.635052681
    -0.290964648     0.407165339     0.008985273
    -0.687769663    -1.203025381     4.341878975
    -0.258549240     0.621593410    -3.464449161
    -1.438045230    -0.452527642    -0.195645837
     0.175648069     0.639710582    -1.812426272
    -0.923179015    -0.907812267     3.314525631
     0.444981839     0.634288412    12.771678690
    -0.158960267     0.710760186    -2.155439885
     0.496912852     0.506382506    13.231666374
    -0.297324228     0.402544834     0.008985273
    -0.446146024     0.789228098    -1.816286551
    -0.303610447     0.397825007     0.008985273
     0.630362945    -2.111504387     4.336101420
    -0.749037531     0.223099800    -2.649351478
    -0.632473151     0.376631425    -4.597960929
    -0.611710926     0.270698870    -8.858851540
     0.204276404     0.902207824    12.705013349
     0.269925412     0.785340069    11.866342020
    -0.888192747     0.478867640    -2.134563263
    -0.690336114     0.013758436    -1.100915724
    -1.081499504     0.351011367    -1.055889006
    -0.868980629    -0.904629523     4.618405442
    -0.758481155     0.109927981    -2.715893706
     0.845940034    -0.509647957    -0.298738126
     0.307204762     0.736798830    11.939836468
    -1.199089506     0.416031426     0.608627620
    -0.840547746    -0.100882320    -1.318570088
    -0.506070625     0.340959274    -4.348728854
    -0.309821837     0.393007127     0.008987935
    -0.546471161     0.449965250    -4.402040395
    -0.667156860    -1.027169709     5.728197119
    -1.199450583     0.555782916     1.576063445
    -0.537262990    -1.095883511     6.600189335
    -0.790278320     0.490343652    -4.664825695
    -0.615391100     0.588542124    -3.339635685
    -0.859660854     0.750739356    -1.148171645
    -0.365307789     0.382345620    -4.051430812
    -0.450828244    -1.152781369     7.049933102
     0.709468827    -0.196805132    -1.984780537
     0.355818343     0.715511618    12.722324050
     0.409040535     0.703423991    13.789861569
     0.409672642     0.626545805    13.152898537
    -1.276730471     0.630100743    -2.239739288
     0.694143298     0.012362604    -1.995740232
     0.524973329     0.468188435    15.031354167
    -0.010577235    -1.039163460     6.155019361
    -0.315956703     0.388092173     0.008987935
     0.329946321    -1.606992458     4.180480731
    -0.322013525     0.383081361     0.008985274
     0.216416297     0.581249711    -1.561009314
     0.018610545     0.899680582    11.718935757
    -0.327934963     0.377911578     0.007275877
    -0.991846558    -0.203311936    -0.029837266
    -0.213233343     0.977668658    12.283850261
    -1.127809493     0.213805573    -0.827210952
    -0.055683242     0.933284350    12.162778383
     0.488953104     0.542016008    -2.333779723
     0.263301037     1.209876296    20.662094786
     0.551036809     1.341804758     4.855393658
    -0.333887597     0.372777744     0.008987960
    -0.261646813     0.485106107     2.188579619
     1.092160280     1.242395682     1.251461384
    -0.339701654     0.367487179     0.008985294
    -0.345432073     0.362106135     0.008987887
    -0.972083460    -0.224922789    -3.451637671
    -1.254370531     0.250114416    -0.729359072
    -0.351078651     0.356637152     0.009030001
     0.498713097     0.445171453    -2.147889265
     0.336049271     0.856264016     0.778284079
    -1.071732504    -0.025685784     0.171986655
    -1.057106471    -0.161797921     0.155674764
    -0.356636164     0.351077678     0.009002260
    -0.362106191     0.345432126     0.008989433
     1.070083015     0.288514364    -1.768712474
    -0.367487226     0.339701696     0.008986558
    -1.037848628    -0.631102371     4.771769436
     0.567778972    -0.457054811    -1.490381200
    -0.372713870     0.333830329     0.007272209
    -0.377911414     0.327934667     0.007269512
    -0.383081534     0.322013606     0.008988967
    -1.313521889    -0.260355344     2.095944109
    -1.277561525     0.150361811    -0.547518701
    -1.203014119    -0.203916173    -0.229215804
    -0.388026533     0.315902179     0.007281395
    -0.959525874    -0.706193378     5.051488740
     1.503883905     0.220879633    -2.152157882
     0.750498700     1.716468378     3.568643637
    -0.393008215     0.309821968     0.009006655
     1.086769635     1.793822837     1.866964495
    -1.123580942    -0.454699232     4.073670474
    -0.999931428    -0.032913249    -0.640096888
    -0.994370433    -0.387364095     1.733260204
     0.843507201     1.742394790     2.253790939
     0.472370813     2.033896722     1.615825467
     0.734229614     1.927206075     1.315350419
     1.237111916     1.898060702     1.733900673
    -1.266047885     0.041200788    -0.415571526
     0.066611583    -2.160286703     2.567725171
    -0.397830061     0.303611984     0.009084294
    -0.402548617     0.297318676     0.008980169
    -0.969154501    -0.272290679     1.293090569
    -0.407142106     0.290904486     0.007907689
     0.961810676     1.211252483     0.874320606
    -0.411724935     0.284462116     0.008827106
    -0.416252981     0.277811984     0.009026717
    -0.422472402     0.267897364     0.005482839
    -1.057843145    -0.334656958     1.613882384
     2.581127144    -3.202233888     1.734129879
    -0.539834883     0.054344901    -2.651392198
     0.982578640     2.026249253     0.897155672
    -0.428226273     0.258905015     0.008313485
     1.361632456     2.150042745     1.259077433
    -0.432088267     0.252231302     0.006547873
    -0.436684206     0.244440639     0.008991104
    -1.038665035    -0.723922835     5.631319111
     2.596974473    -2.493653560     2.616277007
    -0.440862358     0.236569275     0.006625561
     0.227695849     2.217988744     1.160485900
    -1.156528272     0.353111631     0.120029137
    -0.278555905     0.661604629     8.619340815
    -0.662934568    -0.084982187    -0.849606813
    -1.250726676    -0.357681686     1.373196916
     0.083897132     1.025628590     1.559811270
    -1.009525760     2.144329350    -0.183580722
     0.245299872     1.023278292     1.300509083
    -0.006154215     0.898906070    16.113046418
    -2.113628021     1.059377562    -4.291428006
     0.072531514     0.788117131    15.097372283
     0.346751436     1.462882330     3.366303521
    -1.167394794     2.020488535    -0.773961135
     0.273036856     0.823733520    19.057459856
    -1.054618909     2.466549779    -0.039050906
     1.020466102     1.478336129     2.411972315
    -0.728920522    -0.114797951    -1.051728067
    -0.837711520     0.095884038    -1.356743150
    -0.774642420     0.122611460    -2.264471987
    -2.616693533     1.325878787    -1.924460715
    -2.077019221     1.464436845    -1.658534318
    -0.631900089    -0.013096205    -2.107580063
    -0.528616272     0.042816816    -2.837182204
    -0.447712394     0.223603677     0.009004487
    -0.451138164     0.216607961     0.008997531
    -2.302311405     1.119903243    -3.879854323
    -1.131007856    -0.559294678     5.609384062
    -0.723693071     0.168390664    -2.154850958
    -1.302431385     1.558878514    -2.455991397
    -0.163460048     0.903887014    15.445049355
    -0.989964068     1.789275591    -1.622974990
     0.168682684    -3.169942900     0.303786693
    -0.080997172     1.826881317     1.777273591
    -0.808936730     1.905571420    -0.792330373
     0.212459907     0.851047444    18.964955696
     0.623939261     1.695928129     3.365262812
    -0.454472376     0.209525111     0.009022705
    -0.457687365     0.202405598     0.009019521
    -1.884018745     1.211040361    -2.685941060
    -0.460755277     0.195328191     0.009075800
     0.058743472    -1.227688923     3.546702448
    -0.465874953     0.182738207     0.008868116
    -0.469298394     0.174000211     0.010457408
    -0.173556601     1.973457049     2.176618625
    -0.121843753     0.950493261    17.195151936
    -0.472072261     0.166056188     0.008643687
    -2.489591788     0.062326208    -3.025374736
    -0.595709757     1.220931720    22.431472286
    -0.245776135     1.229531803    22.884525583
     0.136888451     0.969442665    20.902714345
    -0.689140817     0.087923941    -2.637728362
    -0.474700264     0.158444517     0.009004672
    -1.426562924    -0.122495406     0.776012145
    -0.390010344     2.097877819     1.952354482
    -0.477939288     0.147493191     0.003955127
    -1.290038152     1.725749732    -1.778226150
    -0.832007973     1.514244839    29.943529879
    -0.509885381     1.638339146    31.720656403
    -0.598868045     1.839820518     0.031255369
    -0.347807377     1.582147836    30.789976811
    -0.545585078     2.034462925    -0.606692802
    -0.168240993     1.701797467    33.923110641
    -0.744314441     2.140112307     1.464946431
     0.214549474     1.663467025    35.676991559
    -0.618032907     2.277646498     1.537687703
    -0.887520304     1.670102614    34.200725516
    -1.627210817     1.777726832    -1.550745617
     0.936240667    -2.310282609     3.631079470
    -0.574299021     2.437964765     2.137238953
    -0.481570287     0.135823036     0.007262635
    -1.120505046    -1.158439133     0.762318687
    -0.447497411     1.763422808    35.238022357
     0.058267441     1.773187580    37.295198496
     0.291922516     2.733952947     0.769321798
    -0.971372005    -0.090866063    -0.166009511
    -0.483729213     0.128259006     0.008990951
    -1.299488531    -0.454694426     4.715289363
    -1.111242672     1.319209647    29.530259933
    -1.953466230     1.796632390    -1.411442675
    -0.565816610     1.151495577    23.083300086
    -1.640492886     2.116398512    -0.974184302
    -0.383401988     1.909349358    39.088259637
    -0.776338249     2.646654053     1.066916662
    -1.003216131    -0.346544191     1.625775183
    -1.232080665    -0.558574681     1.169680246
     0.142088005     1.999142984    43.029311116
    -0.485685058     0.120644948     0.009008033
    -0.487437016     0.112982127     0.007301943
    -1.062803608    -0.922725691     1.391520519
    -1.188921142     1.161256063    -2.013825602
    -2.448355495     1.242653437    -2.349339099
    -1.380989062     2.035617060    -1.108247397
    -1.195480573    -1.033365361     0.716988331
    -1.272258831    -1.098418222    -0.841884348
     0.602379692    -2.355395247     3.757036179
    -0.268254852    -2.280857646     0.937133215
    -0.534860434     1.969886129    40.764640828
    -0.797352153    -2.008668280    -1.217355654
    -0.232063974    -1.349219161     6.425166157
    -0.643205053    -2.033638436     0.094935362
    -1.416003800    -0.910615005    -2.186214424
    -0.489233894     0.105329315     0.008985838
    -1.114648547    -0.956141463    -1.309272734
    -1.999672771     0.774857968    -5.676425427
    -0.490828271     0.097631817     0.008991744
    -0.492300937     0.089910117     0.008985319
    -0.823056591    -2.140494407    -0.765730539
    -1.897763448     1.630529352    44.769048045
    -0.681216120    -1.429454854     1.842359169
    -0.493652448     0.082166297     0.008985285
    -1.175664248     1.817148744    40.788165300
    -0.261941950    -1.720600844     3.857435812
     0.025020489    -2.470426129     0.672228598
    -0.522227982    -1.771600354     1.181507125
     0.503316324    -2.009035745     4.337572169
    -0.494882291     0.074402224     0.008987948
    -0.495905055     0.066608377     0.007275849
    -0.889643760    -1.874079086    -1.439993112
    -0.487972266     2.072510290    43.647401295
    -0.498492198     0.043174103     0.007275342
    -0.499194265     0.035344850     0.008987934
    -1.017851908     1.987831236    43.625566035
     1.022358615    -2.548571563     1.296503755
     1.176661255    -2.419015235     2.662604114
    -0.553459423    -2.378719541    -0.242092632
    -0.499602352     0.027494781     0.007275321
    -0.500058018     0.019647333     0.008985273
     0.617441584    -2.608227041     1.584038307
    -0.500304934     0.011790339     0.008985273
    -1.285748228    -2.145781953    -1.577710569
    -0.500428408     0.003930436     0.008985273
    -0.500342831    -0.003929764     0.007273685
    -3.101739824     1.340017061    60.895317304
     0.448259137    -2.372121717     1.938825127
    -1.667075713    -1.882339139    -1.819077747
    -0.500304934    -0.011790339     0.008985269
    -2.433475433     1.785013880    55.646568990
    -0.500058151    -0.019647338     0.008987932
    -0.499687721    -0.027499479     0.008985273
    -1.724101241     2.040566744    51.067091892
    -0.499194132    -0.035344840     0.008985269
    -0.498577375    -0.043181480     0.008985273
    -3.248409526     1.387690793    64.417250163
    -0.236295202    -2.171126691     0.864344643
    -0.497752549    -0.050998752     0.007275314
     2.238312181    -2.355251248     2.135109411
     1.537102988    -2.808638386     2.440795935
    -2.745306542     1.511042412    57.382308591
    -0.566143057    -2.237616694    -0.190759567
    -0.015693788    -1.945299867     3.544700870
    -2.479751439     1.518212858    53.395653707
     1.041333110    -2.822064042    -2.380556464
    -0.496975127    -0.058820882     0.008987934
    -2.486566060     1.797904873    57.446107977
    -2.413999323     1.805026386    56.655222016
    -2.192973192     1.626669501    51.089562315
    -0.495989898    -0.066619772     0.008987934
    -0.494882159    -0.074402204     0.008985273
    -2.080307397     1.695928932    50.743315443
    -0.493568110    -0.082152259     0.007275312
    -1.934646692     1.828639131    51.167277920
     0.216170572    -2.586551500     1.222128023
     2.671514249    -1.590207722     3.403950308
    -0.492301066    -0.089910139     0.008987932
     2.649750470    -1.317284573     4.980643580
     2.713913801    -1.093899333     6.099716284
    -0.490827954    -0.097631750     0.008985269
    -0.489233999    -0.105329324     0.008987932
    -0.173363114    -2.808628178    -0.159586581
    -0.580558596    -3.099358604    -0.900693746
    -1.561810801     2.179826853    53.619298644
     1.567486005    -2.383839719     2.674065273
    -0.487519073    -0.113000854     0.008985269
    -2.567744586     1.077878740    50.710034448
    -0.485600933    -0.120623899     0.007273685
    -0.270995900    -3.530759440    -0.421112978
    -1.618125944     1.439678468    41.563952141
     1.073484801    -3.109393198     2.900929086
    -0.483729069    -0.128258439     0.008985273
    -0.481572430    -0.135817472     0.007273685
     2.804331022    -0.028111918     1.957301158
    -0.479379692    -0.143364928     0.007273685
     1.441463701    -0.916547582     1.608166142
     1.363332320    -2.764135593     1.413431285
     1.290480922    -1.266868048     0.619599531
    -0.477150270    -0.150902815     0.008985273
     1.179144783    -1.494036254     2.657791036
     1.196201654    -1.355646975     2.214324424
    -3.249752674    -0.435690425    57.297991868
    -3.540838485     1.021354705    68.516450431
     0.218254128    -3.452101007     0.515004453
     0.846981964    -1.812691273     4.061416801
     0.915901473    -1.843027693     4.145309050
    -0.474721126    -0.158378950     0.008985273
    -0.472174853    -0.165816006     0.008985273
    -0.469431864    -0.173182558     0.007275314
    -0.961678297    -2.008298944    35.086784432
     0.025133685     0.590501784    -2.599633453
     1.915976297    -2.437191676     2.255321242
     0.920223682    -2.189446479     3.644630039
    -0.976417452    -1.417015107    24.540247625
    -0.466733580    -0.180565604     0.008987934
     1.226598175    -1.385926396     3.117418069
     1.338852663    -1.737648569     3.090817276
    -0.463760432    -0.187842314     0.007275314
    -0.223140523    -1.658779112    25.196015048
     2.622045012    -1.852394463     3.470072535
     2.338264423    -2.102654298     3.002531350
    -0.198342753    -1.817672257    28.343026874
    -0.460652594    -0.195061175     0.005100674
    -0.397909376    -1.818850349    28.378236384
    -0.457631324    -0.202316692     0.007275311
    -0.172269459    -1.677062987    25.265588539
     3.016663262    -1.258684365     4.672681288
     2.235752389    -1.348102688     1.599333679
    -0.454474780    -0.209515743     0.008987930
     2.517947471    -1.256749563     4.778381691
     2.383803940    -1.342593358     4.104373389
     2.168046645    -1.119812769     3.975198525
    -0.451127662    -0.216628418     0.008985264
    -0.447669357    -0.223687698     0.008985269
    -0.444024796    -0.230652413     0.007276962
     2.861387095     0.140139447     2.319908295
    -0.996495308     0.714272556    -1.820798691
    -0.440422489    -0.237639081     0.008990507
    -0.436635370    -0.244527557     0.008987934
     0.523670998    -0.088496296    -2.260544125
     0.299316428    -1.614828001    26.015540258
     1.913350955    -1.505902559     2.693007003
     0.178835612     1.303458817     2.175076084
    -0.432740517    -0.251355693     0.008985273
     0.066000496     1.847620451     3.472850663
    -0.428739121    -0.258121946     0.008987934
     1.374744623     1.139109085    -2.887688865
    -0.069971155     0.583535552    -1.025822906
     0.191668224    -1.945277591    31.560490619
    -0.424631825    -0.264824443     0.008987933
     0.208590023     0.869137731     2.456508930
    -0.039687843     0.980596352    -0.693508993
    -0.420419645    -0.271461528     0.008985271
     0.884780207    -0.883379267     0.429406387
     0.749934094    -1.504348796    28.651183602
    -0.068358830     0.738484648    -0.280198114
     0.386158869    -1.860126258     5.850920093
    -0.220852612     1.162469412     0.517712993
    -0.054390450     1.230329838     1.066704142
     0.094665002    -0.978153683     0.834548318
     0.659687737    -1.759945854    31.622547815
     0.587002652    -2.062512827    36.169946291
    -0.023015596     0.942423754    -0.626892681
    -0.416103845    -0.278031705     0.008985266
    -0.411685374    -0.284533287     0.008985247
    -0.538482908     0.697129252    -4.689495929
    -0.407165311    -0.290964680     0.008985202
     0.075278897     1.478554051     1.904204218
     0.160869897    -1.240751289     1.950908793
     1.158027359    -1.545262051    34.565204894
    -0.402475322    -0.297274179     0.007272310
     1.045888863    -1.558201699    32.868426632
    -0.535748020     0.957389768    -2.107654083
     0.933679922    -1.534533625    30.735594263
     2.697219051    -0.646939093     5.549448315
     0.962830276    -1.555520662    31.330390835
    -0.397824689    -0.303610813     0.008984672
     0.904258618    -1.522076694    29.864465629
    -0.393005937    -0.309822991     0.008983535
    -0.388011843    -0.315918108     0.007254697
     0.412922992     1.449294837     3.658488595
     0.883999426    -1.172989742     2.124828404
    -0.592398553     1.061262635    -1.212868247
    -0.634780401     1.211783255    -0.203109659
    -0.584764096     1.479601894    -0.427306100
     0.631307768    -1.409521649    24.188611089
     0.736807651    -1.457470887    26.198031172
     0.791195000    -1.480568181    27.163344643
     0.996243343    -1.559843911    31.093637722
     0.912834395    -1.527518312    29.306227520
    -1.207213774     0.852164827    -2.459454408
    -0.382781274    -0.322057327     0.004956782
    -0.377812355    -0.328047131     0.007248227
    -1.671842844     0.588821777    -3.508613274
     1.616109800    -0.781068943     3.965863689
    -0.011581610     2.111589712     3.183933449
    -1.184156148     1.047213778    -1.238677226
     1.014676329    -1.574033516    31.314356640
     1.737394384    -1.017745228     3.234160150
    -0.372655375    -0.334042186     0.009229251
    -0.366975691    -0.340255538     0.009015595
    -0.359818205    -0.347794039     0.008917308
    -0.350380232    -0.357254048     0.009583534
     1.280990772    -1.668095205    36.464142066
     2.099499265    -0.774675639     5.540920288
     2.406610089    -0.779922633    11.820989873
     2.012554426    -0.700855146     4.123124673
    -0.344877811    -0.362648689     0.009211828
    -0.339236751    -0.367825475     0.007655155
     1.604047618    -1.749338315    42.475405302
     1.266854773    -0.565851383     2.416928492
     1.566844610    -1.040569248     2.247508018
     1.378055731    -1.718575126    38.369839109
     1.150367910    -0.478015071     0.513697711
    -0.327977801    -0.377989812     0.009019188
    -1.073661898     0.590544725    -4.454165035
    -0.777687813     0.579018321    -3.620895106
     1.555380978    -1.797949962    42.039318849
     1.503164294    -1.838840299    41.633992815
    -0.719639445     0.622593807    -2.719584551
    -0.322009509    -0.383085333     0.008994394
     1.680733655    -1.999884491    46.363227367
     0.890655238    -0.305318692    -0.120602755
     0.835106374    -0.252664930    -1.243662590
     0.738769731    -0.540361960    -0.315914996
     0.897734645    -2.140833702    38.311034852
    -0.315894696    -0.388033064     0.007288200
    -0.309821392    -0.393007355     0.008986002
    -0.303557495    -0.397758034     0.007277971
    -1.789022355    -1.097178086    -1.320393529
    -0.740366803     1.008565594    -3.928684409
    -0.750662039     1.438396419    -1.771819922
    -0.297324275    -0.402544969     0.008988010
     0.430792995     0.289883286    -2.763735991
     2.490964054    -1.302786353    53.402359853
    -1.332235724    -1.328940690    -1.217049836
    -0.290964638    -0.407165347     0.008985290
     1.795174518    -1.671458675    43.663415676
     1.031485666    -2.057186288    37.938181986
    -1.838691811     0.209143688    -3.330305340
    -0.284484564    -0.411615029     0.007273843
    -1.794009661     0.563935739    -3.425677273
     2.001865073    -1.483048283    44.993708033
    -1.675484644     0.804505701    -2.445070602
    -0.278031701    -0.416103848     0.008985271
    -0.271461527    -0.420419646     0.008985274
    -1.733620732     0.948530825    -3.680947128
    -1.687138810     1.123639712    -2.539940328
    -1.811575687     1.335956888    -0.970055860
    -1.810177590     1.634026445    -2.138688986
    -0.264824372    -0.424631712     0.008985269
    -2.047570662     1.156748374    -2.778887355
    -3.432384939     0.435814190    69.598041392
     2.179625743    -0.391301547    43.221451838
     2.194288526    -0.557084112    43.352642546
     2.042777007    -0.649044670    40.214659137
    -2.136005014     0.569759803    -3.757285897
     1.943515870    -0.742760453    38.260422244
     2.061696705    -0.806118498    40.702972170
     2.000875764    -0.844693271    39.473037784
     2.012339838    -0.917867076    39.868726649
     2.001820993    -1.052706005    40.232109099
     1.653918387    -1.376304916    36.219230133
    -0.258077735    -0.428665691     0.007273689
    -0.251355693    -0.432740517     0.008985273
     1.834173686    -0.227342536    34.880546244
     1.779294838    -0.576901226    33.368337088
    -0.244527492    -0.436635254     0.008985273
     1.670307363    -0.768601528    31.550480387
     1.542689186    -0.949527104    29.896512909
    -0.237638956    -0.440422259     0.008985273
    -0.230691787    -0.444100595     0.008985273
     1.470611245    -1.305870073    31.649880283
    -0.223687758    -0.447669476     0.008987934
     1.413446669    -0.939919736    27.000449570
    -0.216628418    -0.451127663     0.008985273
    -1.828420422    -1.244294413    -1.709993042
    -0.209515688    -0.454474659     0.008985273
    -0.202351263    -0.457709521     0.008985273
    -0.195136910    -0.460831450     0.008985273
     1.344399935    -0.226913547    23.273091869
    -0.187874411    -0.463839676     0.008985273
    -1.530369133    -0.821558295    -1.189039928
     1.395793873     0.204534375    26.922577929
     1.351802138    -0.289846712    22.836917736
     1.339763178    -0.750016381    23.414446394
    -0.180565556    -0.466733456     0.008985269
    -0.173212150    -0.469512077     0.008985273
    -0.165816006    -0.472174853     0.008985273
     1.034110459    -0.196215582    15.765050498
    -0.158378992    -0.474721253     0.008987934
    -0.150902855    -0.477150396     0.008987932
    -0.143389448    -0.479461683     0.008985269
    -0.135840702    -0.481654797     0.008985273
    -0.128258439    -0.483729069     0.008985269
    -1.362608322    -1.568114469    -1.814036761
    -1.522228530    -0.935959600    -1.643622698
    -0.120644530    -0.485683988     0.008985264
     0.661300614     0.169837581    11.549979237
    -0.113000854    -0.487519073     0.008985269
    -0.105311284    -0.489150207     0.007273685
    -0.097631750    -0.490827954     0.008985273
    -0.089910115    -0.492300935     0.008985273
     0.575003295     0.234038282    11.179050092
    -0.082166318    -0.493652579     0.008987932
    -0.074389493    -0.494797611     0.007275312
    -0.066619772    -0.495989898     0.008987932
    -0.058810818    -0.496890089     0.007275312
    -0.050998752    -0.497752549     0.007275314
    -0.043181492    -0.498577508     0.008987934
    -0.035344859    -0.499194393     0.008990507
    -0.027499494    -0.499687982     0.008990507
    -0.019647338    -0.500058151     0.008987934
    -0.011790339    -0.500304934     0.008985273
    -0.003930437    -0.500428541     0.008987934
     0.003930437    -0.500428541     0.008987934
     0.011790339    -0.500304934     0.008985273
     0.019647333    -0.500058018     0.008985273
     0.027499486    -0.499687853     0.008987934
     0.035338802    -0.499108848     0.007275315
     0.043181480    -0.498577375     0.008985273
     0.051007466    -0.497837602     0.008985273
     0.058820882    -0.496975126     0.008987931
     0.066619772    -0.495989897     0.008987926
     0.074402204    -0.494882159     0.008985267
     0.082152258    -0.493568104     0.007275199
     0.484214878    -1.088989776     1.833101257
     0.089910139    -0.492301065     0.008987907
     0.097615071    -0.490744103     0.007275394
     0.105288416    -0.489043990     0.005100675
     0.112981549    -0.487435786     0.007275369
     0.120644561    -0.485684116     0.008987897
     0.128236525    -0.483646422     0.007275212
     0.281271839    -1.373251697     6.097113899
     0.135840702    -0.481654796     0.008985266
     0.342426803    -1.194954370     4.754268878
     0.551170017    -0.959335955     3.041231967
     0.143389486    -0.479461810     0.008987921
     0.333621786    -1.020996656     2.375151974
     0.150902855    -0.477150396     0.008987928
     0.158351891    -0.474640021     0.007275266
     0.165751650    -0.471991595     0.005100675
     0.173182574    -0.469431907     0.007276229
     0.180565650    -0.466733697     0.008990436
     0.386668320    -1.044315310     2.728303567
     0.187842356    -0.463760537     0.007277585
     0.195061175    -0.460652595     0.005100675
     0.202272727    -0.457531877     0.005100675
     0.209434372    -0.454298271     0.005100675
     0.216591431    -0.451050637     0.007276361
     0.223687807    -0.447669574     0.008990129
     0.230652415    -0.444024800     0.007277052
     0.237598397    -0.440347088     0.007276978
     0.244527613    -0.436635471     0.008990248
     0.251312783    -0.432666641     0.007276589
     0.258077594    -0.428665453     0.007268154
     0.264824508    -0.424631930     0.008990409
     0.271415430    -0.420348255     0.007285662
     0.278031831    -0.416104041     0.008989918
     0.284485828    -0.411616728     0.007316159
     0.290906032    -0.407083313     0.006968934
     0.297323302    -0.402543581     0.008954121
     0.303567971    -0.397769350     0.007585015
     0.670389510    -0.451460108     2.469941285
     0.315973500    -0.388280074     0.012114811
     0.322562719    -0.383368605     0.020452737
     0.645589381    -0.423373781    -0.247232856
     0.333624293    -0.372803881     0.005865733
     0.339514667    -0.367401302     0.005185782
     0.345297446    -0.361965383     0.005092475
     0.350940168    -0.356496932     0.005088461
     0.356496280    -0.350940477     0.005083509
     0.749174664    -1.865397764     4.303375711
     0.362482636    -0.344767494     0.005283785
     0.372777631    -0.333887496     0.008984929
     0.377911498    -0.327934895     0.007273774
     0.382863933    -0.321995497     0.005425149
     0.387942422    -0.315834485     0.005122062
     1.927478985    -1.216176330     3.054803295
     0.394223726    -0.308297494     0.009373951
     0.402476092    -0.297273444     0.007275952
     0.407165339    -0.290964648     0.008985270
     0.411685380    -0.284533277     0.008985250
     0.416033042    -0.277984441     0.007282685
     0.420273356    -0.271368754     0.005520854
     0.424464399    -0.264726331     0.005108299
     0.428567633    -0.258031451     0.005116084
     0.436351196    -0.244760043     0.006305738
     0.440211850    -0.237628905     0.005186687
     0.443896566    -0.230681920     0.005273436
     0.447479501    -0.223640183     0.005163894
     0.450944473    -0.216563733     0.005122533
     0.454294229    -0.209443942     0.005107402
     0.457631007    -0.202316828     0.007270600
     0.460831444    -0.195136915     0.008985201
     0.463839675    -0.187874413     0.008985260
     0.466733456    -0.180565557     0.008985270
     0.552925128    -1.457848845     3.984258750
    11.815057463     0.544360264     1.020536261
     1.060145282    -1.628257757     3.862537472
     1.450201443    -1.482962090     2.219078079
     1.139140197    -1.649998687     3.486375032
     0.741594729    -1.636112377     3.797111212
     1.561201169    -1.618527102     3.004049794
     1.308823676    -1.624885962     3.479495374
     0.493539800     0.160709958    -3.942579228
     0.469512078    -0.173212150     0.008985284
     0.472175034    -0.165816070     0.008989105
     0.474722660    -0.158379461     0.009017601
     0.477157112    -0.150904979     0.009128791
     0.479470011    -0.143391939     0.009159116
     0.481655024    -0.135840766     0.008989992
     0.483642500    -0.128235485     0.007194073
     0.485684168    -0.120644574     0.008988963
     0.862726090     0.266521907    -2.579074022
     0.878670580     0.818571325    -3.090816240
     0.736404857     0.702187547    -2.866435617
    -0.604385918     0.287484862    -4.333324326
     1.086115336     1.013206184    -0.715323262
    -0.613336581    -1.237784579     4.768870527
    -0.348873293    -1.260935650     5.865281848
    -0.274698135    -1.291125450     5.825030777
    -0.233946632    -1.433434047     6.828129338
     0.006584158    -1.506869970     5.833630235
    -0.120511737    -1.547083503     7.121732087
     0.084523152    -1.732203520     6.070951781
    -0.133835644    -1.659608896     5.744330260
     0.557980066     0.364732317    -3.944619002
     0.054585491    -0.625050362     7.858966003
     0.519565879    -1.557106624     4.496378043
     0.090661637    -1.619651530     5.067033224
     0.214164404    -1.673256055     4.860978176
     0.373590354    -1.759309725     4.099475783
     0.719072648    -1.682624315     5.438542824
     0.451194078    -1.902552590     5.307347713
     0.529265601     0.232466968    -8.409464636
     0.909076474    -1.379014206     2.020271262
     1.229248584    -1.859462991     3.582994365
     1.339173816    -1.546533671     2.733538241
     0.532020348     0.772642247    -2.323309930
     0.849970089     0.455530614    -1.540128420
     0.596855388     0.657487319    -3.600963404
     0.510320614     1.007827874     2.053180052
     0.400835484     0.642433793    -3.962317505
     0.549794911     0.839458905     0.466555490
     0.487526755    -0.113002634     0.009142994
     0.714886919     1.105854076     1.212692859
     0.827485748     1.127199572     1.801942901
     0.855298747     1.148026454     1.716043831
     0.593129671     1.026529062     0.838889047
     0.894707632     1.148657709     0.027210242
     0.749532183     1.343936508     1.407055139
     0.027887514    -0.676789586     9.411091604
     0.058393833    -0.616033739     7.899825794
     0.066953252    -0.610331016     7.812267673
     0.069193542    -0.617950691     8.089569176
     0.023680367    -0.765956161    11.866612740
     0.035878005    -0.732711262    11.189533894
    -0.046723177    -0.934704515    16.328471390
    -0.059312197    -1.045994680    18.782827967
     0.489152142    -0.105311701     0.007313267
    -0.137853672    -1.227158125    23.389963491
    -0.288507809    -1.144379109    23.798233303
     0.490827960    -0.097631751     0.008985382
     0.353672594    -1.529652013    27.286589035
     0.198277220    -1.522319385    27.648819944
     0.162052450    -1.473157041    26.927860988
     0.142964580    -1.442126931    26.526725564
     0.130642647    -1.334703072    24.529221502
     0.073535715    -1.334557379    25.010132079
    -0.128790419    -1.497179100    29.891071405
     0.695929889    -1.731293478    32.938996685
     0.521204131    -1.743891211    33.013250846
     0.480643157    -1.524807977    28.593277863
     0.451265853    -1.915800881    36.840471903
     0.505245195    -1.918018517    37.045278831
     0.493652448    -0.082166296     0.008985281
     0.496974996    -0.058820867     0.008985314
     0.497837607    -0.051007467     0.008985371
     0.498492264    -0.043174092     0.007276642
     0.499194294    -0.035344848     0.008988506
     0.499688823    -0.027499530     0.009007346
     0.500059616    -0.019647364     0.009017224
     0.500305162    -0.011790240     0.008989774
     0.500428745    -0.003930118     0.008991980
     9.578373151    -1.477327377     1.283405652
     9.539550231    -2.032134867     1.218325656
    10.178618440    -0.321425144     1.017876738
     9.678428837    -2.062031081     1.261512386
     9.710365849    -1.967922323     1.289289674
    11.668570890    -0.053237191     0.998503471
    11.030568256     0.737631470     1.019949676
     9.027665889    -1.764458232     1.218483777
    10.934708522     0.881732270     1.036308759
     9.652818012    -1.662824537     1.325480905
     9.439489457    -2.157637735     1.153049421
     9.570489074    -1.569284820     1.319087115
    10.979577981     0.721480092     1.007263022
    10.518307943     0.201541430     1.018126903
     9.941198608    -1.720266415     1.196243545
    11.694073382    -0.108857718     1.024574433
     9.524716965    -1.509516898     1.344375060
    11.683364971    -0.239751689     1.057524804
    11.779438102     0.093747583     0.990951392
     9.802438559    -2.018349756     1.299547599
     9.266110784    -1.525294508     1.259815215
     9.779200251    -1.903208195     1.312574939
     9.916556107    -1.798530150     1.261111640
    10.821290290    -0.551601600     1.026772526
     9.208347654    -1.779435040     1.169259578
     9.713563040    -2.046689478     1.259968772
     9.316242218    -1.943696014     1.186748247
    11.794134984    -0.219162681     1.053398526
     9.877884066    -1.762017355     1.295649141
     9.722436972    -2.092219302     1.263208260
     9.687557944    -2.033930253     1.253150108
     9.357297424    -1.874185666     1.253999601
     9.345768772    -1.396889796     1.190815041
     9.397449532    -1.449470993     1.270490830
     9.751993226    -1.857938574     1.347026347
     9.817952665    -1.931810947     1.279791397
    11.452401970    -0.773507145     1.097518037
    11.676794010    -0.834383846     1.129067110
    11.640857091    -0.792352308     1.101838409
     9.457277774    -1.389963793     1.176063598
     9.444006599    -1.542036588     1.320235780
     9.506130324    -2.100574066     1.118660713
     9.469092704    -2.120650152     1.085674426
     9.910506530    -1.838342006     1.280405310
    11.714593722    -0.482385692     1.068359313
    11.887873016    -0.273193572     1.061059079
     9.648588183    -1.820539881     1.367270805
     9.659943322    -1.874487589     1.321950995
     9.762191264    -1.838546829     1.329833183
     9.431443578    -0.612046902     1.028267925
     9.319736803    -2.088138827     1.097616332
     9.521880475    -0.648017073     1.021952750
    11.606024244    -0.489432365     1.042187021
    11.738583013    -0.002244013     1.003533026
     9.507956387    -0.690430610     1.039288658
     9.493982998    -0.770896659     1.089941688
    11.385376226    -0.465143061     1.050901881
    10.709503186    -0.274707104     1.045341770
     9.538014107    -0.456971252     1.040053385
    11.809573100    -0.157485500     1.019155653
    11.337689445    -0.530116897     1.079499110
    11.634283916    -0.858541390     1.126750140
    11.560217039    -0.520772290     1.063427443
    11.712737440    -0.804303340     1.113587049
     8.994046207    -1.815773035     1.156557181
     9.382528681    -1.703436627     1.387877204
    11.640634671    -0.626935528     1.087096844
     9.554899088    -1.390149939     1.159663177
    10.476658096    -0.727867043     1.179972860
    11.040397380    -0.587786468     1.051948481
    10.975989864    -0.601698121     1.071341976
    11.044640407    -0.652168314     1.116779790
     9.599746096    -1.654558076     1.371041888
     9.470928730    -2.008113764     1.184596871
    10.571933688    -0.611931308     1.038862841
    10.629738543    -0.741790302     1.171987250
     9.580095205    -1.638962288     1.375574642
     9.112663199    -1.740943911     1.177582517
     9.652501082    -1.699893258     1.382415112
     9.756573323    -1.614667958     1.264994618
    10.285788284    -0.525025645     1.048426271
    11.082170455    -0.634685231     1.093550924
     9.668275443    -2.075810339     1.257713869
    10.515957270    -0.778779485     1.191357033
    10.423161175    -0.545555452     1.018890767
    10.573560556    -0.699177968     1.131386598
    10.693195012    -0.692296973     1.093903112
     9.861715227    -1.726045004     1.239427796
    10.195711543    -0.818681237     1.106463174
     9.299086465    -1.348937677     1.167585341
    11.451960021    -0.940254295     1.161635393
     9.686659997    -1.956903616     1.293617512
    10.298709427    -0.414948502     0.980536386
     9.672231325    -1.873194305     1.319548155
     9.452933982    -1.746929462     1.410933810
     9.486448280    -1.187742620     1.012893749
    10.481021723    -0.679820289     1.119925754
    10.581598107    -0.535943686     0.991004694
    10.522277576    -0.622690388     1.067255825
     9.525204194    -0.907571485     1.117283912
     9.725977287    -0.728717403     1.049677096
    10.627428819    -0.676298528     1.075199920
    10.376889602    -0.571974438     1.058865933
    10.953220206    -0.687436495     1.073384084
    10.509163522    -0.457736853     0.962779995
     9.818044175    -1.696007366     1.239278000
     9.627869597    -0.720068035     1.057890438
    10.264052441    -0.869849412     1.097114482
     9.037123368    -1.868380563     1.157623769
     9.090919494    -1.906598596     1.202136671
     9.455790584    -1.004950405     1.071065441
     9.841493903    -0.709343914     1.058777187
     9.481385342    -2.142274074     1.149790462
     9.532572992    -1.765876710     1.391560428
     9.349332759    -1.592436338     1.329148912
     9.588931564    -1.181724456     0.970964866
    10.364666855    -0.316217325     0.973438955
    10.367174835    -0.646597358     1.121837158
     9.295115246    -2.000985450     1.147781407
    10.426535342    -0.685439484     1.137664085
     9.899986251    -1.708808629     1.181942915
    10.386122660    -0.469972585     0.974537610
    10.680827634    -0.771302484     1.160023447
     9.158482755    -1.777074905     1.173605849
     9.878817907    -1.590966506     1.146670100
     9.707652779    -1.468270228     1.121576079
     9.441563155    -1.851127145     1.271449595
     9.813785324    -1.524461367     1.149594172
     9.629076959    -0.873597164     1.039153670
    10.419122697    -0.776362437     1.183035380
    10.547875753    -0.201043164     1.001530690
     9.651954314    -1.300992500     1.005393390
     9.527866580    -1.463193807     1.255679687
     9.624700108    -1.460224811     1.187948141
    10.504551024    -0.576845784     1.005345326
     9.892099485    -1.456800598     1.063039932
     9.582448652    -0.931781536     1.082600858
     9.569972502    -1.275689524     1.031318248
     9.844020025    -1.545926017     1.094461887
     9.792999862    -1.451675430     1.071272499
     9.661797710    -0.825543035     1.089633753
    10.758893595    -0.476065050     0.993021905
     9.871440428    -1.462130034     1.075851249
    10.232215537    -0.890552892     1.121185206
     9.509580338    -1.378793049     1.167009372
     9.575843741    -1.334076458     1.095023226
     9.310227656    -1.308608191     1.149969045
     9.648570284    -0.925391449     1.050916342
     9.871421200    -1.851033360     1.268665649
     9.234832861    -1.534445512     1.261842694
     9.658710838    -0.968810444     1.061123380
     9.294310417    -1.794989365     1.213550890
     9.499569859    -1.492872485     1.313452081
     9.781242485    -0.844898183     1.089235895
     9.536538609    -0.949200751     1.078947925
     9.918124688    -1.851734450     1.255947953
     9.830301419    -1.576062484     1.126432708
     9.757757705    -1.347202233     1.004662009
     9.663548724    -1.431266816     1.120570984
     9.571440655    -1.385298087     1.145702184
     9.487981133    -1.314210168     1.103971586
     9.126485730    -1.845520145     1.172516359
     9.565663384    -1.449459996     1.216339932
     9.514238919    -1.282993685     1.048954491
     9.741307138    -1.413923056     1.069206443
     9.437220658    -1.321961669     1.133079251
     9.223916160    -1.748235895     1.156299121
    10.431914307    -0.277713736     0.977524921
     9.565642368    -1.609820418     1.359978685
    10.302689780    -0.469160614     0.993405527
     9.516898071    -1.336411615     1.113841676
     9.679256627    -1.369030743     1.069627848
     9.742419575    -1.606873147     1.254992951
     9.760375772    -0.789422130     1.072545124
     9.604308113    -1.240462864     0.990841373
     9.813305090    -1.777570197     1.303132439
     9.827999910    -1.965627260     1.299899528
     9.888813997    -1.892831035     1.273789283
     9.424556036    -1.284289088     1.077388768
     9.552220327    -1.225880708     0.991214108
     9.372328126    -1.423306748     1.229929140
     9.501358405    -1.428641100     1.224480717
     9.419449704    -2.101319443     1.085374293
     9.784177982    -1.832796999     1.323255325
     9.525037681    -2.101044992     1.147822421
     9.729833117    -1.787305918     1.344824394
     9.623276165    -1.317592772     1.040120210
     9.443854827    -1.416876107     1.233590416
     9.810604430    -1.953011738     1.287867973
     9.631441553    -1.348023264     1.102937631
     9.417127392    -2.037765979     1.171952943
    11.446246349    -0.966931759     1.166840660
     9.791607759    -1.602956531     1.197769694
     9.623544890    -1.529480566     1.258963746
     9.409905628    -1.559040493     1.316483648
     9.678402117    -1.625345531     1.305757012
     9.324991013    -1.873815503     1.222922889
     9.828508830    -2.019841342     1.298111740
     9.692065078    -1.300272031     0.998830303
     9.762719177    -1.484373164     1.144026617
     9.463872667    -1.246381728     1.030165426
    11.553434686    -0.412249935     1.043549270
     9.680711932    -1.524009250     1.229413985
     9.621281333    -1.584718909     1.323757046
     9.459324390    -1.347573321     1.159785997
     9.633359294    -1.233691017     0.978813894
     9.849324365    -1.602424041     1.211720984
    11.864413110     0.127943530     1.002085214
     9.517524845    -0.968173610     1.071539287
     9.816974059    -1.562253899     1.117338198
    10.717296773    -0.315255051     0.992514968
     9.462605225    -0.780220141     1.097326434
     9.576748651    -1.420454991     1.144341309
     9.524208468    -2.029404861     1.207883451
     9.951974046    -1.809659667     1.246825538
     9.605830416    -1.508222791     1.263180007
     9.547951113    -1.414376629     1.163882559
     9.711375557    -1.447394318     1.100698544
     9.294466082    -2.045225261     1.079315516
     9.636144018    -1.221939318     0.957380008
     9.679187265    -1.757630041     1.390547008
     9.698704174    -1.584607548     1.270659246
     9.543350802    -1.634208535     1.385632193
     9.706750173    -1.508852525     1.188529872
    10.821984103    -0.299860500     1.023884426
     9.781846120    -1.375564290     1.043667449
     9.726881590    -1.588603189     1.248828910
     9.532568576    -1.027894724     1.052764485
     9.696416798    -1.753241939     1.363701823
     8.983904935    -1.886514336     1.182596183
     9.868686298    -1.901820316     1.301733466
     9.462461549    -1.286043235     1.069822846
     9.531459221    -1.489600005     1.316325556
     9.908699016    -0.756185398     1.073306039
     9.851219357    -1.844420598     1.272852977
     9.097635202    -1.783665230     1.182900393
     9.164783776    -1.509541008     1.229192678
     9.432726691    -2.062131316     1.148840961
     9.798875825    -1.645487949     1.257220645
     9.710358723    -1.664408610     1.303227150
     9.476418276    -1.808239933     1.431573660
     9.349197588    -1.747573955     1.344783635
    10.686769052    -0.726699664     1.157499996
     9.733496368    -1.502018330     1.187984564
     9.487051898    -1.445173376     1.264421526
     9.764655381    -1.774307613     1.307020057
     9.409877420    -1.361867969     1.171762599
     9.726751288    -0.872742566     1.079866089
     9.456099016    -1.164790307     1.034054078
     9.705610557    -1.707107574     1.348707325
     9.477379837    -2.105989590     1.101424449
     9.614236307    -1.198110518     0.979150688
     9.594925745    -0.977431526     1.087944142
     9.802285493    -2.034075895     1.277932830
     9.765770438    -0.744798090     1.052317528
     9.733170396    -1.561135101     1.227284539
     9.639992087    -1.553587481     1.270821101
    10.160972100    -0.836687102     1.108330485
     9.686563340    -2.111517314     1.249290626
     9.803908216    -1.839256167     1.325879204
     9.404278349    -1.989497892     1.199374376
    11.577981114    -0.910987740     1.121663307
     9.438830789    -1.477789566     1.296385306
     9.425770074    -0.629781873     1.058694738
    10.594055333    -0.200368709     1.007927675
     9.187675954    -1.482015594     1.220490903
    10.973903334    -0.681390016     1.085918375
     9.584876539    -1.696376646     1.380449273
     9.454959446    -0.609491349     1.031805926
     9.060283372    -1.783540582     1.197701728
    10.256357118    -0.822554902     1.101760246
     9.287443402    -1.761981259     1.233709283
     9.473949884    -1.687354078     1.357886328
     9.466846102    -1.506681541     1.328076150
    11.328740788    -0.663058636     1.090183687
     9.413936710    -1.760422096     1.388696600
     9.810793884    -1.868422194     1.308425574
    10.370368548    -0.869039301     1.142059058
     9.351815191    -2.048640817     1.091712882
     9.378460824    -1.917787770     1.214932655
    10.766777702    -0.351234015     0.990417060
     9.555703093    -1.892636597     1.292145667
     9.215811977    -1.716060019     1.202497558
     9.454414124    -1.821805819     1.368182869
     9.355265721    -1.977407225     1.182139025
     9.543928646    -1.546651089     1.328954302
     9.628279695    -0.841021230     1.061239368
    10.320782456    -0.712903138     1.146191802
    10.371146580    -0.839931392     1.192240510
     9.332367675    -1.227403481     1.116602038
     9.472554246    -0.593167169     1.069787789
     9.645296004    -2.129618014     1.223534818
     9.470618920    -0.639673097     1.020843759
    10.364283164    -0.241153344     0.985398777
     9.373180913    -1.109684109     1.087528149
     9.460485084    -0.662438018     1.040208375
     9.518012788    -0.705023968     1.050768391
     9.397994539    -2.068605213     1.108134444
     9.026812315    -1.807490260     1.173020736
     9.232535638    -1.685701337     1.320079118
     9.554943564    -0.482485595     1.020486797
     9.481347312    -1.907111027     1.273855266
     9.480788240    -0.466942697     1.044977855
     9.489560188    -0.729259099     1.067862960
     9.054671157    -1.738004669     1.213600822
     9.550755538    -1.863996157     1.377691657
     8.994526220    -1.937367157     1.194433400
     9.441213664    -0.957643366     1.075292114
     9.253983876    -1.697769269     1.307594618
     9.385081086    -2.093919265     1.041690983
     9.488651409    -1.648423084     1.385523240
     9.505172806    -2.033376287     1.163532706
     9.305437827    -1.730549825     1.326950895
     9.502123073    -1.947369638     1.207573041
     9.369512198    -1.802317166     1.290747233
     9.446358403    -1.904013931     1.232606878
     9.124672954    -1.695644226     1.215543802
     9.426055031    -2.008590458     1.195769900
     9.387989164    -1.833215020     1.249287184
     9.332915168    -2.027713159     1.115833033
     9.520158504    -0.931463734     1.095188836
     9.593657000    -1.593351789     1.342954167
     9.558471822    -0.626633671     1.023462863
