  0.000000000000000E+000  -1.17698228587744       -8.89162202619339     
  0.159154943091895        1.99712967443992        18.4415559559403     
  0.318309886183791        2.11214770949511        6.16150988131477     
  0.477464829275686      -0.735607285505709        2.01383528804546     
  0.636619772367581      -3.431099204455598E-002 -0.405185075583275     
  0.795774715459477       1.802089551315222E-002  -4.19908716387718     
  0.954929658551372        3.57329260530763       -14.0875240346933     
   1.11408460164327       -9.98562729877617       -19.9133999417197     
   1.27323954473516       0.875334978596311        6.58465716882295     
   1.43239448782706       0.136331226426150       0.285224347203792     
