    10.391265505     0.689943128     1.044128806
     9.454267659    -1.607647496     1.161725576
     8.955259121    -2.033935096     1.059565066
     8.526042459    -1.306016230     1.187328383
     9.039043232    -1.821399036     1.233425073
    10.015313767     0.189986677     1.031185778
     9.061029381    -0.942790156     1.097418865
     9.921936056     0.425343522     1.044403571
     9.374850703    -0.163556773     1.063999803
     8.932966655    -1.846037356     1.229472790
     9.953361728     0.141497541     1.036829807
     9.806950427    -0.072739569     1.044423872
     9.381847219    -2.060464138     1.277623426
     9.235375929    -0.717631389     1.072665008
     9.187589081    -0.535283798     1.066282111
     8.553317355    -1.257814258     1.184389272
     9.311056406    -1.871206051     1.349923109
     8.628172674    -1.781234810     1.191024030
     9.612685685    -0.124302667     1.057055991
     1.183967292     1.133531240     0.938701178
     8.949421808    -2.092960417     1.128630669
     9.199263876    -0.781171114     1.119658516
     8.502237665    -1.239278550     1.187631054
     8.632821663    -1.303334767     1.194124349
     8.718284954    -1.319853540     1.199773513
     8.742867518    -1.415276331     1.211584569
     9.022300281    -1.579513464     1.345341646
     8.952729890    -1.666721279     1.362410101
     8.923816058    -1.503289598     1.261651678
     8.501956418    -1.168912035     1.181263639
     8.534476745    -1.250110483     1.185809201
     8.722664493    -1.378239464     1.209881330
     7.509816768    -1.129525266     1.242690068
     7.836857841    -1.106451957     1.216172377
     8.490701333    -1.138459740     1.189430720
     3.090379911     0.251462438     2.337621888
     1.122454527     0.482804173    -3.197821534
     4.178371855    -0.658973118     2.547284409
     0.773499202     1.055199009     1.960657464
     3.374124232    -0.136435501     2.503561175
     0.438347152    -1.565768469    29.896890059
     2.341059001     0.223657309     4.056541641
     1.676362055    -1.303904240     3.319165908
     0.780645565     0.662550988    -1.036541123
     3.972094789    -0.368809987     2.171423356
     0.602008650     0.677818762    -1.119607678
     0.573536670     0.615378301    -1.045177066
     0.575683499     0.007359497    -4.709861623
     0.443564277     0.624107944    -2.239280320
     2.769860952    -0.133317611     4.439184710
     0.468832231     0.301069143    -2.174977270
     3.273154479    -0.225182533     2.899739992
     1.311979468    -0.102159781     4.037866903
     0.907774825     0.898923832     6.694634156
     0.256644481     0.722869257    -0.375253204
     0.283399901    -0.530060602     0.294569157
     0.830750971     0.422154112    -1.345982580
     0.500428414     0.003930435     0.008985396
     3.087893904    -0.125568110     2.361122436
     3.153480700    -0.595979782     5.016680009
     0.500304943     0.011790339     0.008985450
     1.450224812    -0.270357210     1.770547294
     0.406071091     0.670131389    -0.632059978
     0.270868106    -0.514958034    -0.080519206
     1.664804989    -1.152908675     3.165552487
     2.358940365    -0.514411057     4.410498730
     2.505717696    -0.827801933     4.660277351
     1.765759751    -0.702688832     3.923115001
     1.013570428    -1.399157275     2.910537729
     2.713468842    -0.548553310     4.665011331
     0.500058032     0.019647335     0.008985540
     3.462756759    -0.234103475     2.987536082
     0.499687737     0.027499483     0.008985609
     0.379446649    -0.386613030     0.402047805
     0.949170709    -1.105646102     2.599945349
     0.455672913    -1.274424119    23.921968375
     0.739469564     0.421352579    -1.934365781
     0.412580238     0.340317541     0.289019329
     0.499194148     0.035344851     0.008985603
     3.002808795    -0.154376368     2.386202280
     2.041429212     0.091719585     2.921712111
     3.059973131    -0.294637603     3.026989718
     0.498577385     0.043181511     0.008985513
     3.617706164    -0.509551368     3.263036150
     3.311322580    -0.905191279     3.829095371
     2.961375099    -0.929618916     3.685984531
     1.041209007    -0.333013117    -1.967905557
     2.818417067    -0.213337199     2.374961382
     3.256823323    -0.625325055     4.441541239
     0.497837595     0.051007567     0.008985350
     3.194614277    -0.136366314     2.243404613
     1.545730961    -0.970582257     3.991268311
     3.069001505    -0.481351443     4.359754517
     1.385656455    -1.069681494     4.237387540
     2.307280146    -0.373151175     1.426776991
     2.430468701    -0.277016859     1.606056383
     2.173350162     0.087373029     2.183556684
     2.654577463    -0.456329020     3.819226067
     0.880358589     0.262785346    -3.102220168
     0.765930011    -1.099559105     3.362125743
     1.223429166    -0.955016233     6.065824861
     2.786790800    -0.855221932     3.055583815
     0.586392646     0.345683304    -0.414409599
     0.873395891    -0.755493507     2.263550681
     3.190609503    -0.604231118     5.009414751
     2.707048353    -0.295545790     2.085679595
     2.545721621    -0.484767416     3.638644111
     0.681285085    -0.385124664    -0.942995473
     3.353958741    -0.502016910     4.204559790
     0.617295087     1.233146207     1.905407441
     2.008835942    -0.475077724     3.148966621
     0.496974944     0.058821204     0.008985055
     3.586935264    -0.732124240     3.646132476
     2.067499583    -0.223957076     1.417426130
     1.781787035    -0.458921284     3.920147037
     1.385450566    -0.901674463     4.560232577
     0.709845633    -1.169308158     1.839541917
     2.435757507    -0.828966644     4.812328681
     2.256364621    -0.541629982     4.131469441
     2.088286549    -0.567677500     4.316424796
     1.275073319    -0.997243382     5.011815732
     2.011674453    -0.550601249     3.770364601
     2.546886536    -0.312688122     1.918680319
     3.303784999    -0.631427405     4.833427464
     2.898471775    -0.434067603     4.136547519
     2.213829950    -0.458075689     3.299634730
     0.680630003    -1.077342918     2.633552884
     1.755508470    -1.474931714     3.816641334
     1.782271566    -0.589597564     3.062854844
     1.826939812    -0.671085386     3.700416047
     0.674413901     0.621288032    -1.953667595
     1.705641252    -0.865840217     4.027122510
     0.732848618    -0.881125532     3.409200555
     1.934537239    -0.691520303     3.923840944
     1.101856594     1.336197917     1.760372093
     2.373909864    -0.768778034     4.852583667
     1.188904315    -1.365223466     3.135990994
     0.495989568     0.066620894     0.008984380
     0.468777375    -1.158561071    21.609167454
     3.479579807    -0.547869328     4.209076531
     0.481206421    -1.088973670    20.274892652
     0.637915163    -0.812241457     1.247527894
     0.490256610    -0.793600685     2.255827589
     1.312239528    -0.383000352     0.232053609
     2.544106597    -0.366924010     2.913597719
     0.494881451     0.074406068     0.008982753
     0.840044793    -0.772433181     1.505574159
     2.289761892    -0.359664949     1.283801439
     0.505415550    -1.188250823    22.568245265
     0.507558103    -0.962865699    17.883235857
     2.479092924    -0.675989691     4.522377519
     2.424728585    -0.353669742     2.639840296
     0.493649969     0.082179410     0.008979435
     0.492292376     0.089954668     0.008977038
     0.553680752    -0.832918245     2.757382712
     2.766571730    -0.337847081     3.107512297
     1.796000563    -0.187881821     2.185725322
     0.443173469    -0.668316862     1.153941743
     1.041567874    -0.814132728     2.532206950
     2.560158189    -0.752042185     4.939541419
     1.874770634    -0.066164008     2.245849078
     1.421158374    -0.322315207     0.830001983
     0.490800014     0.097782694     0.009027092
     1.035945173    -0.418181466    -0.999601868
     0.520341815    -0.944439586    17.654767212
     1.045393923    -0.844582744     2.979290241
     2.068459822    -0.465238207     3.632368072
     0.968726125    -0.856853156     3.192159197
     2.253471007    -0.147864033     2.435988037
     2.057348593    -0.044517608     2.939955900
     0.369304655    -0.528441837    -0.223668400
     2.005627931     0.027185902     2.950974150
     1.251772115    -0.550654753     1.569422867
     1.866397943    -0.022504506     3.249115934
     1.451892548    -1.253346892     4.142268848
     1.010183436    -0.946311410     4.733635719
     0.946187126    -0.791491768     3.310339507
     1.020113796    -0.930522811     4.622111937
     2.581999294    -1.028868507     4.767434213
     2.198154298    -0.320446648     1.798626887
     0.599828463    -1.435573314    28.370492847
     0.489142206     0.105847283     0.009384542
     2.078964224    -0.314988723     2.642901369
     0.769299316    -0.391706605    -0.260093182
     3.053472963    -0.543477332     5.031265497
     1.516143019    -0.760154337     3.663797456
     2.891915151    -0.494692649     5.265334682
     1.559761732    -0.708672651     3.283558185
     0.516469901    -0.597782666    10.322817160
     2.007417601    -0.171282682     2.289722130
     1.410691008    -0.722669343     3.580204964
     1.846842667    -0.757276276     4.222118561
     2.781955496    -0.445590758     4.175328224
     0.488220268    -0.359874576     5.046246359
     0.481051332    -0.235800118     2.665112315
     0.491361520    -0.898587238     3.473157312
     0.266704951    -0.429922805     2.262062135
     0.475911395    -0.173687516     1.579988888
     0.398821982    -0.600064621    -0.121428793
     0.487391215     0.114640052     0.014002324
     2.132274039    -0.004444932     3.098418277
     1.157370468    -0.555781825     0.632512455
     0.482914028     0.132025665     0.013130754
     4.496572050    -0.036724770     1.789222097
     1.106125008    -0.743661810     2.316284421
     1.636565365    -0.763487454     3.835277020
     1.834661173    -0.133031326     3.119729243
     3.770222615     0.420476023     1.744099321
     2.224056287     0.009998557     3.168339373
     0.458602456    -0.471723610    -1.144352323
     0.396431483     0.329914005     1.174356548
     0.369866043    -0.500420284     0.516135332
     0.306292801     0.653049806     7.760836337
     1.132100837    -0.508944363     0.727937767
     1.358798108     0.032463250     1.563262317
     0.751312733    -1.371951689     3.807642467
     1.456209958     0.915751760    -0.827240225
     1.094624008    -0.079647276    -0.405166174
     1.251865687    -1.015858756     6.876595700
     1.066904569    -0.672440380     1.300114938
     0.322951554    -0.505578799     1.018772064
     1.351903811    -0.718265950     3.982348029
     0.609463472    -0.599512866     1.130330371
     0.479459189     0.143395698     0.008973294
     0.285266869    -0.440694658     0.274538458
     0.460995541    -0.530099171    -0.878800615
     3.599916705    -0.217345818     2.838969154
     4.714971911    -0.439694993     1.674067577
     1.588006952    -0.324859261     1.668131270
     3.773718131     0.507881908     1.172548686
     3.148261507     0.411585339     1.096609974
     3.741039312    -0.390949178     2.468306205
     0.568860133    -0.575663932     0.251407193
     0.741419982    -0.382403185    -1.840709606
     0.422331122     0.291567469     0.696186535
     0.433989276    -0.501589310     0.861802138
     0.942805272    -0.752477764     2.910501943
     1.970175523    -0.549476457     3.702534901
     0.780141735    -0.514342407     0.094756805
     0.876946289    -0.276853671    -1.360430405
     0.884268404    -0.439744941    -1.235657902
     0.503431403     0.305890099     2.022593722
     2.626741843    -0.509832410     3.892294229
     1.138916912    -0.357351891     0.030404255
     0.680973912    -0.729564854     1.618211245
     0.472083197    -0.827603963     2.573263843
     0.456603402     0.270790152    -2.118038106
     1.050642995    -0.155904729    -1.287515371
     0.701403414    -0.551563049     0.723188122
     1.460977783    -0.433169007     1.144458260
     0.360154073     0.507231202    -2.714369855
     1.652834394    -0.626794109     2.833474818
     1.726621893    -0.420268887     3.064761495
     1.807312174    -0.349690993     3.066391459
     0.291998525     0.785162166    -2.964228167
     0.706918915    -0.573834376    -0.263860363
     0.477148403     0.150903893     0.008956167
     0.474719094     0.158378352     0.008942941
     0.741720664    -0.334327593    -1.038041817
     0.472084219     0.165782261     0.007051369
     1.398305690    -0.663363966     2.813600659
     0.548344214    -0.957120261     3.591626469
     0.628830119     0.520909445    -3.155247200
     3.806070756     0.251815533     1.787149431
     1.305440128    -0.484249024     1.302655544
     3.660896833    -0.172914572     2.801492652
     0.654036607    -1.020022876     3.851858299
     0.612426697    -0.910052805     3.245405818
     0.783063351     0.812335958     0.606339329
     0.334754411     0.399082748    -6.665364707
     1.652223642    -0.480769727     3.293628721
     1.608536839    -0.584377039     3.110173108
     1.537445707    -0.466873117     2.477229996
     0.893632596     0.524290311    -2.286809825
     0.469509628     0.173209761     0.008922786
     0.771275535    -0.702874605     1.638231022
     0.962398465     0.769158374     0.044678540
     0.990749296    -0.677744531     2.048369652
     0.466730773     0.180560044     0.008895443
     0.856692743    -0.404306293    -2.194344124
     3.548891201     0.049827126     2.143609527
     0.310854233    -0.439836861    -0.298707572
     0.463835273     0.187859927     0.008794901
     0.926667316    -0.570453675     1.282994773
     1.637234971    -0.165453862     1.860360943
     3.734770215     0.170706197     2.173310297
     1.143805089     0.820530723    -0.317158275
     1.381431658    -0.681364125     2.893985147
     2.868123502     0.346635056     1.129770847
     3.473831525    -0.004559455     2.310342529
     0.560258177    -0.472686818    -1.805063363
     3.167321779     0.260824905     2.348341507
     0.696739269    -0.574919208    -1.295322107
     1.115978852    -0.405231364    -0.568148151
     1.536628505    -0.543730175     2.678070948
     3.396422122    -0.405889270     3.738410977
     1.040316631    -0.681342546     1.052368494
     4.835152124    -1.140367198     1.868282803
     1.367261883    -0.600235423     2.053205538
     4.260274756    -0.145936676     1.981228746
     3.549091868     0.447801440     1.034569773
     0.811404224    -0.493941504    -1.035336520
     1.290481948    -0.919162834     4.749332701
     0.212025237     0.702432628    -0.280645319
     0.571783823    -0.878797321     3.132496896
     2.916700349     0.244405455     1.188052924
     0.219845996     0.625565968    -1.231336485
     0.212064608     0.483617619     3.505413818
     0.762691640    -0.539292190     0.402356597
     1.364361814    -0.349416859     1.842355446
     1.120546659     1.365555248    25.070678683
     4.677395718    -1.379768077     2.109572049
     0.460818431     0.195100138     0.008458765
     0.914844428     0.117440306     1.009109842
     0.200180456     0.577572414     5.637339045
     0.729246690    -0.768389637     1.641197239
     0.539886594    -0.057571015    -3.292536620
     0.252364592     0.500376236     3.573240078
     0.172952664     0.737089893     9.110989527
     3.476390874     0.328356721     1.621137390
     0.733233300     0.518540663    -0.786137606
     0.559459712    -0.661557313     0.745353870
     0.154741990     0.831405481    11.130892730
     0.997951315     0.718832525    -0.928729979
     0.639638294    -0.247224267    -1.667429318
     1.273098430    -0.660030945     1.761548434
     2.380296476     0.509785812     0.878087505
     0.469775876    -1.115421798     3.617284216
     0.511844201    -0.440063419    -1.958384746
     1.154312266    -0.910492965     5.466068350
    -0.050196915     0.683916339    -1.889097210
     0.391724496    -0.355099568    -2.474099033
     0.813061070     0.316654921    -2.416677390
     0.348741178    -0.366332651     0.939934099
     0.457664722     0.202273848     0.007539864
     0.044595809     0.960130252     0.811991248
     0.590393094    -0.388707116    -2.986409212
     1.182362052    -0.843499628     2.653299126
     0.336968732     0.695456856    -0.439531243
     0.454358189     0.209410934     0.005992807
     3.238783665    -0.522189017     4.276359799
     0.628029747     1.101869835     1.855168418
     0.240742466     0.915789626     1.142436524
     0.429011805     0.488155189     1.459896083
     0.210762763     1.109926344     2.641647332
     2.194632594     0.612766203     0.157897784
     0.669710850     0.628108686     6.835277784
     3.928416019    -0.482634485     2.769185790
     0.101296230     1.021206906    15.322319778
     2.227153258    -0.074321027     3.241838471
     2.497748324     0.676372930     0.527239305
     0.969133357     0.907559580     1.971464654
     0.783160479    -0.444421779    -1.817218271
     3.952149108    -0.053142620     2.225159025
     1.682886354     0.654341995     3.610197358
     0.341816228     0.864665790     2.900723396
     1.189332543    -0.500931701     0.769731937
     0.258096333     0.804217693     0.985835165
     0.399748050    -0.419243606    -1.089978680
     5.061049560     0.059855131     1.481319678
     0.398237100     0.696818715     7.724938343
     0.450961294     0.216571543     0.005493411
     2.232966890    -0.607941490     4.601023454
     0.316002892    -0.689667693     3.193456704
     0.447549308     0.223692704     0.006882373
     5.238798853    -0.639651146     1.614111840
     0.443929410     0.230682053     0.005857482
    -0.274679706     0.854394656    16.120420504
     4.090494950     0.618555572     1.195515781
     3.846252382    -0.082227527     2.698892288
    -0.193114659     0.964448082    16.590919802
    -0.121740768     0.915022420    14.619738603
     2.671425636    -0.406924994     3.263979054
     2.099650571     0.680451467     0.627793006
     3.747732120    -0.169612285     2.595823707
    -0.045345495     0.827004859    11.879196524
     2.178041674     0.952223029     0.105232061
     4.412321012     0.180787693     1.451769399
     0.002253440     0.782222756    10.322373251
     0.064933057     0.731604836     8.535863785
     1.959775963    -0.557041419     3.928106124
     4.598553025    -1.668135046     1.982284879
     0.356048216    -0.553618604    -0.687461465
     0.440402443     0.237649129     0.008733126
     2.123205580     0.797509281     0.056152567
    -0.274848776     1.396795902    24.619985215
     0.436628742     0.244531743     0.008913180
     1.333131824    -0.284788002     0.787614198
     1.200782502    -0.908333906     5.106235270
    -0.371468386     0.894970736    17.127654336
     0.477894157    -0.647746035     0.496160534
     3.166583521     0.201461655     2.235770274
     0.432738434     0.251357187     0.008964261
     1.057404495    -0.823240170     2.870183326
     0.687399445    -0.363998230    -1.094930455
    -0.336771821     0.998285079    18.011410566
    -0.376572576     1.088637978    19.901152626
     0.556094582    -0.330276167    -3.031685034
    -0.141457829     0.814916494    11.780913359
     3.293723818     0.229433745     2.031504200
    -0.162766684     0.879134909    13.080214570
     4.438193392    -0.018707913     1.738428058
     3.278282272     0.623952823     0.604529196
     0.528111924    -0.198198563    -2.344181552
     0.428738298     0.258122297     0.008977458
     1.210359667    -0.485774968     0.904045633
     0.424631400     0.264824342     0.008979644
     1.170242937    -0.832002809     3.748239157
    -0.053666339     0.856760762    11.218636057
     0.461581269    -0.655989545     0.752602198
     0.853198535    -0.812796189     2.324244458
     0.420419903     0.271461434     0.008988586
     0.594306795    -0.236725202    -1.412468534
     2.771885130     0.285719066     1.816282034
     0.512524671    -0.267826999    -1.314082912
    -0.178538635     0.536153100     7.322114496
     1.728604565    -0.592839842     3.448212783
     0.612687994    -0.778418037     1.835130785
     4.671058254    -0.519770731     1.488070587
    -0.069193552     0.522559872     4.772067727
     0.374555865     0.342716645    -2.133837301
     2.806468736     0.568685776     0.994025947
     3.133990170     0.223171138     2.974597759
     0.489088118    -0.406966557    -1.968035851
     2.025709624     0.711708936     0.388743833
     0.416104433     0.278031147     0.008988839
     1.558244084    -0.589318979     3.065504701
     0.490932952    -0.600287371     0.373929075
     0.030843412     0.506147410     2.293780805
     0.042930556     0.499444451     1.932145009
     2.297406112     0.546008635     0.614228699
     1.252543433    -0.568144934     1.023041500
     2.996411354     0.243931467     1.675771217
     4.427902032     0.244096190     1.283958755
    -0.032909153     0.568758443     4.010218184
     0.883181897    -0.909316742     4.143773252
     0.411615212     0.284476935     0.007190102
     2.980918135     0.140507907     2.538939439
     0.055728061     0.500907816     1.582665174
     1.159666796    -0.947307742     5.276945313
     2.763414819    -0.119811051     2.758131807
     0.407165855     0.290959219     0.008930545
     1.436492774    -0.303028479     1.707888300
     2.701552231     0.082541010     2.418691028
     0.647592181     0.476869212    -1.457311045
     1.669476215    -0.570744079     3.023499009
     2.124100021     0.296518577     3.354621320
     1.347390675    -0.402618515     0.819455265
     1.920331928     0.578543704    -0.248294905
     0.402542006     0.297309677     0.008766884
     0.397817582     0.303580340     0.008501929
     5.003089207    -1.453057285     1.873698795
     2.544568096    -0.039720963     2.815401612
     2.234992446     0.000659117     2.503161468
     0.688870985     0.467605194    -2.183068175
     0.625009339     0.362356580    -1.765071589
     2.924604768     0.197479771     1.779593708
     0.098846380     0.502299350     1.124421290
     0.392987184     0.309762820     0.007944014
     1.927240012    -0.257053530     2.828555072
     2.698582516     0.172795822     2.077531766
     0.530010838     0.213098654     0.086169912
     0.388035216     0.315862998     0.006921381
     0.179029271     0.500264991     0.956424271
     1.843848274    -0.034784433     2.002734455
     1.100988520    -0.401640243     1.187596955
     0.382974543     0.321933915     0.006325427
     3.095514927    -0.162153409     2.683050040
     0.448622098    -0.322147398    -1.413329863
     0.377774282     0.327902730     0.004779593
     1.605409844     0.028881642     0.725401809
     2.711849582     0.733729855     0.884385382
     3.581557809    -0.041735020     2.829054825
     1.350855680     0.569358659    -3.373606414
     4.666310216    -1.648314162     2.054078745
     0.372730903     0.333889814     0.008319758
     0.894160870     0.276202564    -8.337374886
     0.966479045    -0.312786680    -0.042670010
     0.367469621     0.339705900     0.008785085
     0.362100224     0.345434204     0.008931755
     0.793475330    -0.347937027    -2.281573795
     2.766272601    -0.086583381     4.156919090
    -0.016771046     0.640810301    -1.600404548
     2.426675287     0.078242991     3.353805408
     0.994365583     0.306125253    -5.489865181
     2.584240360     0.303332115     2.109426477
     0.363008901    -0.591893692     0.622201625
     2.588276454    -0.460928677     3.580264128
     0.356633691     0.351077925     0.008970474
    -0.080468553     0.605482505    -3.631174228
     0.030344064     0.694303426    -1.390507053
     0.351076509     0.356635854     0.008981442
     0.396298091     0.434511433     2.090247018
     0.235991487    -0.443576635     0.985329057
     2.684101503     0.549403635     1.110513687
     0.401459908     0.381732329     1.667848181
     0.430141147     0.356290442     2.078563739
     2.893990915    -0.201474188     2.543878749
     0.165581735     0.819425776     0.493485688
     0.427981431     0.470185689     2.192679612
     0.416584180     0.361625353     1.909709008
     0.357893708     0.387999567     1.083406602
     0.175315025     0.476888721     0.165354385
    -0.210482546    -1.173031075     4.228500578
     0.647014744     0.207711404    -2.704816926
     0.345431810     0.362106138     0.008984286
     0.339701601     0.367487208     0.008985006
    -0.568717981     0.349331629    -2.597613786
     0.333887492     0.372777651     0.008985177
     0.327990978     0.377976129     0.008985206
     1.552688410     0.816343227    -1.811915621
     0.342526128    -0.599222970    -0.146886258
     2.535870511    -0.229769520     2.092935563
     0.322013537     0.383081346     0.008985194
     0.017523150     0.574805447     2.071093914
     2.457588703     0.182188286     3.653495058
     3.204096676    -0.375438477     3.624614780
    -0.593623370     0.680943088    -2.319591980
     1.106143568    -0.031325573    -1.624740245
     0.521546185     0.525335398    -2.532943662
    -0.155511116     0.626301148     4.631503354
     0.247029017     0.488242823    -1.172377385
     1.407621597     0.056196978    -2.888686474
     1.817200711    -0.043812505     2.814613496
    -0.042451105     0.584632072     2.548039304
    -0.296053587     0.701275402     7.709560003
     1.953683348     0.140342163     2.596201492
     2.135744615     0.393883198     2.102365597
     0.315956669     0.388092022     0.008985174
     2.311507027    -0.116702757     0.603590993
    -0.362156754     0.810404034    10.271756323
     1.744777124    -0.060737180     2.578070476
     0.309821937     0.393006874     0.008985206
     1.616125559     0.981837986    -0.702493691
     2.419159783     0.427651740     0.427446135
     0.303611089     0.397824532     0.008985508
     0.297326487     0.402543332     0.008987972
    -0.393841941     0.619962464    -2.918128688
    -0.439589673     0.461998707     7.648309052
     2.364520742     0.244962855     3.902105547
     0.703480339    -0.603939173     1.536894055
    -0.587460738     0.594169992    11.634873193
     1.498294191     0.017322170     2.270117740
     0.785692014     0.125095500    -4.693246454
    -0.846490521     0.929083664    -1.092228846
     0.912777181    -0.271295628    -0.312904733
     0.838231941    -0.112167851    -1.632841753
     0.692147533    -0.623697083     0.960458864
     0.383184116     0.445509108    -2.380867186
     1.099021867     0.553861351    -2.411137887
    -0.292037666     0.754878082    -2.686882869
    -0.774499766     0.825801789    -1.390244024
     0.498138202     0.311817412    -1.731780727
     0.290972418     0.407160408     0.008995394
     0.108448602     0.783849900     2.134000272
     1.491173328     0.832412162    -0.387758787
     0.284559334     0.411668006     0.008995721
     2.458557200     0.348055621     1.455243238
    -1.033061893     1.203249557    -1.742541172
     1.063069722    -0.023340338    -0.722582607
     2.071220647     0.259845010     3.207406658
     2.057384964     0.336626125     1.764601795
     0.278129418     0.415938669     0.007325415
     2.065980698     0.458796226     2.984452518
     0.271760796     0.420218882     0.008863961
     0.631485259    -0.452232922    -1.481699784
     2.226909280     0.415553169     1.487143201
    -0.809383213     0.682015013    16.754242357
    -0.715466951     0.947936880    -2.686694860
    -0.977799368     0.724394221    20.350107257
    -0.986615369     1.088369987    -1.557007927
    -0.962130027     0.725249065    19.889356536
     1.874854403     0.366452685     1.494672249
    -1.230751336     0.787655235    25.576841853
     1.582488059     0.030526027     1.556357156
     2.672307034    -0.128813798     3.172966698
     1.380030039     0.656625153    -1.679694400
     2.634090975     0.111272839     2.727966136
     0.240815464     0.799347446     1.388963766
     1.753612625     0.323626395     2.537623218
     0.953419713     0.558129065    -2.020146133
     0.870038666     0.368402740    -5.782824295
    -0.146050993     0.515822156    -0.072031869
     2.364282535    -0.541359426     3.806574121
    -0.598789763     1.190860558    -3.240759455
     2.318269895    -0.158126254     1.898839394
     0.264988694     0.424570001     0.009678311
     0.841701177     0.272663863    -9.155506292
    -0.984804391     0.752582031    20.237668142
     0.608658794    -1.036756880     4.438837026
     1.916595632     0.470381027     0.449044590
    -1.167987247     0.808965114    24.141936333
     2.516080520     0.045176534     3.362808481
    -0.710322707     0.817482668    15.158427388
    -1.151624921     1.132734724    26.295541861
    -0.320556141     0.588275408     3.753009311
     0.709739182    -0.945646452     3.480341325
    -1.327124617     0.330229411    -0.394547014
    -0.057827108     1.116087113    -0.324376773
     1.238509704    -0.118620155    -0.045708960
     0.570114470    -0.338758130    -3.967910970
    -0.199058463     1.349369742    -0.997459534
     2.326735814     0.317040488     2.645261390
     2.825911393    -0.051128757     2.869702979
     2.746554405    -0.009135665     3.026366979
     2.395032818     0.007101741     1.106242147
     0.438542191    -0.329638582    -0.046597245
    -1.079546603     0.664478986    -0.709049314
     1.317543685    -0.309862733     1.013847610
     1.287271665    -0.445523865    -0.208296475
     0.251340506     0.432999190     0.013307094
     0.244609921     0.437109776     0.018072186
     0.238047222     0.441154250     0.025746598
     0.206115240     0.492077464     1.475759252
     0.231046890     0.444415993     0.017858051
    -1.210314725     0.782604989     0.335324841
    -1.079027178     0.758343973     0.647393903
     1.002550475    -0.418698546    -0.957276619
     1.112069703    -0.129634380    -0.715864394
    -1.550892286     0.275351415    30.768711565
     1.053040397    -0.135366518    -1.429363875
    -0.777126207     0.798229990    -0.533422143
    -1.525229875     0.571841469    29.886996514
     0.223916992     0.447784755     0.013100582
     1.304835095    -0.298156516     4.073153728
     2.302985405     1.511162114     0.603473700
     0.216722431     0.451162950     0.010435577
     0.924183129    -0.506379309     2.832933503
    -0.946062992     0.747507298    -0.996955805
     0.209513540     0.454502369     0.009470578
    -0.496752560     1.082715406    -2.425188755
     0.777528205    -0.151374769    -1.830035656
    -0.634604153     1.108250303    -2.486159577
     1.439692434     0.801449161    -0.991503219
     0.202231107     0.457782865     0.009355975
    -1.422845003     0.851382747    28.642772568
     1.516896331     0.828228673    -0.278129714
     1.310501876     0.157250627     0.019011627
     1.229004376    -0.204353725     3.360051499
     1.896850532     0.239999576     2.462120339
     0.885532548    -0.195843132    -3.154095365
     0.622305353     0.265256266    -3.276404148
     0.194615783     0.461055561     0.009061521
    -1.447173656    -0.047790416    29.682193944
    -0.225013475     1.289004176     0.899852183
     0.900977189     0.651773374    -1.285971255
     0.683986274     0.063093962    -3.448586768
     1.878345746     0.022725743     2.867627453
     2.605103728     0.030061277     3.408430955
     1.444807027    -0.156478819     1.212004007
    -1.362756247     0.180264503    26.414177398
     0.508706778    -0.218006150     0.142668490
    -0.344267187     1.403891817    -1.490474299
     0.433666832     0.745844440     0.327603513
     1.653576064     0.522551958    -1.161191939
     1.603436200     0.053646739     2.267210748
     0.186294086     0.464385947     0.007357394
     0.142686805     0.665599510    -0.129640074
     0.494531010     1.036306433     1.821892468
    -0.489869671     0.820030959    -2.613699173
     1.501061718     0.008359114     1.977024520
     1.176252262     0.049922284    -0.164734133
     1.489738064    -0.065513686     1.027451065
     0.661891205    -0.148394796    -3.191689694
     1.645269908     1.089546921     0.061425513
    -1.211937172     0.259139200    22.770770541
     0.395384700     1.296042773     2.007311149
     0.532397982    -0.173628482    -2.388996201
    -1.169859152     0.308769848    21.568238357
    -0.746235637     0.340032519    -1.337804324
    -0.202501161     0.613504217    -2.465076102
    11.001286704     4.371433965   250.793752109
    -1.214247801     0.353677176    22.269525972
     0.250292769     1.502987093    -0.839447879
     0.047206259     1.214147186     0.088857760
     0.618529157     0.046537382    -2.997840771
     1.010131266    -0.415544329    -0.947406247
     0.750240388    -0.083389992    -2.379062506
     1.202283438    -0.215490129     1.767712205
     1.015181205    -0.155417519    -1.055790440
     0.327922277     0.927339360     1.147006841
    -1.293332051     0.407023871    23.740797786
     0.173106901     0.469558951     0.009136772
    -0.003307800     0.694595946    -2.026774608
     0.988930945    -0.364082071    -1.488916331
     0.898279284     0.093705219    -3.393349802
     0.165783156     0.472187882     0.009013497
     1.098769982    -0.346682213     2.465728808
     1.082307871    -0.268083052     1.132444966
    -1.084248718    -0.245387361     4.233232538
     1.162484100     0.443349078    -3.985767539
     0.491164951    -1.166043567     3.518216432
    -1.706552045     0.539072513    32.258704328
     1.096703905     0.002411663    -0.520567304
     0.545331990    -0.796493823     2.032355649
     0.961808717     0.124748324    -5.101809493
     0.158369170     0.474724806     0.008993193
     1.403465300     0.737222835     0.500210886
     1.233595699     0.147503446    -1.406325814
     1.246164284     0.550575861    -4.499308850
     0.705581592    -0.081742629    -2.623091670
    -0.793442330     0.685773770     0.030531946
     0.150899929     0.477151335     0.008988177
     0.143360599     0.479381275     0.007279224
    -0.750538136    -0.048292619    14.820247231
    -0.897061402     0.426066865     1.014300203
     0.658889594     0.056398053    -4.483498674
    -1.219554080     0.072880835    22.822293588
     1.744893897     0.221212566     4.294756569
     1.937340806     0.591772879     8.370334240
     0.773871167    -0.265947476    -1.325554866
    -0.900288473     0.394059096    -0.130053525
    -1.275218322     0.119473136    23.517611699
     1.785904106    -0.105519005     4.666397033
    -0.413914083     0.406438753    -2.355917404
     0.963069873     0.008295019    -2.327913971
     0.027919279     0.632179470    -1.270561764
    -0.831574132     0.490384666     0.036939136
     1.581038638     0.296731395     0.289750254
    -0.778081516     0.312874782    -1.375355566
     0.815912142     0.813028084    -0.363139640
    -0.495367892     0.343653586    -5.182407441
    -0.360105504     0.450210322    -3.242225128
    -0.929150707     0.210785074     1.674377173
     1.506360914     0.282548529    -0.767778403
     0.135840450     0.481654886     0.008985620
     0.843812735     0.642057468    -1.352169950
    -1.105960074     0.170996830    19.549547602
    -0.992188514     0.198551169    16.836512083
     1.519612987    -0.093389090     0.918571811
     0.969080151     0.055224005    -2.922664012
    -0.610160118     0.249286581    -1.452246541
     1.003845232     0.502162399    -8.079368357
    -0.911119390     0.221790710    14.822644051
    -0.774041503     0.264801016    11.473258011
     0.922826478     0.420919446    -3.899252134
     0.128258364     0.483729095     0.008985381
     0.848581336     0.597231071    -1.864507130
    -0.782625711     0.285723035    11.462283800
    -0.807887176     0.314818936     1.918806813
     1.536439320     0.547947803    -2.972142175
     1.179226582     0.059711743    -6.160325582
     0.193160399     1.169457657     1.468399279
    -0.682400540     0.201518923    -0.623884995
    -0.595618563     0.161732265    -1.463842123
     1.177562962     0.114099723    -5.295682409
    -0.678224173     0.346867819     8.904669510
    -1.005595941    -0.412248890     1.292116243
    -0.746384683     0.435867030    10.418090217
    -0.108719129     0.538198566    -2.316649877
     0.120644508     0.485683996     0.008985298
     1.161551073    -1.287097842     3.511661901
     1.374329644    -1.201875647     5.006514607
    -0.628123912     0.166585776     8.038068394
    -0.707743885     0.339497264     9.085385932
     0.759104655     0.470085192    -0.393205998
     0.113000875     0.487519197     0.008987781
     0.312937882     0.829977084     0.826124686
     1.947983691     1.095792634    -0.020991097
    -0.638452603     0.119573451     8.267571903
     1.077213594     0.907416271     0.432413591
     0.105329299     0.489233893     0.008985750
     0.460648700     0.920078261     1.585812118
     1.063920752     0.184819771    -4.380539936
     1.070287647     0.085096064    -2.668959723
    -0.418148875     0.348784506    -1.484544095
     0.162902658     0.688777085    -0.108271509
     0.733477100     0.804232099    -0.445523255
     1.093391349    -0.051404958    -1.982486402
     2.508872945    -0.012974769     2.886723451
     0.725553964     0.430470178    -1.560440094
     0.721389364     0.649602108    -0.648314990
     0.097631744     0.490827923     0.008984640
     0.460508882     0.573912552    -3.345425290
     0.089910137     0.492301054     0.008987683
     0.524235514    -0.069657548    -2.959498022
     0.082166431     0.493653257     0.009001681
     0.812508627    -0.290824052    -0.987077319
     1.766308063    -0.233070733     2.379915870
     0.074402429     0.494883653     0.009015492
     0.989771584     0.861839918     1.284920066
     0.075543840     0.835613111    -0.861191614
     0.494737655    -0.610518233     2.030128149
     1.992486690     0.075553736     3.494787609
     0.894878360     2.471639075     0.432055575
     1.666462929     1.515586819     0.649216744
     0.397636025     0.911954971     1.509341869
     0.473179448     0.379398777    -2.646664751
     0.184081136     0.475456450     3.580585111
     0.003827443     0.829164248    -1.892909221
     1.788778476     1.712007276     0.455274050
     0.210323968     0.505967889     4.649791031
     0.503294167     0.500477057    -1.129850082
     0.525881531     0.468199127    -1.006305019
     1.654959616     0.836533896    -1.513902264
     0.778349470     0.491706054    -0.155006635
     0.632795494     0.285588211    -2.530918288
     0.605697967     0.365600477     0.083329692
     1.038690246     0.535840030    -2.516657330
     0.162395736     0.493115906     3.618783568
     0.288015300     0.645071720    -1.537917779
     0.280561670     0.588733090    -1.587518395
     0.456967873    -0.348883623    -2.138703273
     0.142526428     0.766707808     1.947199921
     1.149844887    -1.022294457     4.867611568
     0.312954781     0.593940191     8.113503270
     0.054737170     0.780717704    -0.672010387
     0.270197900     0.582859700     7.240564463
     0.241190326     0.659148991     0.386934922
     0.274609666     0.602285154     7.709660999
     0.247575516     0.604934752     7.347228663
     2.032636188     1.521981627     0.340624179
     0.984077856     0.425285996    -3.533874248
     0.763342961     0.812049138     0.510654206
     0.523629347    -0.293403825    -1.469137336
    -0.554910580     0.006232223     0.446119795
    -0.249060894     0.664549220    -2.638482726
     0.227109132     0.601883859     7.042996440
     0.066619926     0.495991049     0.009011161
     0.234104870     0.619641113     7.556688508
     0.095393662     0.539050988     4.057403732
     0.804735900     0.558507282    -0.242777884
     0.242026377     0.846761029     0.186973001
    -0.819674721     0.013153226     1.060037288
    -0.129442506    -1.368573338     4.845509558
     0.125538183     0.581921602     5.530582283
    -0.744154484     0.120148778    -0.480733219
     0.608105883     0.649028152    -2.560234472
     0.035344836     0.499194076     0.008984147
     0.326964179     1.064609229     2.110742474
     0.047433725     0.530495799     3.484018550
     0.389081200     0.803176061     1.455914032
     0.012539537     0.502833967     2.561115771
     0.737468109     0.581198939     1.445089141
     0.327170259     0.888465658     3.182926567
    -0.848875000    -0.400463324     3.706127475
     0.743991644     0.632212184    -0.617837954
     0.019647333     0.500058008     0.008985074
     0.002959967     0.507412273     3.056785578
     1.591223220    -3.459836909     0.428212161
     0.098375761     0.661007540    -0.628473092
     0.657734952     0.527759346    -1.210758581
     0.116642320     0.644972346    -0.608449284
     0.527464995     0.543933121    -1.016318600
     0.031961093     0.524107868     3.927267363
     0.064390778     0.534522107     4.775858286
     0.064662185     0.503363808     4.348786473
    -0.614671014     0.094257785     0.121356443
     0.631882296     2.330246798     0.163807731
     0.295653875     0.533123831    10.122199904
    -0.236384735     0.465278679    -2.891597881
     0.640571994     0.914163509     0.755229618
    -0.382495395     0.999745779    -2.502950867
    -0.003930436     0.500428403     0.008985186
    -0.011790339     0.500304930     0.008985191
     0.223049550     0.738240736     1.154907310
    -0.019647338     0.500058141     0.008987718
    -0.027499479     0.499687719     0.008985231
    -0.305843105    -1.071630356     4.475116934
     2.308662745    -2.093449328     1.631954377
     1.053336283     0.853967135     0.468899459
     0.333439331     2.338573808    -0.185643707
     0.376237668     1.000971670     2.012748647
    -0.496979531    -0.093494647     0.770393259
    -0.165450561     0.579217447    -2.858268197
    -0.895547632     0.005005044     1.859144574
     0.848688176    -0.675255367     1.907374209
    -0.302307533     0.815350125     8.933408130
    -0.336337224     0.496068140     2.546643000
    -0.035338796     0.499108772     0.007273790
    -0.540542094    -0.942136172     7.484921232
     0.064835272     0.750015601    -0.994577152
    -0.043181481     0.498577378     0.008985318
    -0.051007466     0.497837594     0.008985119
     1.408144508     0.893740317    -0.825114604
     0.139488258     0.515143845    -2.993325598
    -0.058820867     0.496974994     0.008985272
    -0.066619754     0.495989766     0.008985273
    -0.647881859     0.307295640     4.464839889
    -0.074402224     0.494882291     0.008987930
    -0.082166296     0.493652448     0.008985269
    -0.089910115     0.492300935     0.008985273
    -0.097631750     0.490827954     0.008985273
     1.302580775    -0.205130378     2.054526782
    -0.105329296     0.489233869     0.008985274
    -0.113000853     0.487519073     0.008985274
    -0.297462723     0.487083012    -3.385902509
    -0.120623893     0.485600991     0.007274773
    -0.633836756     0.150695946     3.611380995
    -0.128258469     0.483729199     0.008987943
    -0.190790144    -1.245819298     4.394825787
    -0.744356537    -0.002584141     6.414100175
    -0.261446090    -1.234507892     3.300654481
    -0.135840759     0.481655052     0.008990497
    -0.143364744     0.479380433     0.007286826
    -0.225666198     0.541132304    -3.338604860
    -0.639072876    -0.139759434     5.701569492
    -0.400840199    -1.288649249     2.045748531
    -0.303799586     0.528509929    -3.062908237
    -0.150902658     0.477150330     0.008985472
    -0.327393706     0.563321744    -2.489112780
    -0.649616358    -0.791196252     6.013190357
    -0.604410933     0.048073515     3.024116379
    -0.701250966     0.638400154     1.865984217
    -0.910565193    -0.237254748     2.512799071
    -0.488141682     0.507165965    -2.708483829
    -0.158349264     0.474641266     0.007282256
    -0.987600596     0.144689892     2.063085458
    -0.142306313     0.646123272    -3.151091259
    -0.165814178     0.472175495     0.008985275
     0.855532696     0.755947314    -0.456566786
    -0.173164625     0.469442430     0.007349460
    -0.180385883     0.466768413     0.008342051
    -0.452567075     0.552151932    -2.481981119
    -0.750542303     0.484296386    -1.810842970
    -0.187803017     0.463868257     0.008979258
     0.224350217     1.206810814     1.446465057
    -0.565130408     0.139784263    -1.055408400
    -0.626848142     0.542470131    -4.298315243
    -0.604648948    -0.363209488     8.731241167
    -0.654700188    -0.363042737     9.182125992
    -0.135140788     0.580494228    -3.797684393
    -1.316785670     0.228454822     5.991297981
    -0.202233313     0.458358137     0.019901457
     0.071259709     0.905861739     0.230110496
    -0.641446659    -0.362804058     8.890133912
    -0.915863419     0.351294873     1.387619350
    -0.209222960     0.454692889     0.010502979
    -0.207483778    -1.070862853     6.838879116
    -0.648336362    -0.410392740     9.776067218
    -0.656659657    -0.465060380    10.828702080
     0.792533742     1.882754095     0.435269826
    -0.628583250    -0.448959579    10.083994805
    -0.597518320    -0.414547440     8.933755469
     0.999885159     2.013417294     0.993364251
    -0.517512681    -0.248211361     4.510528124
    -0.321976481     0.553951848    -2.842759549
    -0.475572779    -0.191776139     2.738936380
     0.946990991     2.290371648     0.720705154
    -0.622102430    -0.828973556     4.586407394
    -0.216534120     0.451184393     0.009192164
    -0.223659344     0.447685362     0.009018182
    -0.230683526     0.444105457     0.008995396
    -0.403274401     0.459032615    -3.200973604
    -0.237636548     0.440423738     0.008988435
    -0.933419161     0.100021654     3.132439785
     1.860759799    -1.600727277     3.353877894
     1.623069727    -1.554327047     3.725413019
    -0.844595633     0.235263555    -0.222439699
    -0.244526764     0.436635658     0.008985209
     0.135159847     0.844079351    -0.826950489
    -0.251355480     0.432740636     0.008985195
    -0.258121816     0.428739042     0.008985245
    -0.908789891     0.514975824     0.995301599
     0.762746298     0.589178956    -0.373301673
    -0.264824433     0.424631835     0.008987981
     0.153382837     0.745522034     1.450230308
    -0.275144085     0.453974605     3.860152434
    -0.012209798     0.652235867    11.064831405
    -0.271461545     0.420419641     0.008985383
     0.840107214    -1.466833489     3.538385645
    -0.378956097     0.686892657     9.605804358
    -0.823498678    -0.052397871     1.663692056
     0.214438804     2.771576277    -0.157442725
    -0.278031779     0.416103823     0.008985710
    -0.363676980     0.654888073     9.257063055
    -0.926583778     0.114740054     1.064815531
    -0.284533532     0.411685306     0.008986923
     0.110601647     0.758617788    -0.169435999
    -0.290965513     0.407165202     0.008993117
    -0.488475416     0.711328803    11.023545663
    -0.297326795     0.402544365     0.009008235
    -0.303618054     0.397824052     0.009062404
    -0.918547068     1.100230399    21.955178101
     0.174632276     1.377613649     0.995433321
    -0.309843114     0.393006541     0.009242186
     0.646194947     1.405109057     1.171230060
    -0.724671060     1.062980761    19.899123645
    -0.316010141     0.388097828     0.009750480
    -0.646569982     0.559255185     9.477515064
     0.944617744     1.568346517     0.869017884
    -0.322125134     0.383115113     0.010938475
    -0.874875626    -0.083829005     2.247862287
    -1.006526248     0.072778192     2.152870075
    -0.600916584     1.275369589    24.002114535
    -0.328161259     0.378078615     0.012765509
    -0.333333769     1.573985828    -1.114908870
    -0.581192243     1.394094981    26.575196342
     1.084254849    -1.540981913     2.771584198
    -0.127821328     1.678002550     0.005105895
    -0.334049192     0.372957225     0.013818103
     1.178438442     0.476270209    -3.698536703
    -0.568114575     1.412714565    27.086442787
    -0.560827817     1.472095511    28.462207280
     0.558185830     1.765670506     0.179479778
    -0.543042962     1.450161565    28.130843993
     2.885848389    -1.848302098     2.355080761
    -0.884971251    -0.121068715     6.719066912
     1.444219430     1.721062940     0.777871449
    -0.339786212     0.367668297     0.012793383
    -0.543768690     1.512295557    29.580884343
    -0.620449231    -0.919841146     1.715846648
    -0.527401695     1.453791470    28.493449588
    -0.345453989     0.362221812     0.010964600
    -0.284325735    -1.461415859     3.328824026
     1.115528930     1.424238233     1.692800209
    -0.523237089    -0.075394295     1.916095697
    -0.531450240    -1.340868668     1.170573526
    -0.513350084     1.542755597    30.496849407
    -0.351077217     0.356690101     0.009764591
    -0.356633016     0.351098469     0.009249107
     0.997579091    -2.093700697     0.935512037
    -0.696494850     1.819721008    -0.963834246
    -0.310531194     1.871211801    -0.401205389
     1.218983837    -2.318890074     1.721596874
    -0.362105346     0.345439552     0.009079721
    -0.505919694     1.527267083    30.323429698
    -0.472726129     1.533281970    30.595921845
    -0.674015165    -1.845088251     0.266545393
    -1.171711914     1.794380310    -1.422451813
    -0.367488912     0.339704291     0.009046539
    -0.421828836     1.575866936    31.661619825
    -0.419115886     1.760022189    35.653357506
    -0.365085227     1.745509696    35.567202879
    -0.893509251    -1.902726651    -0.154558472
    -0.229219550     2.080357358     0.330535173
    -0.226602667     1.708291501    35.266744147
    -0.372782414     0.333889086     0.009077399
    -1.299110716     1.651084119    -1.893800612
     2.279788484    -2.925221200     0.988918185
    -0.990788397     1.837221361    -0.890321899
    -0.524485396     2.037682287    -0.722671183
    -0.018028629     1.842880207    39.023894756
    -0.443924605     0.590493244    -2.009348072
    -0.415890871     0.458730308    -2.031035361
     0.460077702     2.071850342    46.906856127
    -0.377984750     0.327994175     0.009157329
    -0.613354903     0.622709673    -2.238870244
    -0.124610021    -2.261919223    -0.237654307
    -0.478865380     0.547290851    -3.038308995
    -0.383042079     0.321973707     0.007871451
     2.062857411    -2.228308600     2.922873517
    -0.388011500     0.315888550     0.006876141
    -0.771344272     1.838474226    38.809138091
    -0.392958034     0.309788541     0.007804599
    -0.397830178     0.303615216     0.009125356
    -0.402551075     0.297320348     0.009039589
    -1.139967791    -2.277205350    -1.225037642
    -0.407136918     0.290872749     0.007454321
    -1.520723710     1.643128227    40.796574819
    -0.411744588     0.284446615     0.008974363
    -0.416560343     0.277175309     0.007098042
    -0.420926400     0.270519087     0.007320766
    -1.757135550     1.628755760    43.527930205
    -2.156768622     1.665128044    -1.391043700
    -3.031287935     1.055819002    -1.171053540
    -2.504011560     1.339983289    50.515275248
    -1.970938752     1.596067727    46.155724594
    -1.644392369     1.824191447    46.145547964
    -0.428695558     0.258032628     0.007320242
    -1.220474924     2.349656557    52.640404975
    -0.432612707     0.251567286     0.008902856
    -1.140133133    -0.018893693     0.531820614
    -2.179736695     1.804687668    52.698254958
    -3.172250944     1.237197671    61.740575034
    -2.639527963     1.460127824    55.190332258
     1.634784416    -1.916190311     1.746784540
    -2.524757877     1.686812355    56.467684463
     1.042528160    -2.296781544     0.524154409
    -0.952102226    -0.946398990    -0.353106967
    -0.440561462     0.237216533     0.007431275
    -0.444081499     0.230518222     0.007047013
     0.603269077    -2.536987656     0.681533775
    -2.404907218     1.717526709    55.273503150
    -0.447661295     0.223664534     0.008633973
    -2.206409306     1.662100731    51.799133502
    -0.056141137    -3.329604780    -0.538250413
    -1.948888065     1.709930000    49.265495571
    -1.248331044    -1.009153256    -1.138696100
    -1.496604409     2.048096467    50.469554830
    -1.699476100     1.981407813    -0.662998093
    -0.451071708     0.216619057     0.007895428
     3.426115087    -0.681732117     3.788424119
    -2.438561384     1.344217181    51.510225078
    -3.005162072     0.837546367    -2.428845526
     3.444151053    -1.670412805     2.484035334
     0.965704869    -0.051558958    -1.034087328
    -0.454403633     0.209477746     0.007377527
    -2.720470650     0.642110781    49.677923064
     0.443173264    -2.997737105     0.095078883
    -0.457674013     0.202305865     0.007968663
    -2.533602126     1.276498345    -1.718420256
    -0.460819927     0.195114833     0.008600889
    -3.205408919    -0.156285138    56.218090596
    -1.945597196     1.720825160    -0.882213689
    -0.463831933     0.187878655     0.008873597
    -2.277834059     1.335291381    -1.536627108
    -2.743650532    -0.026164251    47.253517333
    -2.451247377     0.465496689    -2.096448453
    -2.589512197     0.002719543    44.340852391
    -0.943099590    -1.184110419    -0.384757493
    -3.782506119     1.582463145    77.841644789
    -0.466713905     0.180611806     0.008954438
    -1.235690304    -1.159962500    23.889870295
    -0.469448786     0.173379434     0.008956968
    -0.488604151    -1.652381685    25.497575382
    -0.473857571     0.160188912     0.004216465
    -0.068574670    -1.699657162    26.203322931
    -0.802364801    -1.087880807     0.013057626
    -0.434617922    -1.631063540    24.699916873
    -0.476856653     0.151471770     0.006833420
    -0.125485600    -1.754655888     0.951010929
    -0.262663035    -1.530600626    22.264564807
    -0.195116855    -1.788587858    27.415892399
    -0.785746871    -1.801925073    -1.446475597
    -0.213117785    -2.036108296    32.319879462
    -0.481662711     0.135860571     0.009245500
    -0.483733993     0.128265229     0.009115261
    -0.485686650     0.120646865     0.009048179
    -1.099614496    -1.825461081    -1.392229692
    -0.487518930     0.113001339     0.008984683
     0.170200532    -2.036981103     0.831569970
    -0.489150004     0.105312258     0.007273819
     0.244899673    -1.899581173    30.867533822
     4.545691241    -2.612534593     1.539900129
     1.047966954    -1.319152565     2.674005975
    -0.490828073     0.097631819     0.008987868
     0.038109645    -2.282955165    37.437308900
     1.116545319    -1.663862272     2.540119530
    -0.492300932     0.089910128     0.008985252
    -0.493568017     0.082152294     0.007273594
     0.599744398    -2.034990728    35.664903136
    -0.353554952    -2.051549158    -0.099270843
    -0.494882159     0.074402205     0.008985271
     1.770099288    -1.202383254     2.977518785
    -0.495989871     0.066619769     0.008987403
    -0.496890088     0.058810820     0.007275307
    -0.497837734     0.051007480     0.008987934
     0.993267141    -1.275009746    28.153448785
    -0.498492196     0.043174103     0.007275313
    -0.499194132     0.035344840     0.008985273
    -0.499602352     0.027494781     0.007275314
     1.132413005    -1.111888089    28.511272708
     1.720832826    -1.709395975     2.807703019
     1.254230165    -1.899076681     1.618205044
     0.607672010    -1.255385979    21.541272350
     2.302519183    -0.408967010     3.043584206
     1.861473058    -1.002474262     3.708683754
    -0.009200829     0.876801289    -1.491370926
     0.407557166    -1.536968967    23.991984406
     1.114338646     1.163087497     1.005487530
    -0.500058151     0.019647338     0.008987934
    -0.500304983     0.011790340     0.008986248
     0.959555443     0.645021247    -1.493659095
     1.826366549    -0.523637906     3.770513073
    -0.500428523     0.003930437     0.008987586
     1.021218812     0.902365875     0.527806178
    -0.500428408    -0.003930436     0.008985273
    -0.500304934    -0.011790339     0.008985273
    -0.500058018    -0.019647333     0.008985273
    -0.499687721    -0.027499479     0.008985273
    -0.499194132    -0.035344840     0.008985269
     1.172561305    -1.197911806     3.235652784
     0.040057028     1.074174998    -0.013368962
     1.040660708    -1.404967955    29.616433157
    -0.498577508    -0.043181492     0.008987932
     2.896372764    -0.732704241     4.088784114
    -0.497837602    -0.051007466     0.008985269
    -0.496975126    -0.058820882     0.008987932
     1.269906257    -1.369148792     3.193821219
    -0.495989898    -0.066619772     0.008987934
    -0.494882159    -0.074402204     0.008985273
     0.983108438    -1.395123868    28.326131226
     0.421304251    -2.315518925     0.151752418
    -0.493652579    -0.082166318     0.008987934
     1.370252670    -1.849173611     2.583745887
    -0.855784403    -0.867097253     0.373140261
     1.056112680    -2.610209141     0.595664717
    -0.256815038     1.281485408     0.596420446
    -0.151557528    -2.770248549    -0.880486345
     2.105007853    -1.725932091     2.829400524
    -0.849540063     0.818173685    -0.584130254
    -0.489233869    -0.105329296     0.008985269
    -0.487519073    -0.113000854     0.008985274
     0.165894931     1.659497469     1.999311801
    -0.485684118    -0.120644562     0.008987935
    -0.483646429    -0.128236531     0.007275376
    -0.481572435    -0.135817481     0.007273823
    -0.479461684    -0.143389449     0.008985290
    -0.477068696    -0.150877042     0.007274302
     1.472673143    -1.011195011    32.815664343
     0.168058137     1.150763422     2.891776711
     2.297501219    -1.185030993     2.064400140
    -1.147895299     0.252022279     0.827097391
    -0.474639989    -0.158351921     0.007274862
     2.887143988    -0.586993373     4.904415952
    -0.472174861    -0.165816015     0.008985482
     1.845339442    -2.135812977     0.529756110
     0.383135851    -2.654103379    -0.385417083
     1.497551877    -1.363177548    36.168863119
     1.564110438    -1.610007045    39.879142089
    -1.065391494     0.656363390     0.374454180
    -0.469431995    -0.173182678     0.007278614
     1.350933976    -1.945055949    40.883350208
    -0.466733604    -0.180565622     0.008988501
    -0.463760696    -0.187842478     0.007281440
    -0.460831491    -0.195136930     0.008986175
    -0.457709564    -0.202351279     0.008986175
    -0.454474697    -0.209515698     0.008986047
     1.767637076    -1.178792116    38.963949097
     1.560820970    -1.817785672    41.867443725
    -0.451127812    -0.216628480     0.008988505
    -0.447593054    -0.223649496     0.007278628
    -0.444100607    -0.230691787     0.008985479
    -0.526141443     1.331575090    -1.690802591
    -0.440347014    -0.237598313     0.007274869
     1.791671232    -1.363760154    40.502162011
    -0.436635257    -0.244527491     0.008985323
     1.993942386    -0.950101944    41.260448344
     1.803849152    -1.754507928    44.367314850
     3.043097837    -0.812547776     4.312471092
     3.312708927    -1.178900485     3.232823338
    -0.432740633    -0.251355760     0.008987955
    -0.428739232    -0.258122012     0.008990515
     1.756405368    -0.099774859     2.512081139
     2.434038658    -1.959269553     3.031641774
     2.042133779    -0.259850346    -0.315902986
     1.881849451    -2.275111630     0.364185752
    -1.166805795     0.734165572     0.141846468
    -0.424631935    -0.264824511     0.008990510
    -0.420419758    -0.271461599     0.008987935
    -0.700610648     1.514025221    -1.780087784
    -0.416103848    -0.278031702     0.008985273
     2.295604219     0.088158301     2.787896082
     2.070494496    -0.309319301    41.093722796
     0.709293820    -0.359675323    -3.010390103
     0.729100293    -0.359648928    -1.113807194
    -0.613840068     1.214180512    -3.318490294
    -0.411685381    -0.284533278     0.008985272
     2.106762904     0.165317650    43.438456258
     1.980314626    -0.304184435    38.785220142
     2.877027539    -0.925200836     3.286165758
     2.066678245     0.397038771     2.370996332
     2.376220232    -0.088962426     1.702019325
     2.555711334    -1.174742678     3.731230623
     2.159049925     0.182021828     2.730083146
     2.400880401    -1.074845462     4.145754880
     2.215300969    -0.920755992     3.926099416
     2.104934351    -0.785235880     3.928995220
     1.815742435    -0.603854782    35.187770936
     3.411410780    -2.436150252     1.592399580
    -0.407095690    -0.290914915     0.007273635
     2.027606145     0.301088360     1.446759714
     1.780844136    -1.049116631    36.191990898
    -0.402544829    -0.297324233     0.008985261
     0.532184833     0.038721512    -3.475276290
    -0.397756827    -0.303558703     0.007273444
    -0.393006971    -0.309821811     0.008985157
     1.834355337    -0.443041759    35.012020018
    -0.388024616    -0.315903879     0.007273129
     1.112493698     0.240672732    -7.149354773
    -0.383080814    -0.322014210     0.008985709
    -0.377975197    -0.327994017     0.009010957
    -0.372775643    -0.333898198     0.009098122
     0.135183894     1.010073471     0.693010196
     1.701117658    -0.049584344    33.039705785
     1.686781965    -0.711964656    31.946206179
    -0.367462938    -0.339726106     0.008961287
     1.918712134    -0.451337436     3.506385814
    -1.606246352    -0.320545994    -1.101255380
    -0.361944315    -0.345525455     0.007936549
     0.079651408     0.783139416     0.383770020
     1.278872752    -0.303373387     1.732677415
    -0.356326327    -0.351369865     0.008693031
     0.354605544     1.106715673     2.599326622
    -0.345638743    -0.361823680     0.008883707
    -1.205575344    -0.670227277    -0.655642856
    -0.145864520     0.864839827    -1.796929334
    -0.090756253     1.195828358    -0.480836829
     0.057605822     1.552961656     0.424677173
     0.729110379    -0.142510468    -2.157346095
     1.342747157     0.009056467    25.590094017
    -0.339400621    -0.367776802     0.009158962
    -0.333574540    -0.372960831     0.007543290
    -0.327965914    -0.378001166     0.009034917
     1.066412360     0.371449045    24.124989003
     1.120168523    -0.096799239    19.697414817
    -0.322005901    -0.383088661     0.008998914
    -0.315889372    -0.388037940     0.007296607
     0.679307041    -0.121811826    -2.894435468
    -1.105271577     0.492574598     0.266245784
    -0.592872606     0.957641317    -2.707269237
     1.082930151     0.354202143    23.670615543
     1.405214408     0.034704668    25.787331961
     1.389302600    -0.097589154    24.469383428
     1.255492492    -0.369105537    20.716454354
    -0.309821074    -0.393007640     0.008986550
    -0.303610245    -0.397825187     0.008985687
    -0.297324245    -0.402544992     0.008988023
    -0.211836307     1.418810794    -0.911323533
    -0.290914691    -0.407096003     0.007276125
     0.936959303     0.029545153    15.882223206
     2.783889172    -1.307084232     2.894072050
     1.005271255    -0.247108838    15.229259580
     1.101353327    -0.553517461    17.340405588
    -0.284533270    -0.411685384     0.008985232
    -0.278031698    -0.416103845     0.008985193
    -0.271415097    -0.420347770     0.007273915
    -0.264779084    -0.424559107     0.007273837
    -0.258121874    -0.428739002     0.008985165
    -0.251312702    -0.432666504     0.007273421
    -0.244432525    -0.436465838     0.005100920
    -0.237598320    -0.440346946     0.007273743
     0.601632350     0.173527005    10.551494337
    -0.230691787    -0.444100595     0.008985261
    -0.223649485    -0.447592879     0.007275403
    -0.216628475    -0.451127782     0.008987926
    -0.209515797    -0.454474896     0.008990479
    -0.202351316    -0.457709643     0.008987933
    -0.195103572    -0.460752719     0.007275294
    -0.187842283    -0.463760356     0.007273685
    -0.180565556    -0.466733456     0.008985273
    -0.173182558    -0.469431864     0.007275314
    -0.165816050    -0.472174978     0.008987934
    -0.158351917    -0.474640101     0.007276958
    -0.150902894    -0.477150519     0.008990507
    -0.143389523    -0.479461934     0.008990507
    -0.135840773    -0.481655049     0.008990507
    -0.128258506    -0.483729322     0.008990507
    -0.120623938    -0.485601092     0.007276953
    -0.113000884    -0.487519203     0.008987934
    -0.105329296    -0.489233869     0.008985273
    -0.097615087    -0.490744180     0.007276954
    -1.231362449    -2.052526152    -1.431829972
    -0.089910162    -0.492301192     0.008990507
    -0.082152272    -0.493568191     0.007276954
    -0.074402204    -0.494882159     0.008985264
    -0.066619772    -0.495989897     0.008987930
    -0.058810818    -0.496890089     0.007275311
    -0.050987670    -0.497644384     0.005100675
    -0.043174110    -0.498492278     0.007276954
    -0.035344859    -0.499194393     0.008990507
    -0.027494786    -0.499602434     0.007276954
    -0.019647343    -0.500058280     0.008990507
    -0.975540740    -2.020502984    -0.982543467
    -0.011790345    -0.500305196     0.008990507
    -0.003930438    -0.500428669     0.008990507
     0.003930438    -0.500428669     0.008990507
     0.011788327    -0.500219542     0.007276954
     0.019647333    -0.500058018     0.008985273
     0.027494786    -0.499602434     0.007276954
     0.035344859    -0.499194393     0.008990507
    -0.320218981    -1.719785175     1.329942192
    -0.290843058    -1.640824915     1.412597303
     0.043181503    -0.498577636     0.008990507
     0.951589955    -0.848432534     3.475866116
     0.050998760    -0.497752631     0.007276954
    -0.203690855    -1.591060532     2.664864787
    -0.273674745    -1.540567491     2.417079871
     0.058810808    -0.496890008     0.007273685
    -0.236298653    -1.483675131     1.884170552
     0.066619754    -0.495989766     0.008985273
    -0.035794054    -1.472524119     3.720554803
     0.074389481    -0.494797531     0.007273685
     0.082152272    -0.493568191     0.007276954
     0.089910162    -0.492301192     0.008990507
     0.117192036    -1.431424968     4.818030846
     0.097631801    -0.490828211     0.008990507
     0.105311319    -0.489150367     0.007276954
     0.645033596    -1.054610514     4.819606015
     0.113000884    -0.487519203     0.008987934
     0.120644530    -0.485683989     0.008985273
     0.128258439    -0.483729069     0.008985273
     0.135840702    -0.481654797     0.008985269
     0.143389448    -0.479461683     0.008985269
     0.150877034    -0.477068751     0.007275311
     0.158378992    -0.474721252     0.008987930
     0.165816006    -0.472174852     0.008985264
     0.173212150    -0.469512077     0.008985264
     0.180534678    -0.466653641     0.007273679
     0.187801494    -0.463659653     0.005100675
     0.195061175    -0.460652595     0.005100675
     0.202272727    -0.457531877     0.005100675
     0.553564156    -0.857852252     3.372801459
     1.888262130    -1.063387966     3.580740935
     0.209434372    -0.454298271     0.005100675
     0.216544341    -0.450952573     0.005100675
     0.223649445    -0.447592801     0.007273647
     1.997501050    -0.833098097     3.417714587
     0.437701707    -1.009839245     3.871831068
     1.844937637    -0.461219771     3.965175285
     0.244432587    -0.436465790     0.005100675
     0.251258138    -0.432572564     0.005100675
     0.258021696    -0.428572607     0.005100675
     0.271415051    -0.420347667     0.007271685
     0.278031695    -0.416103837     0.008985011
     0.284484668    -0.411615050     0.007275370
     0.290912789    -0.407092769     0.007201379
     0.299530247    -0.402969300     0.042118850
     0.308967681    -0.393816349     0.011176623
     0.315508021    -0.388436491     0.008675516
     0.473686463    -0.786207649     2.267434764
     0.321942655    -0.382945333     0.005990746
     0.328663692    -0.377416217     0.009375901
     0.339385739    -0.368442074     0.018751342
     0.351017014    -0.356574555     0.007273012
     0.356635559    -0.351077085     0.008985321
     0.223513208    -0.517691846    -1.330220633
     0.362044080    -0.345372981     0.007274093
     0.367346442    -0.339575313     0.005203152
     0.373608637    -0.332951573     0.008939103
    -0.007938225    -0.664156950    10.081251748
     1.370677045    -1.161811369     5.105552018
     0.382933303    -0.322203747     0.009168868
     0.390332318    -0.317398285     0.061938827
     0.832132607    -1.063216765     2.523740150
     0.393339998    -0.310427868     0.021722820
     0.397375758    -0.304096450     0.007757060
     0.402159153    -0.297524712     0.005168964
     0.406892501    -0.291006293     0.005031360
     0.411472884    -0.284493965     0.005042359
     0.415923447    -0.277948392     0.005059666
     0.420261083    -0.271346836     0.005076848
     0.424573616    -0.264753561     0.007249956
     0.428767778    -0.258077677     0.009022411
     0.432794493    -0.251126671     0.007620174
     0.288327569    -0.589884855    -0.304878089
     0.436954141    -0.244009201     0.009499627
     0.443839273    -0.231146692     0.008552218
     0.447396721    -0.223834580     0.005423207
     0.450902085    -0.216658530     0.005179617
     0.454273279    -0.209490522     0.005117055
     0.457519733    -0.202300389     0.005102260
     0.460646872    -0.195074735     0.005101049
     0.463657227    -0.187807967     0.005104311
     0.466551778    -0.180498242     0.005110703
     0.141663109    -0.802606611    11.809396722
     0.104566729    -0.857114092    13.406005109
     0.486084476    -0.132725887    -1.469773791
     0.513007865     0.108483999    -3.438436211
     0.704578512    -0.062675949    -2.869266811
     0.499099091     0.151891390    -7.738824423
     0.853578726     0.212394101    -2.525311786
     1.067112384     0.645573841    -1.872484162
     0.247349008    -1.218661951     2.852770344
     0.090252741    -1.378861554     5.705978127
     0.194784615    -1.387389389     4.139663739
     0.226474766    -1.369878706     4.727525351
     0.135149787    -1.359545676     5.536294299
     0.131333096    -1.308072977     4.691141349
     0.212737008    -1.303977306     4.385214673
     0.291692377    -1.294167708     4.097715297
     0.129704694    -1.244592416     3.875683488
     0.575956137    -1.454276956     4.152837843
     0.491282748    -1.408521103     3.467122154
     0.444041227    -1.344183191     4.189950699
     0.367357031    -1.262876638     2.665290306
     0.315508313    -1.250864609     3.165090786
     0.216158838    -1.187394455     2.884926369
     0.278455545    -0.462741635     0.582444730
     0.627631071    -1.278844554     3.682798756
     0.761896208    -1.271240110     3.932124502
     0.912136162    -1.309346264     3.415329115
     1.007582024    -1.203883819     2.919909292
     0.083780361    -0.926594411    15.181547986
     0.073113529    -0.994501538    16.825109953
     0.880462513    -1.526320508     3.240519953
     0.302776997    -0.421760528     0.657064755
     0.252897862    -0.464127422     0.142238897
     0.472174978    -0.165815976     0.008987440
     0.509374357    -0.067072338    -2.197297638
     0.661030815     0.348395213    -2.612117082
     0.635242853     0.077957745    -1.513942104
     0.595874277     0.351393565    -1.782077713
     0.533893895     0.263085741    -2.850220154
     0.474641013    -0.158351557     0.007291988
     0.558857137     0.463302203    -1.058072569
     0.661310108     0.580835217     0.311983598
     0.556441125     0.375700679    -4.599795973
     0.643083094     0.621665921    -0.701296274
     0.764003018     0.912186376     0.143035299
     0.650866303     0.904185140    -0.402431076
     0.094598677    -0.936398983    15.594699986
     0.028185733    -1.286687936    23.419563351
     0.064463823    -1.184052805    21.232722042
     0.079715811    -1.156356745    20.710928631
     0.098110038    -1.089082534    19.347324661
     0.102786699    -1.039512449    18.436876684
     0.107801745    -0.803204649    13.568008908
    -0.006022760    -0.805961593    15.017525289
     0.477070327    -0.150876428     0.007301705
     0.470113709    -1.269140312    22.794777184
     0.369836907    -1.339015300    24.443703350
     0.363573999    -1.330328952    24.417288362
     0.388595396    -0.934740410    16.044064625
     0.385967485    -1.564989909    29.612809354
     0.414076552    -1.495757631    28.294302094
     0.479462638    -0.143389269     0.009002536
     0.485686659    -0.120643097     0.009030187
     0.487524548    -0.112995441     0.009067499
     0.489249846    -0.105313724     0.009232109
     0.490876397    -0.097598392     0.009805427
     0.492418861    -0.089875519     0.011181230
     0.493812401    -0.082195954     0.012238313
     0.494976523    -0.074473228     0.011062895
     0.496021638    -0.066664898     0.009737295
     0.496983633    -0.058839713     0.009201172
     0.497757474    -0.051013833     0.007404047
     0.498577937    -0.043183655     0.009000221
     0.499194293    -0.035345523     0.008989453
     0.499687779    -0.027499689     0.008986676
     0.500058045    -0.019647397     0.008985847
     0.500304947    -0.011790358     0.008985536
     0.500428415    -0.003930442     0.008985413
    11.511552360     0.522623355     1.036496936
     9.373622832    -1.676577756     1.316247826
     9.200746399    -1.432950560     1.277167692
     9.378707005    -1.626747233     1.242093649
     9.325752664    -1.817830540     1.364891640
     9.173590731    -1.966519715     1.299560155
     9.148111065    -2.029867749     1.183806479
     9.876409031    -0.326616957     1.030406655
     9.303340144    -2.023314143     1.279723820
     9.326954957    -1.924976329     1.314421308
    11.371576064    -0.067522506     1.010104739
    10.726800936     0.718236048     1.041799720
     8.662195819    -1.759911717     1.219516395
    10.626643663     0.856432786     1.056942023
     9.265595281    -1.613061657     1.310257339
     9.098204160    -2.123740367     1.158016209
     9.190393556    -1.507466430     1.279476288
    10.681848461     0.689374711     1.018612316
    10.215825638     0.176975062     1.035242900
     9.567517308    -1.772578813     1.240650614
    11.389126057    -0.128982366     1.035965514
     9.134351962    -1.451514347     1.318275813
    11.368547524    -0.257593864     1.067045351
    11.484709662     0.063577260     1.004265242
     9.413333233    -1.994089856     1.315558648
     8.896963218    -1.487971678     1.249322801
     9.386361440    -1.874610770     1.336747546
     9.528853941    -1.829568401     1.285626937
    10.513926110    -0.584233563     1.041570791
     8.856509960    -1.787047773     1.164460034
     9.336553170    -2.017738230     1.280731121
     8.958948967    -1.954028867     1.169786806
    11.479881814    -0.248466411     1.066327319
     9.480079050    -1.777443135     1.342788191
     9.344485428    -2.066111313     1.277085833
     9.314792234    -1.995081789     1.274416474
     8.981087668    -1.856014093     1.266612898
     9.003809506    -1.338196884     1.156147857
     9.030045239    -1.392611318     1.245247349
     9.352451899    -1.816823207     1.367592174
     9.433050898    -1.913989403     1.301796255
    11.124269606    -0.794143059     1.105239335
    11.338154202    -0.862307756     1.137993605
    11.310867630    -0.815189574     1.111411773
     9.119438236    -1.335024969     1.137767919
     9.061163093    -1.488973856     1.291065740
     9.174510690    -2.089229079     1.108033409
     9.146484742    -2.091747937     1.106106569
     9.515787539    -1.875277181     1.303274576
    11.395529782    -0.510674675     1.077727370
    11.570982435    -0.307684994     1.074056004
     9.245520164    -1.757151639     1.396363892
     9.269107462    -1.812715597     1.359712281
     9.369518350    -1.800862053     1.334252814
     9.126499324    -0.622193706     1.044008499
     8.988433130    -2.086261033     1.104874910
     9.219371369    -0.644904245     1.030948024
    11.294484845    -0.514956263     1.055275115
    11.439890937    -0.028283549     1.016735794
     9.201841754    -0.678819136     1.041077930
     9.173005899    -0.756005702     1.089207909
    11.071901924    -0.486887521     1.061342050
    10.398803608    -0.310643976     1.050833793
     9.229200751    -0.463413540     1.054106676
    11.505556728    -0.191215755     1.033362870
    11.015966179    -0.549047192     1.086961172
    11.296840392    -0.881802555     1.133889496
    11.243273005    -0.539777356     1.070597042
    11.379066260    -0.831941504     1.121442964
     8.648870952    -1.815057682     1.143142972
     8.973178429    -1.669568778     1.378187063
    11.315663535    -0.652232361     1.095958214
     9.219339600    -1.353467948     1.122207460
    10.125708147    -0.736099478     1.181621206
    10.726016585    -0.618407106     1.061603219
    10.656739791    -0.625240427     1.076181071
    10.710862035    -0.675971112     1.126132180
     9.201397747    -1.590405650     1.351596532
     9.117878255    -1.963002981     1.228146663
    10.257426950    -0.659084235     1.073093191
    10.275947865    -0.779486681     1.198017291
     9.181455634    -1.571189261     1.352498685
     8.761707311    -1.734063790     1.170766409
     9.247811507    -1.640146661     1.375968162
     9.383403844    -1.612470402     1.213110354
     9.976785259    -0.517036846     1.044172782
    10.753757797    -0.669105033     1.111871610
     9.294145125    -2.037803179     1.276026202
    10.159844094    -0.796727973     1.200716477
    10.118595055    -0.566829418     1.037402808
    10.234201825    -0.727651958     1.148574687
    10.361324211    -0.744899504     1.127540892
     9.486189559    -1.742301806     1.252018751
     9.866272382    -0.826230236     1.114278422
     8.959774363    -1.301932080     1.155214281
    11.104209524    -0.959454679     1.167659582
     9.302397307    -1.907993572     1.324545668
    10.008697971    -0.420408650     0.983623762
     9.278063916    -1.820290200     1.374310394
     9.040412875    -1.683871957     1.406863389
     9.192036366    -1.163272137     0.991317364
    10.147472633    -0.693806968     1.126270557
    10.282663461    -0.583980594     1.020123900
    10.202570705    -0.650656081     1.083926830
     9.194307938    -0.897312312     1.124107343
     9.413739322    -0.737169679     1.060370123
    10.301428951    -0.723060584     1.111302812
    10.065019904    -0.571401989     1.048701085
    10.633750578    -0.735064840     1.061468280
    10.221180093    -0.493194032     0.980380582
     9.443583425    -1.699130705     1.262785754
     9.313164281    -0.727009498     1.070302112
     9.935684399    -0.887509502     1.110036126
     8.694338182    -1.850090067     1.147586848
     8.730112006    -1.901605827     1.202042455
     9.139382797    -0.994908146     1.073259173
     9.525751401    -0.725708563     1.070855583
     9.137666976    -2.116872037     1.165564551
     9.125948123    -1.699175301     1.392034381
     8.960842977    -1.549038434     1.311261747
     9.300991967    -1.187028127     0.969879365
    10.075541944    -0.336151926     0.983445913
    10.036170524    -0.639931494     1.114662492
     8.948740285    -2.010663709     1.136490803
    10.090361418    -0.684942696     1.130475388
     9.531035556    -1.752696381     1.236926057
    10.097129794    -0.485663626     0.979264489
    10.330362368    -0.814167579     1.184870430
     8.807416373    -1.778352188     1.162919053
     9.522029907    -1.643565711     1.187528992
     9.374210793    -1.472707205     1.110297464
     9.063927048    -1.807977253     1.298933538
     9.461343367    -1.562019472     1.171578898
     9.319936405    -0.873085144     1.054055910
    10.068262701    -0.776854122     1.181489263
    10.249529714    -0.236257162     1.016725352
     9.347684402    -1.322561569     1.028848774
     9.165118367    -1.410303192     1.222364751
     9.276343425    -1.438626330     1.164619934
    10.205037261    -0.604877489     1.013058647
     9.557384318    -1.527559877     1.120286118
     9.262037288    -0.921768183     1.089060183
     9.266123145    -1.267539581     1.021960259
     9.509326513    -1.601149106     1.107269529
     9.460516322    -1.500844979     1.116680398
     9.337789894    -0.818872962     1.107946957
    10.461582903    -0.510586724     1.010479686
     9.535887290    -1.524233646     1.118702053
     9.898808988    -0.899167987     1.122408540
     9.172816039    -1.335262425     1.129019486
     9.254010148    -1.317357622     1.083467837
     8.975999008    -1.263526894     1.137055964
     9.336495090    -0.927861989     1.057012625
     9.485565487    -1.859232622     1.292176017
     8.863815123    -1.500837439     1.256313009
     9.343795081    -0.971026875     1.064542676
     8.931416504    -1.796179282     1.196532603
     9.124176212    -1.425870686     1.256919162
     9.456620793    -0.857858289     1.097178922
     9.217378450    -0.928657385     1.094250016
     9.530359999    -1.882025342     1.290672893
     9.488299346    -1.610205442     1.133575219
     9.451467840    -1.385931001     1.024599751
     9.329848963    -1.430451527     1.117647410
     9.235751558    -1.359937264     1.129746474
     9.170660748    -1.271377038     1.063958484
     8.774485145    -1.847099193     1.167855607
     9.210812675    -1.411756206     1.193855885
     9.210323497    -1.253962060     1.020651688
     9.417914080    -1.438686090     1.079824127
     9.113495537    -1.265734639     1.088645397
     8.875197147    -1.748383242     1.168409002
    10.141094319    -0.303158798     0.990468855
     9.173568284    -1.541211950     1.323769641
    10.009128202    -0.471212285     0.995113085
     9.194321485    -1.301776022     1.082443265
     9.358266693    -1.383465982     1.074975922
     9.370205801    -1.600494972     1.228490746
     9.441015344    -0.801507476     1.080984464
     9.308258094    -1.251760156     0.998544350
     9.421243094    -1.765181643     1.329108678
     9.435935183    -1.953241793     1.320897968
     9.495077441    -1.915658954     1.315739762
     9.117953809    -1.231331158     1.028128680
     9.261635453    -1.212748052     0.980453885
     9.017625661    -1.365273575     1.202629954
     9.150224480    -1.372843894     1.176450431
     9.096805645    -2.057919289     1.132152700
     9.386011359    -1.812000238     1.361726009
     9.183254477    -2.076515597     1.158136722
     9.330941144    -1.744414546     1.373618343
     9.315660705    -1.319354838     1.029391237
     9.091519438    -1.354716643     1.180928322
     9.424770194    -1.924584039     1.318252546
     9.302870044    -1.347116238     1.102560110
     9.067436567    -1.999187556     1.206605843
    11.096839134    -0.985838795     1.172897075
     9.431261258    -1.616799606     1.196909678
     9.257041308    -1.490382527     1.228255224
     9.026216786    -1.512492843     1.295239879
     9.294075535    -1.588848084     1.293055032
     8.958336197    -1.877956518     1.206374177
     9.437952713    -2.007212432     1.308119587
     9.387907358    -1.333525636     1.022609972
     9.415047791    -1.508379302     1.160923576
     9.167067995    -1.210346536     0.998713497
    11.242417877    -0.431751415     1.053238357
     9.321147719    -1.501342912     1.191542552
     9.236319979    -1.533220698     1.294668760
     9.126337291    -1.295656267     1.119561544
     9.338067049    -1.257166650     0.995951602
     9.477976421    -1.631446674     1.232085710
    11.566374912     0.096639655     1.015485081
     9.200414514    -0.960166890     1.076575112
     9.476377772    -1.589001671     1.136050249
    10.420835376    -0.348669199     1.010252076
     9.139229388    -0.762868190     1.099653874
     9.238695267    -1.399760888     1.148153112
     9.162704776    -1.977789021     1.263574379
     9.566355071    -1.847926839     1.278125680
     9.238596948    -1.464561836     1.230961125
     9.210610965    -1.377002084     1.132132369
     9.383514527    -1.456174267     1.090252520
     8.970764887    -2.048708567     1.064213613
     9.346713518    -1.248277906     0.978249837
     9.270188874    -1.696491894     1.405326741
     9.322089215    -1.565772921     1.260291532
     9.144314049    -1.559781986     1.350564624
     9.350606363    -1.507612118     1.195211616
    10.516339249    -0.319916815     1.043008860
     9.459787226    -1.426377485     1.077815289
     9.352403475    -1.584484271     1.252137714
     9.221402941    -1.018560900     1.055617060
     9.288918718    -1.706016917     1.410138178
     8.631293425    -1.873893381     1.179096194
     9.477361268    -1.900985880     1.303767561
     9.154325860    -1.244203638     1.038654611
     9.148929796    -1.438194385     1.290635880
     9.588467087    -0.773081598     1.084259775
     9.469610662    -1.835449576     1.287000721
     8.745319020    -1.769694454     1.182669391
     8.801670331    -1.481292216     1.233189178
     9.088086227    -2.008748975     1.221698538
     9.419520754    -1.649257352     1.268398927
     9.323256848    -1.638524580     1.302275015
     9.057737335    -1.736077434     1.431299530
     8.953016804    -1.726613290     1.316323496
    10.336572887    -0.772855532     1.185926581
     9.376838710    -1.510607069     1.190888060
     9.127132520    -1.380353048     1.201152862
     9.373274312    -1.747075049     1.345820808
     9.076032140    -1.299202097     1.122171717
     9.405600825    -0.880220434     1.086205297
     9.154828831    -1.137638887     1.018540047
     9.303892515    -1.669011840     1.370386177
     9.148997691    -2.076759474     1.126803822
     9.320818879    -1.216214874     0.987700336
     9.272929474    -0.966557932     1.094634456
     9.417713269    -2.011823320     1.301174947
     9.451550713    -0.762932754     1.065408360
     9.363653341    -1.564170175     1.237309958
     9.267371575    -1.519160983     1.254987176
     9.831401243    -0.840771967     1.114661859
     9.313395373    -2.082042721     1.264393153
     9.402592259    -1.828250466     1.362211295
     9.047270882    -1.964162748     1.201897881
    11.242167158    -0.930652314     1.128765345
     9.065484557    -1.416416941     1.259490408
     9.112257776    -0.626295285     1.063929968
    10.293635375    -0.239066265     1.023598178
     8.828076351    -1.450520789     1.222191023
    10.650388395    -0.722192900     1.079755716
     9.183613878    -1.628137484     1.367745794
     9.149776487    -0.613230302     1.037321812
     8.704239363    -1.761897020     1.203814763
     9.927483709    -0.834427551     1.113091594
     8.919716585    -1.752260357     1.223984699
     9.079260982    -1.629169879     1.336290452
     9.086296213    -1.438500393     1.279965336
    11.003073388    -0.686013768     1.098274735
     9.005580608    -1.719195179     1.374672549
     9.417780729    -1.852760990     1.328268619
    10.029660678    -0.880838646     1.149157443
     9.023892613    -2.041016721     1.099112372
     9.016493204    -1.899601695     1.216677174
    10.471062357    -0.374822139     1.008960468
     9.172426726    -1.819114535     1.358767377
     8.857398673    -1.714042134     1.200250090
     9.053282690    -1.767671084     1.367814953
     9.001283604    -1.971243733     1.174847050
     9.160252165    -1.484379613     1.294000752
     9.312699562    -0.837539273     1.077614144
     9.982240844    -0.706305213     1.140676528
    10.017696750    -0.850128507     1.182485166
     9.006573835    -1.188607851     1.110102224
     9.154774558    -0.588411702     1.085690754
     9.279803379    -2.101352334     1.237564334
     9.169252721    -0.631625199     1.028237111
    10.071484152    -0.262122972     0.997349602
     9.053545747    -1.084481887     1.088779495
     9.153363164    -0.655439393     1.044552110
     9.209462784    -0.692409970     1.045779827
     9.066662453    -2.038714468     1.142251185
     8.677514286    -1.792453346     1.174040299
     8.847291996    -1.684208753     1.249581873
     9.251689673    -0.484176081     1.038664056
     9.104278124    -1.855813527     1.302323990
     9.170620948    -0.473602875     1.058183641
     9.175383529    -0.714140708     1.066168679
     8.691976678    -1.727271543     1.219255565
     9.145921200    -1.802679125     1.388369207
     8.637776271    -1.925219269     1.191512693
     9.123457713    -0.946129484     1.080220812
     8.858909704    -1.664215813     1.350346361
     9.072603196    -2.070185421     1.078834173
     9.086518347    -1.587571190     1.360090814
     9.159607044    -1.997912652     1.191979854
     8.913444776    -1.704264416     1.315864754
     9.143837116    -1.890101165     1.257659430
     8.988617335    -1.791314344     1.250487819
     9.083150441    -1.874324994     1.215437398
     8.761380128    -1.690125087     1.214901969
     9.070832339    -1.963524478     1.230006729
     9.018368039    -1.805486662     1.248787572
     8.998503100    -2.033137470     1.090652927
     9.196459921    -0.921997827     1.097188481
     9.206608348    -1.529954349     1.302467104
     9.254739042    -0.632019666     1.034417322
