    10.286615887     0.677054798     1.064188425
     9.332683714    -1.621662143     1.204968899
     8.845703807    -2.032809798     1.097129375
     8.405211609    -1.304864233     1.214100689
     8.914064898    -1.813519715     1.253614413
     9.911554904     0.177812401     1.052088131
     8.950097929    -0.941127615     1.118601952
     9.816999753     0.414094376     1.065801684
     9.267425338    -0.171961976     1.086533682
     8.805419511    -1.852842706     1.242385913
     9.848967580     0.131121168     1.057672517
     9.701611595    -0.079184404     1.065741118
     9.250984526    -2.056624137     1.302608073
     9.126646180    -0.721730188     1.095037465
     9.079712821    -0.539340712     1.088691528
     8.433147986    -1.254712934     1.212141149
     9.175653644    -1.854975716     1.377744017
     8.505209983    -1.784371321     1.209186481
     9.506045367    -0.129937941     1.078920251
     0.788966670     1.219576714     2.750790323
     8.833085703    -2.091281036     1.150777056
     9.085985623    -0.782479178     1.141085263
     8.381313558    -1.239446361     1.214184688
     8.511582507    -1.300652911     1.220266294
     8.596783781    -1.315175482     1.225237444
     8.620199286    -1.409588349     1.236319397
     8.887057746    -1.568019786     1.361181006
     8.815238618    -1.656847584     1.381583533
     8.797233060    -1.491210283     1.278593139
     8.381893221    -1.168415341     1.208381712
     8.413994559    -1.248325204     1.212961706
     8.600033785    -1.373650943     1.235278783
     7.382457942    -1.134395501     1.276761874
     7.712469331    -1.110873757     1.247597751
     8.369761453    -1.138733445     1.216664371
     2.874048447     0.206559173     2.236989616
     1.126113525     0.824018728    -1.047331578
     3.912595227    -0.697511352     2.864614403
     0.500428441     0.003930482     0.008985947
     3.120731723    -0.209194172     3.019161009
     3.039625953    -0.412740474     3.958391287
     1.934553645     0.091935510     4.734662500
     1.085815456    -1.423355085     4.945722894
     0.595027212     0.830165824    -0.166883938
     3.743756735    -0.439288885     2.602898852
     0.500305028     0.011790452     0.008987201
     0.500058265     0.019647587     0.008990404
     0.633480224     0.510811064    -4.901273950
     0.499688316     0.027499990     0.008997717
     2.352498200    -0.120227794     4.231957787
     0.398714776     0.455067943    -6.535554519
     2.979341077    -0.290253327     3.597346973
     1.049781865     0.006641658    -0.202136558
     0.499195412     0.035345722     0.009012055
     0.498579756     0.043182726     0.009034852
     0.663192348    -0.121241260    -2.615748616
     0.611946978     0.740241677     0.279019105
     2.842478629    -0.001302046     2.551240468
     2.860599022    -0.149716618     2.790838932
     2.654777211    -0.576792210     4.783604075
     2.704135898    -0.291772445     3.179952393
     1.312824506    -0.190507685     1.481974066
     0.497841303     0.051008809     0.009061647
     0.670517335    -0.083644158    -1.871428642
     0.437188328     0.331291839    -3.919400897
     1.108964026    -1.334397789     9.071793739
     2.068128281    -0.360005652     2.773893550
     1.961827045    -0.813005097     4.731063656
     1.224661751    -0.906363928     4.910081740
     0.427570235    -1.489057638    28.297869621
     2.223463181    -0.653634757     4.222406589
     2.931232920    -0.461770608     4.721557138
     3.158950447    -0.317083678     3.496541448
     0.488022176     0.289085285    -4.822856925
     0.624959392     0.149816140    -0.960197868
     0.446584790    -1.138492623    21.024563130
     3.035072429    -0.955998175     3.903996706
     0.532051835     0.686365020    -0.642304392
     0.323496829     0.438397472    -5.261976305
     0.458195803    -1.015571983    18.528183769
     2.780631156    -0.150421178     2.727671068
     1.768876289    -0.173729431     2.676414725
     2.774191262    -0.294153608     3.339109032
     3.053899252    -0.455900295     4.595841240
     3.291155370    -0.523144750     3.484876021
     2.950538408    -0.870007317     3.532542932
     2.588073126    -0.882348702     3.451483989
     1.209537332    -0.192440619     0.401074175
     2.591537849    -0.186347745     3.812236872
     2.784985030    -0.627368143     4.861391161
     2.362056159    -0.332809119     4.105930411
     2.972372755    -0.184645366     2.815966968
     0.959179318    -1.070069883     5.383871088
     2.629692148    -0.501486790     4.928769640
     0.823475123    -1.047304224     4.262633432
     1.979964288    -0.305041874     4.001628527
     2.266887720    -0.322825861     2.902804832
     1.950296426    -0.131782349     2.968325520
     2.287818681    -0.449880230     4.009015231
     0.862650444     0.723076085    -1.359525425
     0.468996155    -0.937119214    16.977689508
     0.719439794    -0.740597285     2.048688495
     2.377776234    -0.939493056     3.156984639
     0.353903946     0.538675959    -3.375775220
     0.613098706    -0.523414659     1.711104018
     2.705220495    -0.540262680     5.223852135
     2.493745081    -0.326578475     4.288227809
     2.182541538    -0.522469943     3.609942452
     0.840628229    -0.088169335    -0.724269753
     2.899794916    -0.561832142     5.048901411
     0.496979664     0.058821866     0.009080371
     0.495994447     0.066620216     0.009079284
     1.713203583    -0.533814502     3.524640096
     1.938277245    -0.560213429     3.811454638
     3.222929329    -0.685083824     4.037635012
     1.862683567    -0.425980340     3.082164223
     1.363264519    -0.615065101     4.074713258
     0.848795328    -0.891871747     4.610195226
     0.472973219    -0.809133005    14.316510820
     1.883313219    -0.954293037     4.629377771
     1.808640801    -0.680646970     4.221610936
     1.614634936    -0.712717636     4.405076509
     0.767483150    -0.862314630     4.147277417
     1.624410796    -0.664877519     3.788163778
     2.335741465    -0.361995924     4.054764100
     2.782145305    -0.672953713     5.092957221
     2.484251672    -0.490493883     3.202399485
     1.848200754    -0.584339637     3.887552896
     0.487227930    -0.809232209    14.488228048
     1.141514150    -1.556496498     4.328641007
     1.349638679    -0.760046316     4.227604969
     1.337192601    -0.855914849     4.671774514
     0.460086830     0.764807197     1.444593525
     1.128649629    -1.024124376     4.686924947
     0.500312863    -0.809370617    14.662892483
     1.415431322    -0.901179058     4.637273820
     0.583783143     1.403484481     1.152639738
     1.845214324    -0.880770787     4.353917717
     0.600233005    -1.482219448    29.342471794
     0.494885803     0.074402677     0.009058751
     3.020297542    -0.581387498     4.954148168
     0.497408515    -0.481133205     7.636888747
     0.470516237    -0.269186407     2.989401391
     1.287275805    -0.256115388     0.855161954
     2.251483780    -0.386113312     3.653077163
     0.493654481     0.082168654     0.009033131
     0.620758083    -0.578001616     1.691976829
     1.970126821    -0.307500405     4.098674487
     1.986807308    -0.806594555     4.755120034
     2.168342776    -0.358669279     2.987116738
     1.593238611    -0.191905078     3.084123535
     0.492301749     0.089919716     0.009035793
     0.484792655    -0.322599583     4.337134651
     2.461395696    -0.361330289     4.581099027
     1.573445778    -0.196355678     1.949300988
     0.473079272    -0.213960470     2.153883931
     0.677144299    -0.729224564     3.540979595
     1.997881219    -0.849189959     4.501534734
     1.644552528    -0.137893173     2.301230237
     1.334292586    -0.284781568     1.176077472
     0.490827796     0.097664653     0.009110596
     1.157605305    -0.235821928     0.505024207
     0.667722148    -0.687254562     3.180652932
     1.726936139    -0.494377854     4.325090812
     0.666848095    -0.618894387     2.118635705
     1.992776266    -0.225912471     3.141547947
     1.851922707    -0.238926632     2.907135568
     0.472807442    -0.179393089     1.627674169
     1.719214671    -0.212990134     2.626819225
     1.073897291    -0.455997816     2.069594939
     1.437359290    -0.040722917     2.458275318
     0.834859457    -1.265915241     5.474497698
     0.665988036    -0.646512321     0.970759989
     0.720264895    -0.517599006     1.741069323
     0.682919698    -0.662610417     1.433173714
     1.977883700    -0.810129520     4.397070029
     2.002291976    -0.430554582     3.005539683
     0.489208112     0.105444759     0.008968261
     1.743926910    -0.433244037     3.637186084
     0.920501224    -0.120165593    -1.517278677
     2.556652376    -0.574869464     5.105218378
     1.030524038    -0.839709324     4.653312880
     2.355488644    -0.566519208     2.819984922
     0.487366598     0.113475116     0.008166155
     1.119898134    -0.813400078     4.309217995
     1.730168100    -0.358982869     2.660485347
     0.913745529    -0.795083938     4.479045175
     1.295056804    -0.943728420     4.824536547
     2.359282797    -0.514974198     3.958143335
     0.382124426    -0.366990624    -0.737576497
     0.485359999     0.122060905     0.009609939
     0.535045574    -0.261731590    -2.791267309
     1.071766220    -0.226368728    -0.004358999
     0.481679327     0.135712931     0.008764495
     1.313956090    -0.967215622     4.883970569
     1.857216067    -0.251973261     2.529981226
     1.889226624    -0.231199937     3.273203303
     1.019532091    -0.499307795     2.717798213
     4.317483586    -0.131721582     1.948694942
     0.814791958    -0.769840459     3.044345632
     1.119236012    -0.887258302     4.842904691
     1.592244335    -0.109466739     2.284811746
     3.608773248     0.318470713     1.838714341
     1.919538132    -0.198008389     3.037504234
     0.777631784    -0.141662788    -2.298333215
     0.477008510     0.151069463     0.007288682
     0.262832197     0.450236846     2.504802011
     0.582217464    -0.428719682    -0.073496097
     1.020597467    -0.416951962     2.144472602
     1.230792510     0.464806656    -2.670950473
     0.277845059    -1.140254774    20.835717705
     1.384616590     1.032453954    -0.523006123
     1.041726751     0.170612844    -1.796857213
     0.736575014    -0.747958018     2.418054007
     0.836531820    -0.502211225    -0.037740463
     0.289945615    -0.518978931     2.711755880
     0.474615763     0.158422860     0.007264478
     0.880137885    -0.735298732     4.211842123
     0.472169395     0.165831909     0.008987683
     1.442992045    -0.288681294     2.306988374
     0.469510539     0.173216855     0.008988982
     0.466732956     0.180566923     0.008985794
     3.313940687    -0.296015080     3.139929634
     4.531689703    -0.493064881     2.006342738
     1.360965732    -0.388846179     2.536778903
     3.668036435     0.389849886     1.462144343
     3.044172403     0.392222188     1.159235477
     3.492495126    -0.424761878     2.676143194
     0.463839511     0.187874800     0.008985127
     0.855748528    -0.246376789    -1.979242227
     0.460831374     0.195137004     0.008984589
     0.853993391    -0.491550378     1.378831484
     1.620172519    -0.623416101     3.504895447
     0.843609080    -0.207818388    -1.411601108
     0.964644627    -0.066792773    -0.256092723
     1.016897501    -0.277351982    -0.095881681
     2.221511061    -0.562268393     4.016539551
     1.144888935    -0.091115421     1.264279007
     0.615797697    -0.422842971    -0.134506352
     0.408374666    -0.295204070    -0.304756911
     0.233342559     0.565937480     5.011749947
     1.149747783     0.267299350    -1.378177502
     0.457709446     0.202351252     0.008983808
     1.304767871    -0.497991115     2.965061097
     0.195354521     0.669909270     7.387935445
     1.248262382    -0.819257860     3.951000434
     1.380448693    -0.563116735     3.469980215
     1.453561449    -0.572890397     3.825207286
     0.105081310     0.890191856    12.565971325
     0.454474534     0.209515618     0.008982408
     0.996970833    -0.373443774     1.674163213
     0.479757634    -0.271519533     1.882016900
     0.842151892     0.076827985    -0.996267117
     0.686264991    -0.027471641    -1.540684662
     0.361459420     0.422187887     1.892978431
     0.971011925    -0.763725767     4.704364116
     0.375401959    -0.397128808    -1.195696979
     0.161710230     0.896937665    12.111166601
     3.628739262     0.112557714     2.294830274
     1.130673543    -0.468526763     2.421974832
     3.381436409    -0.270393280     2.995739313
     0.417045774    -0.491291268     1.099929169
     0.499096503    -0.445194529    -0.010109064
     0.467272650     0.825060089     1.795862521
     0.231259929     0.890190224    11.579862385
     1.290448375    -0.663482359     3.920843819
     1.179280644    -0.764636547     4.233772127
     1.252623714    -0.542246782     3.646840062
     0.614329927     0.859147529     0.858036985
     0.334086020     1.043493131    14.593010414
     0.599586729    -0.493752257     1.582073586
     0.523109856     0.956563178     1.297103546
     0.451127597     0.216628360     0.008983593
     0.660521931    -0.434498953     0.822964724
     0.862796531    -0.494473640     3.846963349
     3.336219436     0.016395505     2.450424479
     0.447669247     0.223687607     0.008982485
     4.378742453    -1.367107183     2.429651177
     0.444100399     0.230691639     0.008980421
     1.462760052    -0.285063390     1.342541617
     3.521332128     0.080156365     2.460787052
     0.784391254     1.042456635     2.982301027
     0.940033840    -0.786954859     4.734649208
     2.758112465     0.303485169     1.388838941
     3.253906157     0.003463783     2.351541307
     0.730772605    -0.207988312    -1.746924900
     2.941552720     0.240727213     2.963857974
     0.440422055     0.237638782     0.008980029
     1.149979008    -0.270787852     0.189896924
     1.194806326    -0.655326892     4.229734979
     2.993307521    -0.473025482     4.879407487
     0.807077944    -0.773281404     3.133009545
     4.637057747    -1.149258405     2.053806210
     1.075096144    -0.637733197     4.070087132
     4.058029657    -0.228333928     2.212245436
     3.452252645     0.347978028     1.443176923
     0.436635025     0.244527269     0.008979106
     0.810794846    -0.802669398     3.870604621
     0.042000530     0.748657207    -0.515733403
     0.474779256    -0.368506270    -1.395514895
     0.534012199     0.370264315    -2.857869135
     2.795252792     0.219407550     1.845623472
     0.219744281     0.560161876    -2.453147524
     0.432664992     0.251311190     0.007232073
     1.252171621    -0.232697747     0.706404951
     0.296970368     0.455722268    -2.014900191
     4.458163394    -1.353352515     2.349816516
     0.656946059    -0.522556805     2.220936065
     0.829661588     0.649308258    -3.444618176
     0.476403901    -0.498463093     0.469951577
     0.701630726     0.436828333    -2.746412267
     3.322429786     0.274501234     1.734962899
     0.453920502     0.647728918     1.535879108
     0.607722882    -0.341979042    -2.088719760
     0.602791615     0.978914561     2.642576921
     0.827821576     0.189486007    -3.081904167
     0.981624783    -0.689270187     4.460163325
     2.308240174     0.433928385     1.296333412
     0.304669257    -0.469156442     1.701218943
     0.428560791     0.258009100     0.004768282
     0.761695168    -0.648562340     1.899867135
    -0.255517875     0.537147552    10.294571831
     0.424556901     0.264776505     0.007209099
     0.729594684     0.691960780    -1.900812790
     0.420418915     0.271460623     0.008963171
     4.329035263     0.790545998     1.283456529
    -0.227541416     0.678616910    11.386382266
     0.826764021    -0.176719084    -2.783534216
     0.572059417     0.380571495    -3.654873615
     0.416029141     0.277979200     0.007159567
     0.090826005     0.790111203    -0.705519765
     0.387135110     0.331426347    -6.657847509
     2.795268926    -0.528058736     5.418510717
     0.045587408     1.127145892    -0.848298399
    -0.210259312     0.728050560    11.676850917
     0.267270868     0.528658077    -1.672626322
    -0.270930314     0.849477384    14.465253269
     2.152278151     0.599801741     1.001971936
    -0.008677704     0.554348411     5.015649504
     3.647167788    -0.513399547     3.019756015
     0.064059347     0.555017436    -3.068138149
     0.412043918     0.402845232    -3.832187203
     1.897967193    -0.287148190     2.533552489
     2.444860081     0.655126754     0.742204909
     0.468359949     0.920830842     1.880366381
     0.899448187    -0.210784257     1.597720537
     3.726391886    -0.134669689     2.551558042
     1.639808232     0.415821858     2.620710266
    -0.075341705     0.703962865     8.702359574
     0.858666617    -0.515229594     4.077548486
     0.027909388     0.732139022     7.925877318
     0.411683946     0.284531104     0.008936935
     4.915724451     0.000977608     1.521182355
     2.644891538     0.086167035     2.896398347
     1.742567844    -0.738270270     4.417413970
     0.407163014     0.290961345     0.008909035
     5.069491920    -0.669553645     1.755666625
     4.625336378    -0.275483156     1.914809538
     0.402541111     0.297319854     0.008873419
     3.984392662     0.510416707     1.365785530
     3.570448387    -0.139249190     3.191542473
     2.322542301    -0.463652187     4.452009892
     2.104606946     0.533405852     0.805968400
     3.485613056    -0.240788716     2.897667559
     2.154452133     0.941585079     0.293839148
     4.271756851     0.082102080     1.595235202
     1.582957078    -0.626642347     3.477129213
     4.396453868    -1.659309516     1.973882646
     0.497527437    -0.190821972    -2.671329996
     1.538710646     0.613015255    -0.553194028
     2.116835362     0.766090876     0.426851319
     4.251871514    -1.696911497     2.187762521
     1.269653708    -0.193595389     0.452209857
     0.756419902    -0.706973476     2.993803870
     0.569613364    -0.266392018    -2.425587384
     2.956763412     0.178406516     2.414428669
     0.397819790     0.303605793     0.008845862
     0.735420951    -0.179166262    -2.202168789
     0.808436586    -0.503678606     0.086027284
     0.912816686    -0.199293120    -0.445667939
     0.938733921    -0.176722412    -1.790475116
     3.098968997     0.207072361     2.133455149
     4.264165308    -0.110484050     1.908168675
     3.226317246     0.567290560     0.793309518
     0.393001162     0.309818055     0.008847415
     0.388087010     0.315954533     0.008880453
     1.103016034    -0.413747251     1.666154042
     1.347131733    -0.078050620     1.475540521
     0.865073229    -0.695074186     3.402200324
     0.520206220    -0.260870115    -2.197987083
     0.579992755    -0.499274720    -0.305568706
     0.383077970     0.322012725     0.008923066
     2.578355813     0.235802607     2.560526724
     0.377905375     0.327934291     0.007173354
     0.372776770     0.333887498     0.008972133
     0.367422809     0.339643774     0.007254148
     1.275653002    -0.688080799     4.989970043
     0.552930392    -0.395286547    -0.936221391
     4.508943212    -0.577602262     1.719480845
     0.259206167     0.561953073    -0.178881488
     2.717386411     0.488574669     1.288395480
     2.866323192     0.230923920     1.895384563
     0.757485990    -0.058982812    -1.161128420
     2.024429364     0.589990688     1.006458928
     0.362105803     0.345431910     0.008980835
     0.586447043    -0.039440690    -2.058646114
     1.159219583    -0.674476119     5.425580469
     0.620710173    -0.241419134    -2.780834091
     2.249186483     0.479380838     1.104117517
     1.084701337    -0.529775634     2.751521357
     2.834898892     0.175492283     2.214126084
     4.305208614     0.139687255     1.441701333
     0.573008331    -0.567740578     1.404935841
     0.512606673     0.163607104     3.665628325
     2.720302300     0.149322858     2.495572850
     0.684945072    -0.796048148     3.753626860
     2.497084791    -0.128577418     4.418954834
     1.312826607    -0.580436141     4.066846570
     1.289869767    -0.213611230     1.339822022
     2.471623045     0.019065657     4.006496115
     0.438298160     0.611059821     1.529298648
     1.248195105    -0.758559994     4.245907471
     1.804868009     0.030226358     3.039938245
     1.244650224    -0.338127747     1.330955101
     1.960679107     0.465922028     1.289092046
     0.356635561     0.351077147     0.008986218
     3.792279216    -0.003467818     2.227614185
     2.523591726    -0.242042944     3.693371820
     0.351076904     0.356635403     0.008980555
     4.807807223    -1.449293225     1.984490127
     2.259809698    -0.067934980     3.667315136
     2.004150586    -0.166679768     3.069694651
     0.373213269     0.756362316     1.095900346
     0.499762608     0.514923240    -2.914611282
     0.516411799     0.176960682     3.783201097
     0.345431807     0.362105867     0.008980336
     2.745038408     0.185086143     2.136670745
     1.965000788     0.236147981     3.842482397
     0.339701451     0.367486963     0.008979368
     1.600544614    -0.453309928     3.289836940
     2.489919313     0.092930110    10.813693241
     0.333887612     0.372777759     0.008988376
     2.200934274     0.262483093     1.720007370
     0.537713711     0.181069933     4.362135392
     1.596282144    -0.051974593     3.282065646
     1.222409080    -0.126062193     1.116198825
     0.327991072     0.377976228     0.008987926
     2.838850280    -0.179471029     3.064486907
     4.496461784    -1.054419657     2.127442345
     0.560481148     0.079597951    -1.219967985
     0.525300339     0.201551787     4.084927737
     1.499527876     0.086220291     2.179451292
     2.633605827     0.651960300     1.291289503
     3.306682282    -0.097749224     2.938890530
     1.399874355     0.839078713    -0.870692233
     4.459037962    -1.630680226     2.077748168
     0.469050681     0.247759938     2.754308361
     1.476526143     0.780109045    -1.638913035
     0.966855178     0.021343327    -0.169621148
     0.322013481     0.383081271     0.008983319
     0.045229925     0.538225163     1.207291517
     0.315956658     0.388091989     0.008984511
     0.990122276    -0.135969674    -0.983343528
     2.388768813    -0.094142695     4.406268944
    -0.232209253     0.547924092     4.396689388
     2.033337497     0.086499743     5.542442462
     1.232650944     0.650882034    -2.632933012
     2.365709820     0.216999825     2.762862933
     0.617224522    -0.196271566    -3.148463914
     0.309821963     0.393006841     0.008985004
     2.226450059    -0.474409990     3.916894260
     0.303611307     0.397824591     0.008989094
    -0.320573046     0.595686518     6.556126181
    -0.292136110     0.620648129     6.263984815
     0.544084737     0.033358261    -1.787337098
     0.540946826    -0.036529748    -1.685709050
     2.589832844     0.441997669     1.385841550
     0.297328101     0.402544873     0.009031924
     2.657594228    -0.190839831     3.082993115
    -0.213716607     0.696252665     6.153703115
     0.290660601     0.407544608     0.011630016
    -0.421100151    -1.009277341     7.825899943
     0.573942454     0.166624012    -4.380370481
     0.075226893     0.496963515    -1.605868544
     0.523055947     0.191035947    -4.263484900
     0.451444769     0.281084031    -1.423783769
    -0.770934093     0.475305600    15.069765807
     1.921855725    -0.027260455     3.790016201
     1.557377410     1.033212685    -0.347542354
     0.554727449    -0.161979488    -0.681728468
     2.334396746    -0.236209515     4.407834799
     0.278133010     0.416028507     0.008858708
     2.061084502     0.152503263     6.512111399
     2.837151383    -0.404559105     4.447288939
    -0.887606456     0.589234579    17.797787769
     1.141588760     0.428812849    -3.214531825
    -0.043447993     0.499116764    -2.326495324
     0.050232160     0.573527579    -1.989135905
     1.409868843    -0.021894540     1.958827241
     1.512761446    -0.079700667     1.840325765
    -0.090959432     0.664953392    -1.705964868
     1.662855333     0.009942099     3.453322095
     1.989104767     0.273655871     4.238618223
     0.271789362     0.420175398     0.008444714
     2.163369832    -0.140458174     3.259393819
     1.503976709    -0.039956151     2.532836710
     3.028771559     0.061858712     2.332255698
     1.487998721     1.118899017     0.776654357
     2.376520302     0.389806120     1.068817473
     0.258665599     0.428384871     0.008543059
     0.251490267     0.432668594     0.009094190
    -0.887835717     0.616313098    17.766359045
     1.960116072     0.182561427     5.515350655
     0.747020775    -0.267251876    -1.990113488
     2.670120216     1.026116575     0.756064841
     1.219181275     0.422674870     1.026249595
     0.920585755     0.705983370    -2.093155296
    -1.211914045     0.693151946    24.743878547
     0.908619658     0.319378232    -1.017516251
     0.940293124     0.413146262    -3.420566160
     0.752823278    -0.309333564    -1.947296380
     0.220795350     0.633573298    -0.537699243
     0.244567769     0.436618289     0.009082901
     0.237651752     0.440423889     0.009135498
     0.952379622     0.912169658     0.726675905
    -0.910652713     0.642306141    18.081946617
    -1.153297431     0.695490387    23.244174215
     0.241863099     0.646684080    -0.043847985
     1.320007380    -0.117486400     1.504895427
     0.085208798     0.679734716    -0.544214286
     1.363433633     0.900775764     0.328288752
     0.155108226     0.744948222    -1.819094432
     2.338761831     0.295543279     1.544249343
    -1.277746106     0.725326616    25.793229030
     0.872117401     0.472622758    -0.849581055
     1.762782600     0.005558238     3.797298066
     1.856799727     0.169124256     3.874647848
     2.216994312    -0.029117525     3.869074218
     1.848191734     0.313718994     2.598751459
     2.447278818    -0.629409625     4.705786917
     0.868953119    -0.176909535    -1.752809424
     0.230697334     0.444109792     0.009199637
     2.115313195     0.320084292     4.822570979
    -1.272370917     0.748000447    25.640393728
    -1.413267597     0.824962216    28.733765457
    -0.006991156     1.218062636     0.314156892
     1.762236368     0.200833655     2.724155625
     1.881715405     0.087428298     4.990675182
     1.442181477     0.131535031     1.831809624
     0.223689798     0.447681505     0.009221383
     2.330699036    -0.104679420     4.200481517
     1.234337241     0.925713446     0.806883854
     2.343828488     0.082888722     3.649832418
    -0.069504024     0.643044847    -1.279064840
     1.645320911     0.302745635     2.376747041
     0.804150044     0.851624783     2.754428078
     0.883631657     0.856138818     1.752280079
     0.216620012     0.451143539     0.009198744
     1.932021225    -0.668168646     4.429520199
    -1.361131877     1.025356635    28.906395672
     2.118473378    -0.158598365     3.411578205
     1.674138464     0.122602609     2.846803741
     1.481560886     0.769497950     3.921906384
     1.921619791     0.734280101    -0.153810287
     0.377622115    -0.443656769    -0.821053520
     1.888031582     0.403862484     1.804475747
     2.169235093     0.046952158     3.605112248
     2.188925433     0.154103066     3.058058255
     0.209468545     0.454504434     0.009131450
     0.460027210    -0.493032218     0.846545828
    -1.444805812     0.121507962    28.865836718
    -0.527305110     0.982620768     1.268089333
     1.280914767     0.084698554     0.759079611
     0.640407160     0.147509940    -0.829603396
     1.008660515    -0.216275947    -1.453309780
    -0.751526608     1.282721666    -0.441125070
     2.063486233     0.213314782     4.276802321
     2.550045779    -0.054972227     5.203378180
     2.442907736    -0.051998264     4.982350950
     2.063303878     0.108787048     1.359527734
     0.548658495     0.139063869    -1.732278936
    -1.409149901     0.330670751    27.200862532
     1.196675604     0.002527288     0.949469817
     0.202180708     0.457796298     0.009194805
     1.297227338    -0.124964084     1.448584588
     1.970289677     0.228325042     4.277623978
     0.587774159    -0.179993088    -3.142266710
     0.194511415     0.461115707     0.009361280
     0.185636789     0.464904410     0.012165941
     1.251578956    -0.160609991     0.953621558
    -1.355291401     0.397602928    25.809833120
    -1.299592159     0.437128152    24.456186710
     1.086142403    -0.273530747     0.137909795
     1.169089882     0.285173287    -2.131742907
     1.153212502     0.169918134    -1.518202656
    -1.130136856     0.477608979    20.714410225
    -1.071984502     0.547786717    19.451946737
     0.916034766    -0.129660705    -2.492140315
     1.046699409     0.084177821    -0.483256051
     2.224838601     1.484121953     0.888999177
     1.008837502     0.000865481    -0.705268461
     0.816272030    -0.265176726    -2.124243117
    -1.095680292     0.730203005    20.587399452
     0.432196314     0.294849224    -1.451741206
    -1.048151310     0.979640538    -0.935286517
     1.022828534     0.274974035    -2.485117211
    -1.212374356     0.963190373     0.452316062
     1.342068796     0.897306456     0.232353687
     0.862982973     0.587893409    -3.561049334
     1.394117619     0.981955300    -0.391035553
     1.216050613     0.499293867    -3.058682922
     1.024940462     0.174978936    -1.893758899
     1.712842302     0.183037012     4.827482613
     0.172743698     0.469603480     0.007466430
     1.069653288     0.199008174    -1.382276383
     0.596873977     0.505681120    -0.486395545
     1.334056615     0.138658039    -0.976822424
    -0.777613740     1.021278662    -0.253840196
     0.592048742     0.923864733     2.180416285
     0.783639231     0.596821705    -3.363380894
     1.612959348     0.086214104     2.574573356
     2.249948188    -0.001821720     4.038034386
     1.273800680     0.046243062    -3.837430220
     0.158357698     0.474728992     0.009000012
    -0.894675745     1.284973883     0.762496999
     0.180068885     0.872710336    -0.556951128
     1.729730859     0.538567135     3.209000634
     1.506242647     0.433976153    -1.483796206
     0.069060502     0.519942084    -1.897170536
     1.567059100     0.312522787     0.932378312
    -0.034799024     0.658097704    -1.088017757
    -0.028382240     0.985932521     0.340545894
    -0.952968142     0.582880880    -0.414241617
     1.215661976     0.442641599    -5.316506931
     1.141975979     0.514230710    -6.267931361
     1.319286535    -0.006616363     1.633697949
     0.943478713     0.379210805    -1.054107263
     1.457865747     1.193564499     1.230733180
    -0.187646014     1.197019860     0.365223079
     0.695706395     0.368539677    -4.064060617
     0.150896538     0.477152532     0.008990558
     0.143387583     0.479462301     0.008986433
    -0.935249633     0.260581996     1.268390480
    -0.461012975     0.484371478    -2.356725702
    -0.969911609     0.250039588    17.001354273
    -0.393550669     1.261613797     0.806803476
    -0.475164680     1.103232605     0.733337286
    -0.279163117     1.048281919     0.696338876
     0.135840134     0.481654916     0.008984490
     1.110695695    -0.195538438    -0.555820386
     0.128235397     0.483646873     0.007278155
     0.912864867     0.326353299    -2.599329171
     0.120644473     0.485683969     0.008984621
    -0.108255648     0.855787046     0.605805722
     0.113000826     0.487519017     0.008984058
     1.441663505    -0.050380337     1.757101897
    -0.593364219     0.715194556    -0.942282761
     1.143562349    -0.178568513    -0.185501822
     1.011414271     0.596635744    -2.222490038
     0.938790463     0.186708945    -2.346106577
     1.011904973     0.253132757    -3.266419436
     0.983725535     0.086471922     0.202347167
    -0.902297807    -0.082804904    18.176420155
     0.105329281     0.489233820     0.008984256
     0.320561614    -0.468782048    -0.181836539
    -0.895683717    -0.126588114     1.203651160
     1.076041244     0.504086341    -3.331511611
     0.498831379    -0.338934525    -0.751119990
     1.229308585     0.536124426     1.994192567
     1.127354965    -0.174816672    -0.005805275
     0.097631740     0.490827909     0.008984335
     0.089910108     0.492300896     0.008984480
     0.082166292     0.493652421     0.008984726
     1.218141684    -0.133052068     2.484444544
    -1.046846420     0.338339610    -0.201439869
     1.008650455     0.069354847    -0.291656987
     0.875332175     0.184161000    -3.213955882
    -0.395358886     0.588798341    -2.267685837
    -0.965935423     0.157496790     4.253567347
     0.724624894     0.635066446    -2.562877685
     0.066619753     0.495989759     0.008985129
     0.058820866     0.496974991     0.008985211
     0.872672838     0.119194908    -2.228435467
    -0.968490510     0.083619448    17.570500248
     1.495614184     0.023165194     1.905070440
    -0.489324054     0.386166623    -2.697895224
     1.068092928     0.545819698     0.143023221
    -0.177682834     0.589120207    -0.345446084
    -1.001010161     0.139887697    17.674801780
     0.051007466     0.497837600     0.008985244
    -0.881305450     0.228806748     2.313170076
     0.452996496     0.900241522     2.980418774
    -0.825700196     0.391734288     2.071467963
    -0.655298278     0.508814918     1.248627144
    -0.820471445     0.213789950    13.166975880
     0.043174094     0.498492106     0.007273489
     0.977065011     0.600960701    -1.428971301
     0.591239205     0.890029656     2.138546960
     0.035344840     0.499194131     0.008985241
     1.049360719     0.560227344    -2.465400265
    -0.710563366     0.343922040    10.136862818
     0.027499479     0.499687718     0.008985217
     0.536203991     0.345315244    -3.865135528
     0.599340315     0.840312617     2.066179063
    -0.530115050     0.108241430     6.944312989
     0.622833666     0.870456224     1.556762660
    -0.530704228     0.181683420     5.922571923
     1.729800667     0.636828414    -0.815338767
     0.019647333     0.500058014     0.008985194
    -0.333616617     0.889840305     4.536438566
    -0.491187206     0.224724775     4.567648636
    -0.511520120     0.300573819     4.752933864
     0.011790339     0.500304928     0.008985152
     0.387421907     0.663979971    -0.325932818
    -0.502151189     0.067709499     5.867643026
    -0.215873922     0.538425941    -1.141529863
     0.682466592    -1.186968472     4.715225335
     0.726942881    -1.153303254     4.855828674
     0.309636708    -0.458529944    -0.189763441
     0.267844623     0.957440702    -0.535331085
    -0.301650236     0.779930312     0.894215865
     1.878846831     1.148796122     0.333136827
     0.513121384     0.978038338     2.555144982
     0.025439278     0.866310378    -0.451642436
     0.003930436     0.500428397     0.008985058
    -0.003930436     0.500428379     0.008984705
    -0.430653139     0.436436549    -3.280994343
    -0.317151166     0.659111924    -0.796242088
     0.397468519     0.860400337     1.885103777
    -0.011790340     0.500304974     0.008986056
     2.166982443    -0.020602029     2.987048621
     0.392723111     0.784774803     1.192722592
     0.380593851     0.747287030    -0.386163853
    -0.400852074     0.387124655    -3.960695287
     0.366668730     0.715523107     0.684897619
     0.648832082     0.287945719    -2.741105060
     0.661475949     0.384581654    -3.456319842
     0.899904636    -0.019279243    -0.838424994
     0.319766407     0.451073172     6.480654586
     1.489056213    -0.375968755     2.939533229
    -0.385250845     0.453778586    -3.236955500
     0.365672221     0.448717502     7.751805854
     0.463943236     0.945084823     1.859031837
     0.315399467     0.679506817    -1.613064356
    -0.366398483     0.744383531     1.151326898
     0.705418397    -0.126352434    -2.666661560
     0.461083870     0.389221436    -3.828775040
     1.679334652    -0.066711445     3.431651484
     0.856835740     2.398232947     0.904539713
     1.486836644     1.537150705     1.264275117
    -0.019644004     0.499973298     0.007289554
     0.291695971     0.774952057    10.355209200
     0.001853861     0.827797970     0.400706298
     0.331486009     0.695137076    10.017606068
    -0.906187005     0.152838384     1.721038583
    -0.559411924     0.875385250     0.053346273
     1.666973541     1.725308228     0.962753000
     0.340302716     0.667298533     9.957177382
     0.652452329     0.316368436    -4.263111820
     0.336950935     0.640885043     9.702942933
    -0.027499443     0.499687069     0.008972224
     0.372884552     0.642371305    10.591040155
     0.352349531     0.586720618     9.702645159
     0.373861996     0.427355583    -4.968535930
     0.408779036     0.500358766    10.449670808
    -0.035339023     0.499111971     0.007337942
     0.129601029     0.786903617     9.201404436
     0.161000040     0.650828228     7.391674874
     0.661768287     0.067609062    -0.133246144
     0.211877779     0.551999231     6.980353323
     0.582235110    -1.117066412     5.240440195
    -0.345005083     0.699354642    -0.955016786
    -0.342228155     0.622666099    -2.626434545
     0.682822989     0.243751358    -3.071187444
    -0.051007541     0.497838336     0.009000025
     0.070368504     0.655156552     6.478713156
    -0.450250378     0.637174682    -1.657663631
     1.939919090     1.541165866     0.699872283
    -0.058820866     0.496974988     0.008985135
     0.452087563     0.809418444     1.255220349
     0.677714315     0.118578415    -1.842117087
    -0.473430459     0.261710216    -3.808833482
    -0.722525075     0.653154154    -0.326799168
     1.293292006     0.780310097    -1.321111370
     0.496996366     0.260941810    -3.631932107
     0.602865351     0.272948990    -4.032305932
     0.017986468     0.664458960     6.241520190
    -0.066619750     0.495989734     0.008984624
    -0.074402201     0.494882139     0.008984873
     0.427464005     0.757407340     2.107265658
    -0.098385965     0.807239797     8.431356388
    -0.082152249     0.493568051     0.007274122
    -0.899390570     0.111862035     3.945297622
    -0.653962093     0.199903473    -1.529899665
     0.334022338     0.630806503    -1.092902799
    -0.809774008     0.015107622     1.295733276
    -0.300563039    -1.075023343     6.198584281
    -0.441032735     0.244122910    -5.506452851
    -0.776385472     0.249466864     0.953171884
    -0.089910125     0.492300986     0.008986313
     1.177573107    -0.209282659     0.644067021
    -0.256704891     0.912598176     2.771621443
    -0.059902090     0.739119645     7.359778544
     0.407782327     0.576458646     0.421010202
     0.462296773     0.745868549     3.095829043
     0.354065478     0.647048687     0.276806926
    -0.065418005     0.694951457     6.507532936
    -0.069722119     0.670745229     6.074389366
    -0.075538298     0.651787229     5.736511668
    -0.595204028     0.072737089    -3.288086646
    -0.675698828    -0.080663474    -0.080334769
    -0.067027182     0.652194730     5.922793152
    -0.097631760     0.490828001     0.008986217
    -0.105329289     0.489233836     0.008984599
    -0.453367484     0.484741720    -2.636328950
    -0.107904763     0.591207278     4.409379597
     1.541538606    -3.427044107     0.591475417
    -0.072664694     0.607320330     5.146625653
    -0.113000848     0.487519054     0.008984871
     0.075459220     0.719379633     9.257585749
    -0.120644525     0.485683980     0.008985084
     1.424736203     1.947348962     1.065475209
    -0.477385241     0.409084279    -1.228936847
    -0.128258431     0.483729068     0.008985207
    -0.465218678     0.236340730    -4.668212295
     0.522202494     2.306336282     0.406918487
    -0.371387001     0.486613325    -3.141899289
    -0.963922989     0.299646004     4.259328667
    -0.135817286     0.481572548     0.007274942
    -0.143389410     0.479461836     0.008987972
    -0.351555484     0.527905616     3.326408328
    -0.150902559     0.477150367     0.008985577
    -1.029039079     1.002514391    17.879371677
     0.133226201     0.536966308    -1.409084775
    -0.735254707     0.317284383     0.468997545
    -0.196235563     0.627927828    -0.826443229
    -0.158378082     0.474721462     0.008986157
     0.089380167     0.653717536    -0.974366978
    -0.539569498    -0.879255102     6.406185256
     2.104270464    -1.987515349     2.024790313
     0.521362392     1.026615303     2.097266943
     0.205417476     2.345527075     0.074931130
    -0.165813111     0.472176119     0.008989985
    -0.439208469     0.275926806     0.372625499
    -0.480320235     0.493970008     0.458719437
     0.455131822     0.414924017    -2.818181448
    -0.539052999     0.128424075     1.641138894
     0.862017620    -0.206841735    -1.321555935
    -0.598060725     0.017926599     3.317025119
    -0.173202801     0.469517250     0.009017620
    -0.674089878     0.463541428     1.207309183
    -0.653057477    -0.700150757     1.770780114
    -0.180617093     0.468184802     0.036437805
    -0.635922545    -0.045169267     4.562422474
    -0.667054993    -0.054662765     5.170388508
     1.296561678     1.028612531     0.269326910
     0.011045499     0.681835195    -1.055793141
    -0.219926896     0.716697514     0.870180929
    -0.265188169     0.621130850    -0.741177375
    -0.601966572    -0.215942947     6.104332427
    -0.673202211    -0.279426681     8.143164156
    -0.712710507    -0.320835636     9.304054677
     1.124504876     0.122429754     0.252368476
    -0.733363021    -0.299989606     9.136413382
    -0.553513074    -0.912409663     4.684219847
    -0.555441299     0.510417752    -0.087870056
    -0.792748559    -0.221602348     8.836957539
    -0.804439870     0.491867206     0.028397791
    -0.194603364     0.461093712     0.009668511
    -0.202081840     0.457753596     0.007615502
    -0.394056292    -1.012675518     5.998956012
     0.022398030    -1.182917116     4.223980691
    -0.383978005     0.486838405    -3.008746152
    -0.424971892    -1.083540442    10.912142929
    -0.209469140     0.454495985     0.008982964
    -0.536068761     0.099087517    -0.716761479
    -0.216614717     0.451133943     0.008979899
    -0.503612038     0.010028716    -2.290821006
    -0.223683736     0.447671331     0.008985167
     0.870715879     0.067794870    -0.978097112
    -0.230690605     0.444101150     0.008984215
    -0.721937531    -0.586856903     3.910420255
    -0.296524487     0.406064173    -3.320065759
    -0.414423645     0.439484466    -3.046353532
    -0.874914300    -0.239536172     1.616204088
    -0.237638673     0.440422540     0.008987542
    -0.292933770    -0.466065842     9.099666907
    -0.930474140    -0.073159591     0.378820657
    -0.458649232     0.565001091    -2.006856681
    -0.327012184     0.508371467    -1.564325077
     0.542956706     0.896564689     2.107123899
    -0.285013873     0.492909240    -1.651269489
    -0.244527390     0.436635304     0.008985139
    -0.251312510     0.432666702     0.007274905
    -0.315171756     0.762332895     0.550717112
    -0.348637371     0.918695107     3.277923296
    -0.451571738     0.368273621    -3.769662310
    -0.258121937     0.428739126     0.008987927
    -0.264824441     0.424631827     0.008987932
    -0.379718842     0.615920177    -0.494787318
    -0.271461526     0.420419647     0.008985272
    -1.014577241     0.003588390    -0.097330278
    -0.278031702     0.416103848     0.008985273
     1.244971455     0.995938313     0.798422614
    -0.524125571     0.830123959    -0.589666269
    -0.284533277     0.411685382     0.008985273
    -0.437944732     0.791187037    -0.690918056
    -0.591279848    -0.774196460     3.900073542
    -0.445782454     0.721071378    -1.388188876
    -0.588316824     0.595622315    -0.762225202
     0.544160304     1.867931506     0.420693905
     0.954156517     1.725576794     1.373567410
     0.786423682     1.952972055     0.942781129
    -0.702027912     0.547003129    -0.069433957
     0.826106276     2.220145837     0.942508404
    -0.598540441    -0.787048806     2.687802387
     0.877091649    -1.385766452     4.879134400
     0.786877910     0.113315016    -2.103884082
    -0.796956924    -0.599143387     1.085909328
    -0.746398991     0.509354653    -0.520113520
    -0.303558527     0.397756976     0.007273685
    -0.309821755     0.393007022     0.008985264
    -0.315956619     0.388092069     0.008985269
     1.335136488    -1.644664150     3.902992809
     0.773799272     0.640137143    -0.601263487
     0.562535628     0.350218287    -5.207995045
     1.006079596    -1.596854556     4.710126693
    -0.322013525     0.383081361     0.008985273
    -0.873717190    -0.454312034    -0.157586117
    -0.287212101     0.750405461    10.873017697
    -0.227487803     0.483056038     4.986649319
    -0.327934891     0.377911496     0.007273684
     0.364465162     0.880046892     0.115375367
    -0.157047095     0.501652152     6.136086927
    -0.100267298     0.514154589     7.270860929
    -0.333887507     0.372777644     0.008985269
    -0.000575734     2.087502905    -0.064085693
     0.287965413    -1.366739198     3.964000023
    -0.339643562     0.367424335     0.007273680
    -0.345431983     0.362106040     0.008985269
     0.173818990     2.762176509     0.059432591
    -0.893933789     0.424253162    -0.441770543
     0.807563289    -1.763512869     2.711950904
    -0.351017049     0.356574568     0.007273674
    -1.809675158     0.820426830    -2.051084828
    -0.302471329     0.668427686     9.913524258
    -0.103414930     0.766883237    13.596179651
     0.040350543     0.865070179    17.393684570
     0.324784115     0.965190250    23.335102391
    -0.356635559     0.351077082     0.008985272
    -1.173149562     0.262889818    -1.160722507
    -0.362106042     0.345431981     0.008985269
    -0.426734808     1.253928187    23.340971766
    -0.113169785     1.423509056    28.002181918
     0.126731527     1.437577219    30.132738410
    -0.367487184     0.339701647     0.008985259
    -0.372777662     0.333887484     0.008985231
    -0.377976192     0.327990901     0.008985146
     0.601186997     1.555778379    37.473126217
    -0.383081562     0.322013257     0.008984903
    -0.388092747     0.315955704     0.008984230
    -0.393010075     0.309819313     0.009002985
    -0.397832804     0.303599897     0.008981232
    -1.309632519     1.472782897    33.692149569
    -0.822959386     1.493307510    30.480882371
     0.666659517     1.651589726     1.057535478
     0.517162751    -1.646294784     0.937272991
    -0.552546426     1.578600300    31.584791278
     0.377582047     1.796286726    -0.215035209
     1.392291424     0.635580085    53.254009764
     0.886295947     1.292251674     1.346419047
    -0.254350362     1.608869139    32.658468332
     0.260183484     1.830397521    40.141890466
    -0.989334784    -0.630282670    -1.127453564
     2.640817086    -1.772897022     3.208763707
    -0.402537125     0.297193075     0.007303255
     1.248703185     1.718757287     1.331353647
    -0.407253932     0.290840989     0.008989859
    -0.875956367     1.709079557    35.973613462
    -0.742336287    -0.943030974    -0.270345772
    -0.019159957     1.610943855    -0.120298316
    -0.412026780     0.283975984     0.008282132
    -0.401933933    -1.276129931     0.911668642
     0.570927977     1.511165311     0.801456671
    -0.417194470     0.276621196     0.011575301
    -0.678911702    -1.314830521    -0.668015028
    -0.424698739     0.264723367     0.009054320
    -0.873860747    -1.423213780    -1.623215117
     0.654770846    -2.202755393    -0.053935868
    -0.428758965     0.258091985     0.009018930
    -0.969290953     1.737522656    37.318925465
    -0.606984873     1.803610186    -1.099930276
     0.998480717    -2.255792291     2.217439941
    -0.432746095     0.251346603     0.008990436
    -0.944763842    -1.833585008    -2.501951615
    -1.363547773     1.786187035     0.007171186
    -0.444100732     0.230691556     0.008985555
    -0.203565070     2.226006928    -0.674959829
    -0.447669392     0.223687640     0.008985384
    -0.333164637     1.628686376    -0.683282314
    -0.955565155    -1.964021271    -0.730728911
    -0.406404522     1.976275185    -0.719133174
    -0.451127659     0.216628434     0.008985351
    -2.228507759     1.455076679    46.891624883
    -1.627556997     1.571995483    40.627583307
     2.186035123    -2.841680442     1.180249705
    -1.229137354     1.742969824    39.923293835
    -0.645532295     2.020261316    42.859475867
     0.655820186    -1.991016351     0.423611902
    -0.454474614     0.209515805     0.008985423
    -0.457630583     0.202318462     0.007276065
     0.033503391    -2.095284391    -0.430421578
    -0.460642562     0.195089336     0.005135553
    -0.463755450     0.187855770     0.007283998
    -0.319917855    -2.308138194    -0.587841771
    -0.466727474     0.180582224     0.008993972
    -0.469492086     0.173268886     0.009003049
     1.777964604    -2.104973768     2.110931244
    -0.499763288    -2.337064127    -1.569358057
    -0.472000951     0.166058070     0.007311084
    -2.770740559     1.331764795    -0.316950928
     1.525672695    -2.404525196     1.539741929
    -1.278580143    -2.368623337    -1.648239001
    -2.476058152     1.377558991    50.512682831
     1.191793166    -2.580687780     0.933283120
    -1.813859593     1.671647244    45.344665947
    -1.181180327     2.064087229    46.685556304
    -0.476805813     0.151715548     0.007349050
    -2.208368523     1.768743652    52.396604993
    -0.481658226     0.135854384     0.009125561
    -3.157308118     1.161451787    60.657196407
    -2.659001590     1.561938243    56.623705309
    -2.283514554     1.640622845    52.140654661
    -2.153911686     1.554315084    -0.690111625
     3.378040989    -1.684778254     3.003853518
    -0.485683781     0.120645670     0.008986735
    -0.487435431     0.112983396     0.007276791
    -0.489233972     0.105329421     0.008987797
     2.485282813    -2.194861308     1.492680265
    -0.490744055     0.097615323     0.007275436
    -1.864645811     1.744439913    -0.460230371
     1.304972029    -1.918035775     2.145900299
     2.345870951    -1.956333147     2.623558768
     0.851539592    -2.337156344     0.768542683
    -0.492301190     0.089910171     0.008990485
    -1.883852456     2.017183308    53.122316502
     0.625984514    -2.503691663     0.138955485
     0.434961241    -2.595167199    -0.801612138
    -0.493652578     0.082166321     0.008987929
    -0.494882159     0.074402205     0.008985272
    -0.105152172    -3.392860758    -0.627357738
    -2.930975961     1.123335987    -2.274703083
    -0.496974994     0.058820867     0.008985273
    -2.535846047     1.659653738    -0.245765058
    -1.883563751     1.966676343     0.347742032
     2.049471384    -1.730477419     3.122252209
     3.036895027    -0.676473856     4.108683479
    -0.497837734     0.051007480     0.008987934
    -3.260953435     0.943848203    61.328599373
     3.195025314    -1.601238578     2.699291058
     0.877507348     0.501963705    -2.079576179
    -0.498492197     0.043174103     0.007275319
    -3.253223066     0.870371116    -2.348891908
     0.396678548    -3.020599530    -0.213709568
    -2.771451748     1.172144772    54.684836366
    -2.729056141     1.184311078    -2.494588374
    -2.613113251     1.307898929    53.628931424
    -2.451077744     1.397229407    52.235951203
    -2.097313652     1.630629804    50.427526490
    -0.499194132     0.035344840     0.008985274
    -2.508960166     1.267846690    -1.534598137
    -3.154042365     0.272554616    56.018447750
    -2.725657904     0.420116753    48.448257383
    -2.529567922     0.375374250    44.512944213
    -0.499687853     0.027499486     0.008987935
    -0.209293413    -3.722713812    -0.605582893
    -2.252567187     1.071724448    -2.201860099
    -2.332200630     0.183484117    39.766225511
    -2.258696035     0.113377519    38.118784404
     0.897600159    -0.086527441    -0.337736921
    -0.500058019     0.019647333     0.008985275
    -3.643930894     1.970315036    79.610669602
    -1.026154731    -1.132831955    20.585137522
    -1.824239760     0.203276121    -2.754994608
    -0.500428408    -0.003930437     0.008985285
    -0.412272554    -1.717900694    26.680738376
    -0.436375722    -1.669301325    25.678815100
    -0.347076600    -1.775323393    27.580999372
    -0.500305068    -0.011790343     0.008987949
    -0.189746059    -1.990607337    31.844769330
    -0.500058019    -0.019647333     0.008985292
    -0.329757743    -1.699239711    25.795280236
    -0.471283035    -1.844001426    28.915748687
    -0.499687722    -0.027499479     0.008985297
     0.821012860     0.754535286     0.834548997
    -0.136811555    -2.029757425    32.254685558
    -0.499108788    -0.035338797     0.007274105
    -0.498384464    -0.043164712     0.005112491
     4.394407893    -2.565020942     1.593439757
     0.507984176    -1.415796765     3.055821072
    -0.497752566    -0.050998750     0.007275649
     0.721159111    -1.605973640     2.874895410
     0.637244013    -1.731188900     1.486148465
     0.356215494    -1.991487891    33.248926777
    -0.496975127    -0.058820882     0.008987946
    -0.495989898    -0.066619772     0.008987945
    -0.494882160    -0.074402204     0.008985280
     2.686288974    -2.166138132     2.760436917
     1.243527630    -1.396049209    34.272531114
    -0.493652448    -0.082166296     0.008985272
     1.031846183    -1.727646210    35.257826670
    -0.492300935    -0.089910115     0.008985270
     0.815162460    -2.021165237    37.195798336
    -0.490744020    -0.097615054     0.007273703
    -0.489150207    -0.105311284     0.007273695
    -0.487519073    -0.113000854     0.008985273
    -0.485600933    -0.120623899     0.007273687
     1.241760501    -1.763801375     2.393282116
     0.880004596    -1.977960961     2.065674942
     0.642029203     1.138113471     1.844790452
     2.014566717    -0.324045222     2.827767701
     1.260858487    -1.138870742    31.148988168
    -0.520889276     0.869147779     0.378779491
     2.757984095    -0.570088198     5.158660553
     0.698420524     1.232861806     2.423027153
     0.671327682    -1.176496822    21.273241945
     0.279083990     1.177047627    -0.159501740
     0.658588816     0.938298402     2.600418875
     1.308916859    -0.723722105     4.586518877
     0.538491683     1.049353405     2.316758475
    -0.483729069    -0.128258439     0.008985264
     1.195122875    -1.161289876     5.189350851
     0.445507448     1.196938411     0.655254208
    -0.481572430    -0.135817472     0.007273680
     1.276958403    -1.340615314     4.476345131
     0.594912978    -1.297105894    21.908066412
    -0.382958182     0.936343192     0.808205232
     1.473412553    -1.861733760     4.435170675
     0.727595201    -1.445922791    25.895743700
     2.560699410    -0.992282819     3.535673875
    -1.052523674     0.621204363    -1.230460463
    -0.479379848    -0.143364974     0.007276954
     0.673646575    -1.512192730    26.164098495
     2.780806676    -1.199911065     3.573055850
    -0.477150519    -0.150902894     0.008990507
     1.060611242    -1.749326060    34.805905702
    -0.474721253    -0.158378992     0.008987934
     0.754069431    -1.712356917    30.225879852
     0.907654312    -1.888874850    34.838473710
     1.035400458    -2.134665573    40.290204132
    -0.472174853    -0.165816006     0.008985273
    -1.003482677    -0.935217329    -1.901142725
     0.986892365    -2.569263659    47.219473737
    -0.807578610     1.032693007    -0.336731886
    -0.469512202    -0.173212196     0.008987932
     1.761075482    -1.643229726     3.523412557
    -1.088447597     0.719162631     0.179434300
    -0.466653718    -0.180534708     0.007275312
    -0.639455703     0.867187494    -0.882529364
    -0.403625709     1.274515460     0.545607742
    -0.463760356    -0.187842283     0.007273685
    -0.359755671     0.483616355    -2.718727153
     2.951093042    -0.611576214     5.449980766
    -0.460831450    -0.195136910     0.008985273
     2.128369806    -1.102432749     3.808194012
     2.018764396    -0.772520599    41.856773395
    -0.344180440     0.835188104     0.541249012
     1.954342158    -1.285820245    43.169804363
    -1.225191945    -0.054505756    -2.617890562
     1.721899459    -1.617782614    41.954569943
     2.369716054    -0.697299945     3.626410130
    -0.611209899     1.018551251     0.706416583
     1.625316599    -2.173341617    47.469272575
    -0.457709521    -0.202351263     0.008985273
     2.551467931    -0.453415313     4.494363612
     2.464908886    -0.800558931     3.772475121
    -1.214024757     0.342411461    -1.149068403
    -0.454474659    -0.209515688     0.008985273
    -0.451050590    -0.216591408     0.007275312
     2.855403301    -0.713478643     4.651436663
    -0.447669476    -0.223687758     0.008987932
     2.109452611    -0.809474531    42.726982090
    -0.444024723    -0.230652375     0.007275312
     2.344961409    -1.247081308     3.365952829
    -0.440422259    -0.237638956     0.008985273
     2.225832936    -0.487832415    44.282622362
    -0.436635254    -0.244527492     0.008985269
    -0.432740632    -0.251355760     0.008987932
    -1.303674793     0.059082548    -2.516888671
    -1.111234646     1.188557032     0.091795270
     2.043648852    -1.249095066    43.301226167
    -0.428739231    -0.258122012     0.008990507
    -0.424559233    -0.264779173     0.007276915
    -0.420419646    -0.271461527     0.008985273
     2.064929429    -0.914858862    41.478434287
     2.617538750    -0.786952558     4.122789551
    -0.416103958    -0.278031777     0.008987932
    -0.411685595    -0.284533428     0.008990499
    -1.358953511     0.212524421    -2.429354574
     1.537968341    -0.148819524     1.507436929
    -0.407165571    -0.290964824     0.008991104
     1.976637412    -0.341049809    38.337983646
    -0.402545025    -0.297324404     0.008990445
    -1.393036336     0.374777694    -1.870899764
    -1.301409569     0.711420880    -1.122942942
    -1.472189163     0.826549524    -0.048312299
    -1.172684962     1.392782093     0.148883642
     2.430505524    -0.522377810     4.184312547
     2.042478611    -0.061467406    40.174572137
     1.009733923    -0.202356477    -1.410538505
     0.932768261    -0.150218851    -1.629906586
    -1.352519555     1.086330316    -0.385767565
     2.423438902    -0.464266828     4.191411510
     1.868177911    -0.825275072    36.306262049
    -0.397756466    -0.303559170     0.007273372
    -0.393006802    -0.309821999     0.008984829
     1.869877857     0.253653906    -1.022181863
     2.085912847    -0.042034819     3.584161069
    -0.388091443    -0.315957540     0.008987192
     1.870816382    -0.047049975     3.472922753
    -0.383078890    -0.322016375     0.008984113
    -0.377967985    -0.328000726     0.008989966
    -0.372758015    -0.333922176     0.009155512
    -1.445634128     0.662446175    -2.787658712
    -0.367383869    -0.339808652     0.008921532
    -0.361658093    -0.345852042     0.008316798
     1.678541582    -0.475419590     3.690984977
    -1.507346092     1.072468807    -0.681361089
     1.406278834    -0.100888284     1.342477640
    -0.355260664    -0.352455204     0.008876500
    -0.346552999    -0.361026125     0.009674937
    -0.339421016    -0.367761404     0.009208885
    -0.333804150    -0.372858153     0.009072934
     1.443577753     0.652725584    34.557530950
     1.336805575     0.185541208    26.879227238
     1.268793149    -0.101792167    23.030723180
     1.307916483    -0.442995196    22.758149504
    -0.327966230    -0.377999703     0.009016955
    -0.321923559    -0.383048746     0.007328260
     1.253696485     0.211878038    24.826105358
     1.370256123    -0.135240154    24.183551707
     1.687190060    -0.485498231    29.972577440
    -1.754947252    -0.425816701    -2.411498771
    -0.315954440    -0.388094086     0.008989038
    -0.309821107    -0.393007612     0.008986508
     1.133938366     0.051632603    20.121854168
    -1.602152486    -0.687915514    -2.613801206
    -0.303556736    -0.397758592     0.007277636
    -0.297324170    -0.402544884     0.008985408
    -1.359368484    -0.778387830    -2.630051081
    -0.290914643    -0.407095928     0.007274330
    -0.284484528    -0.411615060     0.007273944
    -0.278031701    -0.416103849     0.008985278
     0.899348101     0.244658471    17.450088184
    -0.271415092    -0.420347762     0.007273726
    -0.264721087    -0.424467323     0.005102417
     0.802526543     0.294041454    16.286626204
    -0.258077734    -0.428665691     0.007273691
    -0.251355693    -0.432740517     0.008985273
    -0.244527557    -0.436635370     0.008987934
     0.512198817     0.539253819    17.988208006
     0.624904324     0.244411121    12.046315666
    -0.237638956    -0.440422259     0.008985273
     0.463791544     0.317205901    11.817437974
     0.538370078     0.073805173     6.774166310
    -0.230652337    -0.444024651     0.007273685
    -0.223649483    -0.447592875     0.007275312
    -0.216628476    -0.451127782     0.008987932
     0.766684140     0.791654388    23.842084748
    -0.209515688    -0.454474659     0.008985273
    -0.202351316    -0.457709643     0.008987934
    -0.195136962    -0.460831573     0.008987934
    -0.187874411    -0.463839676     0.008985273
    -0.180565604    -0.466733580     0.008987934
    -0.173212241    -0.469512323     0.008990507
    -0.165816050    -0.472174978     0.008987932
     2.442300459    -1.222881224     3.857519065
    -0.158378949    -0.474721126     0.008985269
    -0.150902815    -0.477150270     0.008985273
    -0.143364928    -0.479379692     0.007273685
    -0.135787980    -0.481467859     0.005100675
    -0.128208660    -0.483541327     0.005100675
    -0.120623918    -0.485601012     0.007275312
    -0.113000884    -0.487519203     0.008987932
    -0.105329296    -0.489233869     0.008985269
    -0.097631750    -0.490827954     0.008985273
     1.221243111    -0.803190268     5.250902892
     1.124937680    -0.762926163     4.478179940
     1.053458853    -0.900783725     5.010838629
    -0.089910115    -0.492300935     0.008985269
    -0.082152245    -0.493568030     0.007273682
    -0.074373327    -0.494690088     0.005100675
    -0.066608383    -0.495905110     0.007276954
    -0.058820898    -0.496975254     0.008990507
    -0.050998760    -0.497752631     0.007276954
    -0.043181503    -0.498577636     0.008990507
     0.172028814    -1.519398223     1.147237740
    -0.035344859    -0.499194393     0.008990507
    -0.027494786    -0.499602434     0.007276954
    -0.019647333    -0.500058018     0.008985269
    -0.011788323    -0.500219379     0.007273682
    -0.003929765    -0.500342912     0.007275312
     0.357193733    -1.376582025     5.166187659
     0.003930437    -0.500428541     0.008987932
     0.011788325    -0.500219460     0.007275312
     0.019647338    -0.500058151     0.008987932
     1.457087744    -0.508084561     3.195039065
     0.027499486    -0.499687853     0.008987934
     0.035338802    -0.499108848     0.007275314
    -0.359362221    -1.512119837     0.250693051
     0.043164721    -0.498383870     0.005100675
     0.050987670    -0.497644384     0.005100675
     0.897789265    -0.777103537     4.307368990
     0.058810827    -0.496890171     0.007276954
     0.066619789    -0.495990025     0.008990507
     0.074402243    -0.494882418     0.008990507
     0.637205362    -0.216096911    -3.805754068
     0.082166339    -0.493652706     0.008990507
     0.089910162    -0.492301192     0.008990507
     0.849788270    -0.774591680     4.414987019
     0.097615087    -0.490744180     0.007276954
     0.105311319    -0.489150367     0.007276954
     1.966349815    -0.926579138     4.383972313
     0.113000913    -0.487519328     0.008990507
     0.120644562    -0.485684118     0.008987934
     2.069402966    -0.733707043     4.244682686
     0.128258439    -0.483729069     0.008985273
     0.135817472    -0.481572430     0.007273685
     0.143364951    -0.479379770     0.007275312
     0.150902855    -0.477150396     0.008987932
     0.158351891    -0.474640023     0.007275312
     0.165751650    -0.471991595     0.005100675
     0.173144924    -0.469329852     0.005100675
     0.180534678    -0.466653641     0.007273679
     0.187874411    -0.463839676     0.008985264
     0.195103540    -0.460752645     0.007273679
     0.618244296    -0.614760703     2.263541590
     0.202316692    -0.457631324     0.007275311
     0.209515743    -0.454474780     0.008987930
     0.216591408    -0.451050590     0.007275311
     0.223600882    -0.447495610     0.005100675
     0.230652337    -0.444024651     0.007273682
     0.237638956    -0.440422258     0.008985269
     0.244527492    -0.436635254     0.008985273
     0.552578250    -0.618094461     2.036060347
     0.532292893    -0.557222792     1.165040343
     0.517959192    -0.491726450     0.413141895
     0.251312710    -0.432666515     0.007273686
     0.258121877    -0.428739007     0.008985273
     0.558835079    -0.504477324     1.312023895
     0.264824372    -0.424631712     0.008985269
     0.302055464    -0.450399881    -0.953225728
     0.271415106    -0.420347753     0.007273716
     0.277923794    -0.415942351     0.005100675
     0.284484494    -0.411614798     0.007269239
     0.450056159    -1.097163443     5.423835614
     0.290964648    -0.407165339     0.008985280
     0.297273516    -0.402476175     0.007278147
     0.303610420    -0.397824971     0.008984384
     0.988705751    -1.346085629     5.926421615
     0.314493418    -0.389017701     0.004983942
     0.321475267    -0.383272055     0.004989245
     0.328374114    -0.377581412     0.008056900
     0.339348960    -0.367704027     0.007388424
     1.314337267    -1.123969698     5.164266147
     0.345298125    -0.361965725     0.005106801
     0.351017510    -0.356575043     0.007286927
     1.454052099    -1.045766755     4.981457126
     0.356635556    -0.351077079     0.008985190
     0.362043638    -0.345372454     0.007260421
     0.367344529    -0.339569807     0.005100310
     1.294411542    -0.701147157     4.393698378
     1.403504827    -0.719531169     4.366766364
     0.372474561    -0.333930739     0.005049034
     0.514705816    -0.144442613    -2.640440829
     0.377829388    -0.327863672     0.005099849
     0.382953509    -0.321857345     0.005018065
     0.387941365    -0.315833967     0.005099122
     0.393101874    -0.309390154     0.005137340
     0.398245472    -0.302969222     0.007913183
     0.411615037    -0.284484661     0.007275080
     0.418780819    -0.278665914     0.060585182
     0.424469375    -0.264724240     0.005170609
     0.429052909    -0.257607781     0.009075006
     0.436301902    -0.245079451     0.008578872
     0.440172422    -0.237737788     0.005528142
     0.444132787    -0.230498070     0.007772036
     0.448503015    -0.223559166     0.022760617
     0.339888454    -1.150175545     6.256169140
     0.411118084    -1.108143004     5.635636255
     0.340215850    -1.077649795     5.018647422
     0.588934190    -1.254510189     4.385620367
     0.682486196    -1.142346554     4.768904616
     0.658235032    -1.008845492     5.188938299
     0.534532091    -1.034037831     4.177979644
     0.457665914    -1.061293886     4.768545465
     0.550015408    -0.920812441     2.345652624
     0.482371200    -1.134683817     3.712640177
     0.498025453    -1.140471445     4.671934373
     0.563534208    -1.114093202     6.033193460
     0.353999593    -0.431293904     0.070214691
     1.202459583    -1.074553178     5.185886854
     0.849582503    -1.145365666     5.166449045
     0.923329419    -1.002202953     1.891241813
     1.126631700    -1.151016460     5.171076743
     0.454242090    -0.209608729     0.005541524
     0.443831986    -0.328308298    -0.537383877
     0.457498323    -0.202358183     0.005178305
     0.537500962    -0.181458864    -0.893820147
     0.555908414    -0.045117950    -1.784526220
     0.590956272    -0.017313448    -1.591654957
     0.644512855     0.071547458    -1.173557266
     0.535695481     0.038853434    -2.530518235
     0.759875753     0.319225756    -1.950146733
     0.585683821     0.056703039    -3.090648255
     0.672985373     0.356890049    -1.197318841
     0.480403303     0.265562548    -4.756980822
     0.415665389     0.349801343    -4.337554512
     0.445869813     0.380979567    -5.307369337
     0.625070467     0.485704685    -2.727112034
     0.791678313     0.518904110    -0.562128258
     0.710221397     0.619096146    -0.811441517
     0.530136986     0.512475369    -4.608649197
     0.774426992     0.709984861     0.064079075
     0.808412940     0.927582045     2.211783320
     0.233581369    -0.558717237     5.179722930
     0.198479559    -0.590149913     6.176067012
     0.190831836    -0.595301194     6.461879825
     0.189631664    -0.613783531     7.020014457
     0.460637115    -0.195103378     0.005144799
     0.189308587    -0.683408084     8.866570951
     0.191605725    -0.724417424     9.901247197
     0.178892996    -0.792077484    11.608855820
     0.172013861    -0.858850738    13.245256845
     0.203160937    -0.765829079    11.161986697
     0.124012918    -1.184765753    20.711068504
     0.170187131    -1.047827198    17.730029337
     0.186803573    -1.026068680    17.326021318
     0.206368929    -0.960204794    15.961423879
     0.212360397    -0.912629903    15.047742278
     0.215230603    -0.625135117     8.733873063
     0.463758164    -0.187848889     0.007282645
     0.389437472    -1.003399045    16.972855468
     0.351935789    -1.112994766    19.516438618
     0.351895964    -1.220768498    21.964922887
     0.373156405    -1.250364986    22.712211519
     0.359668816    -1.457372301    27.547553338
     0.472180064    -0.165817905     0.009096200
     0.474721407    -0.158379067     0.008991338
     0.477066353    -0.150876345     0.007225428
     0.479462000    -0.143389546     0.008991910
     0.481659992    -0.135842168     0.009093245
     0.483733469    -0.128259605     0.009076305
     0.485685798    -0.120644979     0.009022564
     0.487519451    -0.113000942     0.008993031
     0.489233875    -0.105329298     0.008985400
     0.490827958    -0.097631752     0.008985357
     0.492300938    -0.089910117     0.008985328
     0.493652449    -0.082166297     0.008985307
     0.494882160    -0.074402205     0.008985292
     0.495989766    -0.066619755     0.008985283
     0.496890013    -0.058810812     0.007273786
     0.497837602    -0.051007466     0.008985276
     0.498577375    -0.043181480     0.008985275
     0.499194132    -0.035344840     0.008985271
     0.499687721    -0.027499478     0.008985280
     0.499989120    -0.019644607     0.007606232
     0.500290896    -0.011789999     0.008704424
     0.500428419    -0.003930419     0.008985496
    11.407560634     0.511229010     1.053418566
     9.036402298    -0.967956771     1.077366784
     9.052001681    -1.437547664     1.293120319
     9.096064246    -1.196124995     0.997944424
     9.239983988    -1.671037095     1.341230030
     9.073993239    -1.417468022     1.270454549
     9.251998770    -1.625758712     1.263610101
     9.189208177    -1.800408616     1.388950644
     9.043545276    -1.948312378     1.328620417
     9.028497575    -2.017299710     1.218538051
     9.772312723    -0.332269430     1.050967055
     9.174010692    -2.011589664     1.305493373
     9.194580850    -1.911536229     1.340983642
    11.269786514    -0.076373515     1.026800986
    10.622253678     0.707511582     1.061573722
     8.536566587    -1.762217470     1.237281967
    10.520779519     0.843710636     1.076340790
     9.134484524    -1.597624325     1.330686023
     8.980919566    -2.113077006     1.181420194
     9.062982060    -1.488859547     1.295052257
    10.579941355     0.674816616     1.035382749
    10.111659693     0.164789842     1.055579281
     9.436734284    -1.791434113     1.272825055
    11.284682357    -0.139576850     1.052600903
     9.003519321    -1.431696595     1.326554753
    11.260890876    -0.267231701     1.083303160
    11.383628396     0.049385021     1.021121156
     9.279295763    -1.987633006     1.342070349
     8.771270018    -1.477729210     1.268935374
     9.250882639    -1.865902158     1.361937284
     9.394730967    -1.841292336     1.312761000
    10.408012656    -0.598573291     1.061671162
     8.735995524    -1.791792900     1.184108268
     9.206374095    -2.009516108     1.306859468
     8.837470475    -1.958834729     1.186911539
    11.372206726    -0.261882801     1.083395176
     9.341821583    -1.780563199     1.372006375
     9.214388711    -2.058996477     1.301262557
     9.185956000    -1.983711480     1.301138959
     8.851375266    -1.854240741     1.284699185
     8.888910156    -1.321605281     1.166199207
     8.905979401    -1.376176852     1.259871918
     9.215020513    -1.802769023     1.390169867
     9.300377125    -1.908903178     1.325456990
    11.012009186    -0.804581502     1.122191175
    11.222353986    -0.875036573     1.154773120
    11.197937790    -0.826177096     1.128364895
     9.006303390    -1.319804799     1.143964627
     8.932326258    -1.472988278     1.304838071
     9.060666647    -2.084705343     1.147171510
     9.033220316    -2.086021804     1.139608374
     9.379364686    -1.888854379     1.327794777
    11.286352433    -0.523835778     1.094281501
    11.462409481    -0.322889263     1.091181659
     9.106550434    -1.735571036     1.421890523
     9.133658733    -1.791718317     1.388510559
     9.235116148    -1.789247647     1.354413911
     9.020440374    -0.628809794     1.071469122
     8.874253979    -2.085427243     1.132217345
     9.115029354    -0.647839761     1.051922479
    11.187546049    -0.527263286     1.073124776
    11.337451343    -0.041058265     1.033797864
     9.096678582    -0.679016974     1.060921261
     9.063148474    -0.754307606     1.107068026
    10.964453190    -0.497781777     1.078833778
    10.292448469    -0.327237957     1.067854934
     9.122536496    -0.469043248     1.076595473
    11.401212395    -0.206442518     1.050940964
    10.905928873    -0.558952796     1.103707304
    11.181536392    -0.893019227     1.150319765
    11.134912224    -0.549806550     1.086736276
    11.264987804    -0.844729369     1.138069709
     8.531200193    -1.815653754     1.162817583
     8.833756220    -1.661278918     1.398730614
    11.204487302    -0.664233663     1.112652385
     9.106755421    -1.344922777     1.130912171
    10.006229808    -0.740703150     1.196909880
    10.618121213    -0.632377551     1.079956620
    10.547553225    -0.636665514     1.092981339
    10.596585514    -0.687183928     1.143625034
     9.067115770    -1.569674092     1.366510316
     8.994231966    -1.948358098     1.263740363
    10.147689150    -0.678242458     1.100345626
    10.153829521    -0.793918036     1.221454173
     9.047251095    -1.549485592     1.366897982
     8.641535713    -1.734417461     1.190487036
     9.111164904    -1.619074519     1.388817691
     9.259188902    -1.614523694     1.233973564
     9.871493287    -0.518298734     1.059345060
    10.640608482    -0.683956911     1.133037023
     9.165091700    -2.026389044     1.302064200
    10.038018036    -0.804715338     1.219717310
    10.013200028    -0.578107776     1.060157028
    10.117330910    -0.740025668     1.170823241
    10.245819307    -0.765635909     1.154430541
     9.356363994    -1.750742985     1.280565636
     9.753179603    -0.832132088     1.134485907
     8.844240352    -1.289010066     1.173148350
    10.985474962    -0.969125882     1.184248043
     9.169408494    -1.892392046     1.352581689
     9.909246628    -0.426784988     1.001221517
     9.140608036    -1.801518479     1.405928011
     8.899598893    -1.667565248     1.425546214
     9.092128088    -1.160572118     1.000739291
    10.033313786    -0.701483194     1.144646005
    10.178368972    -0.604354932     1.046787859
    10.092331160    -0.663293656     1.105024890
     9.080577355    -0.897873020     1.142617492
     9.306089075    -0.743397787     1.081807377
    10.187700032    -0.741917219     1.139696603
     9.959132544    -0.575321911     1.062345708
    10.525448137    -0.753572111     1.074956957
    10.121374610    -0.509687874     1.002880159
     9.313502729    -1.703391964     1.291387682
     9.204551159    -0.732679967     1.092322604
     9.822573219    -0.896997481     1.131617662
     8.577142045    -1.845918746     1.167790986
     8.606330552    -1.901293666     1.224599534
     9.030740920    -0.994643438     1.096561983
     9.416847733    -0.734778341     1.092783843
     9.018778772    -2.109571943     1.192132053
     8.987364919    -1.678968885     1.410114854
     8.829088620    -1.537367170     1.328830156
     9.201360305    -1.195440651     0.992724108
     9.975995083    -0.347042653     1.002794286
     9.923801607    -0.640707061     1.128262188
     8.830690057    -2.014436233     1.154364831
     9.976210987    -0.687903395     1.144879498
     9.401134900    -1.768742182     1.271615898
     9.997848854    -0.495839821     0.997700905
    10.209287646    -0.830940536     1.209209729
     8.687498540    -1.781047773     1.181810047
     9.396874521    -1.663533028     1.223057659
     9.259938072    -1.478945446     1.135904717
     8.933227450    -1.794206540     1.327432424
     9.339012644    -1.577089303     1.203837505
     9.212952590    -0.876103553     1.077274492
     9.948885338    -0.779489198     1.197171903
    10.146646375    -0.252047418     1.037233602
     9.241012651    -1.334864438     1.059474556
     9.043619313    -1.395004089     1.225949062
     9.158444676    -1.434550015     1.181954579
    10.101881141    -0.619369657     1.034345121
     9.438225566    -1.554637127     1.163270532
     9.151833783    -0.921839558     1.109328144
     9.161843241    -1.270395217     1.042112349
     9.391238059    -1.626401756     1.156754059
     9.343091433    -1.520340318     1.155138504
     9.225607527    -0.819594472     1.133788696
    10.358857899    -0.525649219     1.031390889
     9.417469144    -1.548436816     1.157046683
     9.784821229    -0.905340876     1.140423154
     9.059953995    -1.324150913     1.136344429
     9.144045456    -1.316078034     1.102661441
     8.862209888    -1.251510507     1.154139004
     9.229103160    -0.932060113     1.077295579
     9.352203207    -1.863086909     1.318003100
     8.737120146    -1.491979780     1.277433673
     9.235602297    -0.975178023     1.084388113
     8.808022244    -1.799727282     1.210882833
     8.999960908    -1.405364192     1.256619163
     9.344986467    -0.865440732     1.118026004
     9.106944553    -0.924608814     1.118760422
     9.395520206    -1.893317754     1.321063087
     9.368996211    -1.627986723     1.175434221
     9.344115471    -1.404497180     1.056986003
     9.215441040    -1.433866102     1.139702570
     9.121726719    -1.354727225     1.145490039
     9.064057745    -1.261886295     1.074120297
     8.653710332    -1.850060420     1.189668401
     9.091199471    -1.401567989     1.204323912
     9.107188087    -1.249951970     1.036604437
     9.305761220    -1.451396814     1.108001473
     9.005237746    -1.250993193     1.095132884
     8.754707458    -1.751509944     1.187801121
    10.040818567    -0.315864020     1.010547557
     9.042279922    -1.519725794     1.335630736
     9.908504484    -0.476802083     1.013120010
     9.085471946    -1.294668757     1.094576097
     9.247317950    -1.392779121     1.101181695
     9.244795395    -1.599874848     1.252728254
     9.331116319    -0.808940400     1.101772893
     9.205285856    -1.261550406     1.025276266
     9.285807439    -1.761661062     1.353072912
     9.300829054    -1.949799302     1.347052767
     9.358320538    -1.923421174     1.342636364
     9.015429700    -1.219360922     1.035131582
     9.161787552    -1.214669078     0.999993499
     8.897928610    -1.348704931     1.216212670
     9.033397027    -1.357063457     1.178634661
     8.982856342    -2.042484813     1.176083314
     9.247729097    -1.804585508     1.391399786
     9.065249821    -2.068604157     1.189831454
     9.193194104    -1.729056033     1.397316741
     9.209971214    -1.325808001     1.052852441
     8.974561756    -1.336500247     1.183118527
     9.291023847    -1.916082398     1.342882438
     9.190347091    -1.349900956     1.121477346
     8.945284799    -1.988051410     1.237130075
    10.977540301    -0.995389208     1.189540149
     9.307160225    -1.625482073     1.232966404
     9.133598500    -1.480097811     1.244288641
     8.896432646    -1.499134463     1.312071593
     9.164271470    -1.576472694     1.310154396
     8.833660647    -1.881483955     1.222415742
     9.303858184    -2.004969263     1.330594065
     9.281330098    -1.349538221     1.052778638
     9.294800552    -1.518570773     1.191299362
     9.066540036    -1.204057459     1.012718162
    11.135905862    -0.442016301     1.070037244
     9.200637912    -1.496490450     1.204998590
     9.107112557    -1.516968992     1.308049185
     9.014805322    -1.281815758     1.127193001
     9.234804709    -1.270668258     1.024173808
     9.350928811    -1.640266755     1.236053114
    11.464216714     0.082120650     1.032157832
     9.091389159    -0.960639435     1.096332433
     9.357618834    -1.604093098     1.164739673
    10.318432037    -0.363461598     1.031173556
     9.028365921    -0.760288010     1.118526526
     9.122334446    -1.396132001     1.171072257
     9.035530091    -1.963113817     1.294857277
     9.432434736    -1.861949106     1.307871880
     9.115340401    -1.452314759     1.242681260
     9.096967335    -1.368478052     1.143375228
     9.271141911    -1.463733222     1.114615722
     8.860579645    -2.049852277     1.084390071
     9.244971244    -1.263509674     1.009159841
     9.130488942    -1.675005078     1.423899222
     9.194410035    -1.560023198     1.282656113
     9.010630302    -1.536773737     1.360903198
     9.228338336    -1.509235808     1.221711387
    10.410834431    -0.330401585     1.064378741
     9.346367379    -1.447647333     1.115413680
     9.224665658    -1.582971409     1.280259894
     9.114462133    -1.018854264     1.075433467
     9.147976770    -1.687645304     1.435796654
     8.510274599    -1.871836425     1.201517686
     9.343017788    -1.903240594     1.329926853
     9.050136293    -1.235285217     1.051462804
     9.020447954    -1.421601759     1.301300229
     9.478137737    -0.782295215     1.105874559
     9.337596292    -1.835291975     1.313800263
     8.624312672    -1.767412221     1.204446310
     8.676996859    -1.474051224     1.257055153
     8.965392841    -1.991892913     1.261903933
     9.289076673    -1.652286111     1.301620586
     9.191829660    -1.628884719     1.327027467
     8.914977686    -1.716874751     1.449510891
     8.819094590    -1.722691372     1.329925726
    10.215394161    -0.790602654     1.211573526
     9.254433470    -1.515606075     1.218730832
     9.008321421    -1.361696970     1.199672630
     9.237146089    -1.738024360     1.371251634
     8.964837776    -1.281714740     1.126585975
     9.295193785    -0.886040169     1.106797378
     9.052249562    -1.133051715     1.032099628
     9.166685481    -1.653319177     1.390217266
     9.034061180    -2.069353594     1.158040671
     9.218798691    -1.228029526     1.013356925
     9.162128648    -0.966366872     1.115910435
     9.285340832    -2.004828023     1.321909721
     9.343089818    -0.772381513     1.087211290
     9.236942523    -1.565548510     1.266892719
     9.140881620    -1.509729585     1.277351523
     9.718356452    -0.845478682     1.134504641
     9.184763465    -2.073879550     1.289333757
     9.263789491    -1.823584324     1.388279836
     8.924903830    -1.957629904     1.223982563
    11.127380454    -0.940623617     1.145412784
     8.940387509    -1.398102317     1.269094535
     9.004782746    -0.628065680     1.082148319
    10.190030779    -0.256070435     1.044187823
     8.704758111    -1.442274031     1.245141093
    10.540384875    -0.738722115     1.094638703
     9.047908792    -1.606035994     1.383850089
     9.044757598    -0.617031170     1.058795054
     8.581458367    -1.757369448     1.228677421
     9.814354437    -0.841825636     1.134205923
     8.794430079    -1.751701441     1.239414203
     8.945995711    -1.611599741     1.350667289
     8.959599003    -1.417753269     1.285447147
    10.891611542    -0.697270836     1.115417803
     8.866825012    -1.709346286     1.391388982
     9.282414794    -1.848196081     1.353027778
     9.912925413    -0.887844011     1.168444275
     8.911010317    -2.037633319     1.127285872
     8.892390736    -1.894293155     1.241383403
    10.368858013    -0.386043139     1.030691855
     9.037457431    -1.794882543     1.396722377
     8.734285821    -1.713491190     1.227876301
     8.916083444    -1.752380243     1.389254243
     8.880361462    -1.970783453     1.194120974
     9.031390952    -1.464765242     1.312170697
     9.203475471    -0.839400369     1.101825123
     9.867176829    -0.707113866     1.155586268
     9.897782799    -0.857273563     1.196851652
     8.895200772    -1.178853631     1.128744331
     9.045005519    -0.591137768     1.106789546
     9.153719719    -2.093867677     1.262132388
     9.065348198    -0.631701022     1.051243576
     9.970631087    -0.273059232     1.017171252
     8.943809959    -1.079117832     1.109265781
     9.047805290    -0.656689696     1.063742220
     9.103840663    -0.692833079     1.064063085
     8.950817946    -2.027960239     1.178738417
     8.557373795    -1.789647407     1.197495378
     8.719133611    -1.685423798     1.269298940
     9.146607257    -0.487946235     1.062728917
     8.973529972    -1.840591297     1.327715487
     9.063540397    -0.479243586     1.080386558
     9.067859221    -0.712663917     1.083718232
     8.566948644    -1.726488537     1.244079922
     9.007201929    -1.784464228     1.409007157
     8.515392884    -1.922940802     1.214054820
     9.014183355    -0.945436038     1.098876939
     8.721760536    -1.660336848     1.358203041
     8.963256529    -2.058856378     1.119273373
     8.950895969    -1.569808430     1.374394309
     9.039490865    -1.983463474     1.232324066
     8.779855480    -1.697996562     1.338724834
     9.018258121    -1.870444466     1.295147188
     8.860825353    -1.790423642     1.258262265
     8.960370574    -1.864519236     1.233988103
     8.636712611    -1.690805302     1.236688722
     8.946937039    -1.949511890     1.261618098
     8.891812429    -1.796674574     1.277496348
     8.885518326    -2.035864286     1.101831661
     9.085450743    -0.922359046     1.114840225
     9.077120204    -1.510493975     1.315830426
     9.149850275    -0.637759918     1.056360652
