    10.339504074     0.681509574     1.061333300
     9.393769057    -1.616930466     1.187947951
     8.900459041    -2.036015845     1.081828345
     8.465679218    -1.308003266     1.204756862
     8.976419479    -1.819974330     1.247874786
     9.963900623     0.181793559     1.048192661
     9.005698347    -0.944365082     1.112697157
     9.870000009     0.417596826     1.062018725
     9.321529138    -0.170061248     1.081202542
     8.869002420    -1.851803841     1.240566969
     9.901619006     0.134181463     1.053761181
     9.754687787    -0.078133873     1.061321500
     9.316359002    -2.060849184     1.294879112
     9.181239880    -0.722021395     1.088969892
     9.133928915    -0.539671809     1.082824726
     8.493311728    -1.258829294     1.202342443
     9.243352006    -1.865527180     1.368955528
     8.566527639    -1.785294329     1.204325100
     9.559763242    -0.129346670     1.074099182
     1.047741611     1.207949277     3.215493971
     8.891090374    -2.094573469     1.144281902
     9.142820381    -0.784222221     1.135515836
     8.441841489    -1.241934555     1.204910411
     8.572258906    -1.304526518     1.211371044
     8.657586987    -1.320023673     1.216786045
     8.681555594    -1.414931047     1.228334220
     8.954599558    -1.576146742     1.358561090
     8.883912885    -1.664175546     1.376988181
     8.860450971    -1.499690373     1.274931409
     8.442016560    -1.171247235     1.198841572
     8.474308433    -1.251784237     1.203437982
     8.661387476    -1.378444866     1.226892392
     7.446176187    -1.134892062     1.261312719
     7.774737404    -1.111471929     1.234520359
     8.430333116    -1.141177941     1.207042631
     2.973534672     0.246274365     2.048496578
     1.214000138     0.674626859     0.085114632
     4.045051953    -0.686754846     2.575752366
     0.506045265     1.129701886    20.593992242
     3.246776987    -0.187550851     2.491746842
     0.500425164     0.003929988     0.008920324
     2.145230495     0.140735309     4.268390647
     1.377393867    -1.417964271     3.985930571
     0.729993437     0.802324891     1.404731975
     3.858941654    -0.413128301     2.234913692
     0.489410574     0.852695366    14.477821097
     0.476345893     0.777397599    12.674310503
     0.807978173     0.259054361     1.786036952
     0.464124815     0.746856356    11.844359186
     2.546608707    -0.154843180     3.917070790
     0.552529465     0.371991098     1.623921477
     3.124401732    -0.274938359     2.863195435
     1.103303815    -0.181412552     1.666484076
     0.439854908     0.895732648    14.922810154
     0.440473925     0.677513315    10.002929774
     0.516449151    -0.388758076     0.872935064
     0.787900988     0.655033442     1.616592998
     2.940864499    -0.012398136     1.968635482
     2.968508160    -0.155866002     2.161662672
     2.898845092    -0.592600314     4.845773019
     2.838985308    -0.342573654     2.799283346
     1.362720476    -0.256688223     1.225685867
     0.427759580     0.693941420    10.210625717
     0.583604667    -0.355007430     1.335481901
     0.476628131     0.209167462    -0.259222367
     1.373381050    -1.295717915     3.315725126
     2.151529100    -0.430510013     1.912261798
     2.233751347    -0.908215964     5.755197032
     1.482490859    -0.883995568     4.199844262
     0.659941643    -1.475631941     1.652232669
     2.458034668    -0.634945730     4.448845958
     3.133235486    -0.446416616     3.956344233
     3.309221061    -0.290576381     2.947519923
     0.631031388    -0.111524924     1.029248097
     0.663830816    -1.179274216     2.842097630
     0.500300237     0.011788678     0.008890571
     0.725140494     0.641861079     2.301737257
     0.466019410     0.252820747     0.735621405
     0.510325171    -1.097284432     1.921491583
     2.882441670    -0.171871656     2.058135385
     1.904026018    -0.104807443     2.623147091
     2.906394390    -0.310519914     2.663873467
     3.246721670    -0.436632642     3.770679044
     3.450676882    -0.525647133     3.161582312
     3.112937382    -0.904846950     3.313381157
     2.777728460    -0.899292482     3.713073712
     1.161841312    -0.278838136    -0.524329050
     2.698399592    -0.225619600     2.195246966
     3.028979701    -0.634231547     4.804444184
     2.436667861    -0.334967655     1.484210121
     3.080685152    -0.175178454     2.152005115
     1.233084824    -1.093215762     4.406204145
     2.843918251    -0.509600058     4.245970271
     1.058648369    -1.146566801     4.649313451
     2.235531503    -0.369953526     5.254718675
     2.343277329    -0.332893539     1.540925344
     2.070413619    -0.070068931     2.359221888
     2.454725875    -0.491752092     3.437606803
     0.959090155     0.541320784    -0.107027973
     0.497081569    -1.081962697     2.866851105
     0.796283335    -1.009320928     5.171355922
     2.598726598    -0.947284847     4.205145900
     0.581124616     0.395421249     2.145338485
     0.717221130    -0.763043032     4.918335352
     2.940893687    -0.576736893     4.765744512
     2.598945968    -0.324844617     2.083471722
     2.349845678    -0.540824045     3.343165916
     0.775255630    -0.314703080     0.492661731
     3.133014935    -0.557962733     4.578576754
     0.342685182     1.264071467    22.457800028
     0.435869867     0.374973967     3.110370014
     1.825237952    -0.567285381     2.338404486
     2.107864815    -0.540716520     3.188486513
     3.403481224    -0.719330505     3.674624508
     1.977447405    -0.397201417     2.136978679
     1.538464375    -0.617788796     3.271924485
     1.055386499    -0.990818202     4.366818228
     0.465214129    -1.210216735     7.431840269
     2.149223103    -0.924064479     4.646947788
     2.015185088    -0.661348343     3.804571300
     1.832389801    -0.686289725     3.893044697
     0.942292422    -1.015974725     4.630727737
     1.793513570    -0.633570406     2.980371555
     2.443981753    -0.363598940     2.145956723
     3.051005622    -0.666659964     5.226391176
     2.681313599    -0.487650076     3.867453630
     2.020478265    -0.578294812     3.279272173
     0.489867939    -1.042105481     4.237456691
     1.434149250    -1.560763833     4.022831573
     1.563979022    -0.761863127     3.869781941
     1.568485078    -0.838092690     3.911955374
     0.642933817     0.799632492     2.834289316
     1.397458786    -1.028098934     4.377611707
     0.514601682    -0.840932462     0.687589383
     1.664673919    -0.863605063     4.078787673
     0.887524030     1.398855875     3.176316373
     2.090318109    -0.856958631     4.355058136
     0.851836795    -1.450836287     2.006551222
     0.500050933     0.019645357     0.008842114
     3.263269338    -0.568598698     4.743401837
     0.499678808     0.027498367     0.008806076
     0.525350018    -0.821333322     6.032893501
     0.406397032    -0.712827861     7.072975110
     1.316783404    -0.326020242     0.908862216
     2.390050714    -0.414548595     2.827759245
     0.684652297    -0.830210215     4.704595455
     2.224899567    -0.358934152     5.194248137
     0.499185366     0.035345208     0.008810908
     0.498570649     0.043182854     0.008853609
     2.219708074    -0.767711830     4.147969898
     2.284548933    -0.400227977     2.432686799
     1.698240434    -0.198574802     2.101317822
     0.429996650    -0.749585512     6.862149646
     2.604630982    -0.382155889     2.894824170
     1.675386585    -0.290464989     2.330370753
     0.407018539    -0.623061945     6.127387166
     0.789378724    -0.931181989     4.532552729
     2.278864147    -0.833342502     5.168986744
     1.758856551    -0.166802717     2.330457276
     1.371135551    -0.355246712     1.066771517
     1.115184344    -0.355406291    -0.082125050
     0.497833433     0.051008921     0.008905292
     0.780982571    -0.934822571     5.252116838
     1.853594214    -0.592883212     3.012940747
     0.745857803    -0.867913653     4.807146719
     2.127128548    -0.213109231     2.648134568
     1.906494506    -0.221143098     1.043185654
     0.468875239    -0.472500124     4.105694854
     1.860556300    -0.156559218     2.722242757
     1.160504005    -0.563248450     2.494885874
     1.703336554    -0.071749574     5.340947718
     1.116245528    -1.325212009     4.532585525
     0.706192078    -0.924621926     4.908439840
     0.767003207    -0.747729389     3.882199351
     0.725699984    -0.910355297     4.407818150
     2.310074464    -1.067327919     8.188702692
     2.089020318    -0.445649531     1.759381925
     0.496972772     0.058821861     0.008943467
     1.924904175    -0.449676285     3.599408435
     0.855698401    -0.250682505    -0.509909811
     2.793609415    -0.567898688     4.616379900
     1.245908213    -0.890415703     4.094326551
     2.613143966    -0.562974929     5.022596805
     0.508510383    -0.084925608     1.070738495
     1.320114509    -0.839229469     3.656419497
     0.495988661     0.066620211     0.008964583
     1.878491093    -0.335647490     2.838119483
     1.129174239    -0.879584387     4.437579193
     1.546047237    -0.934410623     4.199720214
     2.560601013    -0.507568467     3.920720110
     0.494881632     0.074402126     0.008974625
     0.493652329     0.082165271     0.008979572
     0.492301503     0.089906327     0.008982827
     0.303738479    -0.803257626     7.606863408
     0.523417103    -0.137571124     2.056104739
     0.490830566     0.097618837     0.008986134
     0.468905476    -0.560775024     3.739677049
     0.489243890     0.105285945     0.008998786
     0.592818113    -0.382505228     7.486965496
     1.565175786    -0.968306380     4.284291796
     1.976953428    -0.196022162     2.272647710
     2.061367853    -0.170151453     3.330714709
     0.488696824     0.113142377     0.032571714
     0.486040544     0.120428350     0.014867230
     1.095560881    -0.611437558     2.420695904
     4.406631791    -0.095026939     1.766727308
     0.904835218    -0.835486130     2.213766126
     1.356677822    -0.909853636     4.195714178
     1.673672013    -0.196376635     1.820015963
     3.689601341     0.356595199     1.682416079
     2.066368173    -0.152482311     2.861630558
     0.666888767    -0.349031338    -0.039196050
     0.481709889     0.135648407     0.009003423
     0.589751432    -0.305809979     6.208072105
     0.336049597     0.420430618     0.448627277
     0.479409254     0.143252407     0.007195876
     1.081627621    -0.532450855     2.115320841
     1.272775959     0.360481330     0.239306231
     0.400014416    -1.347270896     4.664525354
     1.461275123     0.985394781     0.744943793
     1.118001036    -0.037521531     1.664253757
     0.819769699    -1.002677120     4.997172030
     0.957738133    -0.723729905     4.605052381
     0.223790974    -1.020080732     9.505701938
     0.581510120    -0.279973747     5.729783074
     1.051255828    -0.859752745     4.224989387
     0.656792207    -0.470806119    10.419231973
     1.537472927    -0.414555250     2.479851713
     0.578453401    -0.234559716     5.083823488
     0.654365267    -0.420168388     9.649362581
     3.454470838    -0.270992502     2.762856012
     4.627584561    -0.475304810     1.871567762
     1.481623494    -0.428733214     2.539799558
     3.723933095     0.438252733     1.223416461
     3.096397544     0.385325057     1.019473332
     3.613929718    -0.419869103     2.401171760
     0.677515315    -0.450620521    10.630327021
     0.795084116    -0.479135857     1.363574444
     0.477155137     0.150886254     0.008978222
     0.616968193    -0.286290395     6.885466064
     0.801146182    -0.696679886     1.894539996
     1.765229211    -0.595208233     2.568810305
     0.778390146    -0.508391669     2.195170783
     0.957696299    -0.247017893     0.765680730
     0.958965554    -0.428290508     0.173115032
     0.474728038     0.158376282     0.009099529
     2.417864506    -0.564603757     3.834810143
     1.169243187    -0.255620993     1.178536715
     0.595487917    -0.698677326     3.935110365
     0.337408961    -0.756301321     7.843579801
     0.484856753     0.430761523     1.964934144
     1.146618418     0.052295204    -0.258437698
     0.710269517    -0.481791269    11.861235701
     1.382692636    -0.495902580     1.452897220
     0.450825215     0.609301757     2.064624506
     1.435758940    -0.799664820     3.085397508
     1.532276144    -0.570773456     2.898995526
     1.616918745    -0.526603875     2.819867722
     0.440955996     0.887894403     2.946775400
     0.749422014    -0.542407313    13.595891520
     0.984206183    -0.535477246     1.324512498
     0.432276177    -0.647862042     5.734005131
     0.853292873    -0.213103603     1.621191835
     0.658496133    -0.301032524     1.769648218
     0.543196885     0.216808537     1.853114531
     1.171404841    -0.813431213     3.859007562
     0.360346449    -0.857860999     8.378966219
     0.549454469     0.864033561     3.606021049
     3.721942221     0.169829895     1.914333232
     1.218966532    -0.530088495     2.110372729
     3.517610849    -0.237598144     2.673094758
     0.423427952    -0.939105251     8.217185454
     0.459187526    -0.817583534     6.102826453
     0.669327500     0.879864071     3.319017340
     0.502474959     0.693385798    -0.004265581
     1.435891583    -0.634800369     2.428521056
     1.382272073    -0.751765236     3.443499128
     1.382134843    -0.552046323     2.478143134
     0.912380180     0.718290314     2.941081726
     0.472177081     0.165815252     0.009022322
     0.669046439    -0.693444538     3.838749030
     0.469512220     0.173211742     0.008985125
     0.808766610     0.957809862     3.704921097
     0.844949419    -0.709481585    17.942611361
     0.666163980    -0.633412117     2.823067528
     0.991887485    -0.374910910     1.569599205
     3.442138027     0.018640501     2.118583915
     0.623496854    -0.237165965     6.563730581
     4.490507984    -1.398108024     2.318572176
     0.823082563    -0.616351039    16.221490451
     1.535790004    -0.244153627     1.314024404
     3.628690490     0.111651261     2.165523746
     1.051449422     0.976478250     3.015757430
     1.147611515    -0.828307909     3.850341353
     2.816247681     0.305067365     1.159349981
     3.358301873    -0.014026840     2.089357174
     0.701671883    -0.445035152     2.047772674
     3.051642035     0.234901256     2.186349465
     0.801855459    -0.549290575    14.858133072
     1.154714831    -0.381785161     0.786809938
     1.355999934    -0.652786979     2.882765198
     3.201994615    -0.457577022     4.088057899
     0.882149449    -0.826803641     1.827501652
     4.736776813    -1.150535784     1.944060971
     1.211264768    -0.700188140     2.982909024
     4.159397637    -0.197244987     1.995631283
     3.504633880     0.386927911     1.126783185
     0.823885611    -0.572993547    15.694000397
     0.975771229    -0.951687334     4.443023412
     0.302576322     0.689757878     1.014803910
     0.430583090    -0.783809450     6.854322052
     0.557673726     0.269434598    -0.451169520
     2.859458692     0.216132043     1.275527998
     0.336352967     0.649879427     2.665543726
     0.466733500     0.180565457     0.008985361
     0.779387412    -0.480834636    13.590043610
     1.279564296    -0.309225107     0.892053134
     0.422606050     0.316723851     0.343493866
     4.567966756    -1.377926837     2.244433439
     0.824685991     0.423495687    -2.151598931
     0.463839703     0.187874442     0.008985995
     0.544962994    -0.830152734     6.298108421
     0.731363797     0.185472358    -0.659334560
     0.460831504     0.195137077     0.008987554
     0.457709679     0.202351694     0.008991650
     3.398851878     0.287292617     1.544558123
     0.696872763     0.638031341     3.452861735
     0.548981883    -0.621610814     3.414204809
     0.454475108     0.209516658     0.009001547
     0.922331592     0.903265669     3.507317231
     0.784438958    -0.103840979    -0.090275114
     1.119693379    -0.764563509     3.129614637
     2.348704998     0.447645557     0.846349360
     0.265315386    -1.005282727    10.166682266
     0.714347703    -0.354726518    10.569678610
     0.850815392    -0.853957086     4.168093943
    -0.205783647     0.767205785     4.186387015
     0.656985511    -0.246667787     7.947356208
     0.844781760     0.568166559     0.529868607
     0.549357127    -0.110463177     4.033945151
     4.383512935     0.823159393     1.191218589
    -0.085539865     0.925531417     4.655964446
     0.767248897    -0.391626712     0.893889346
     0.606236263     0.188488670    -0.487859760
     1.024332117    -0.836582906    23.523237492
     0.323622215     0.726344005     0.729927861
     0.400595045     0.340726067     0.325561627
     3.018656918    -0.544191601     4.454127551
     0.397904527     1.126266251     2.330668262
     0.108981314     0.891364373     4.016993330
     0.434714644     0.385965157     0.609489629
    -0.021981447     1.019679320     3.295940100
     2.194987827     0.582136759     0.735081699
     0.243093007     0.583393188     2.472989899
     3.785709186    -0.508733966     2.733715242
     0.451128798     0.216630341     0.009022386
     0.583191877     0.304199422     2.122474854
     2.060375793    -0.212027302     3.077311281
     2.478984339     0.644808495     0.608557790
     0.783669820     0.961395863     4.613251276
     0.886861338    -0.445779400     1.885831066
     3.840180104    -0.105274732     2.258799071
     1.616376097     0.327290785    -0.810713104
     0.221067503     0.756441987     2.670373866
     1.117498112    -0.572333181     5.128109863
     0.189486716     0.774468505     1.590333418
     0.631539593    -0.273533213     8.470889444
     4.987373819     0.026420160     1.435662809
     0.447671825     0.223690966     0.009058636
     2.758245552     0.070355060     2.258279381
     1.964883068    -0.716878486     4.030344471
     0.579117882    -0.393473475    10.537549748
     0.444105040     0.230696426     0.009106932
     5.155181531    -0.658589667     1.672188095
     4.716311273    -0.252673516     1.792487065
     0.440428664     0.237644554     0.009151181
     4.039675196     0.554835470     1.216247864
     3.710419356    -0.122341343     2.786755107
     0.436642496     0.244534239     0.009177574
     0.432747352     0.251366958     0.009216644
     2.497835739    -0.462782235     3.444033648
     2.102677203     0.569294693     0.150329010
     3.615606785    -0.218251865     2.567992004
     0.428746771     0.258147799     0.009385719
     2.184441498     0.924449673     0.418795613
     4.342065891     0.122353290     1.428298299
     0.424650773     0.264885102     0.009951536
     0.420480909     0.271577559     0.011273584
     1.744848582    -0.594834778     2.859369677
     4.493385029    -1.667401906     1.873828189
     0.414770160    -0.556720866     4.879515240
     1.508468978     0.444923477    -1.531193153
     2.136815954     0.753289799     0.291758189
     0.416245899     0.278178880     0.012982925
     0.411876736     0.284632207     0.013258577
     1.290498317    -0.295855397     0.863369815
     0.874966622    -0.915849461     4.658405638
     0.407313951     0.290993443     0.011738521
     0.511754773    -0.591935249     4.168551070
     3.056567987     0.170041413     1.983716958
     1.048538311    -0.216826377    14.852529237
     0.590313016    -0.393663739    -0.034366808
     0.865935564    -0.835564135     5.436597902
     0.782532448    -0.301329998    -1.698296873
     0.402637017     0.297290038     0.010062284
     0.397860957     0.303615819     0.009622037
     0.767330890    -0.271459322    -2.599860904
     0.393025065     0.309840705     0.009503300
     3.193830446     0.201755997     1.886751429
     0.388108105     0.316000665     0.009790171
     4.351033091    -0.075200049     1.724901595
     3.255226693     0.583425723     0.626050526
     0.733742786     0.016136777     6.684041032
     1.154871392    -0.502671222     1.660716377
     1.457565669    -0.119397864     2.268819293
     0.915354476    -0.867079463     3.095847929
     0.383127963     0.322089807     0.010680441
     0.451553396    -0.617033454     4.937521308
     0.661008464    -0.846056475     6.462927309
     0.378062579     0.328027135     0.010765048
     0.738179731    -0.066377597     7.769174919
     2.684687230     0.245968641     2.136308971
     0.707565318    -0.036455771     6.959455875
     0.633026790     0.039474909     4.828436059
     0.573563996     0.071715914     3.426135308
     0.372825809     0.333886433     0.009688533
     1.499366198    -0.729795187     4.388144003
     0.510053230    -0.742431638     5.236983233
     4.591942393    -0.557992475     1.600552146
     0.367506498     0.339698467     0.009225774
     0.362065517     0.345371100     0.007558365
     0.496661385     0.367316583     1.503615019
     0.356638291     0.351076519     0.009016312
     0.351078113     0.356635519     0.008999164
     2.767805112     0.509229843     1.066478318
     2.982554050     0.255885913     2.358783869
     0.697900246    -0.309862171     0.946917035
     2.036823876     0.621436357     0.420630213
     0.345432431     0.362106356     0.008996021
     0.498648637    -0.275436519     0.745048215
     0.339701971     0.367487862     0.008999630
     1.348028924    -0.711860724     3.688337463
     0.564633144    -0.515860360     2.874217464
     0.333887886     0.372778820     0.009007839
     0.327991485     0.377978090     0.009021473
     2.280578192     0.483992486     0.633303609
     1.178679760    -0.607156499     2.379615515
     2.916514993     0.192715474     1.651481819
     4.366948208     0.183479838     1.270470401
     0.322014220     0.383084760     0.009046248
     0.315957833     0.388098093     0.009094024
     0.639529035    -0.857137733     5.434575325
     0.651554211    -0.139497659     3.986500077
     2.855400609     0.107191564     2.668454465
     0.309824330     0.393017071     0.009174979
     0.787515211    -0.985823061     4.245830492
     2.624164649    -0.147812270     2.559209454
     1.472413117    -0.568324772     2.890398471
     1.353869738    -0.280981934     1.527100034
     2.581996414     0.035568255     2.211804142
     0.634975967     0.616887797     2.902559450
     1.452831098    -0.737122828     3.455826285
     0.303615346     0.397839930     0.009281990
     1.979243323     0.121007960     3.591804634
     1.305097036    -0.401048180     1.525247471
     1.962695791     0.480964555     0.110780282
     3.890118747     0.041377317     1.966219328
     0.297292586     0.402543812     0.008592879
     0.501369655     0.221190349     1.656702088
     4.904552121    -1.456434774     1.895502624
     2.403081008    -0.084554604     2.875342364
     2.109873138    -0.130807004     2.066003824
     0.629265157     0.749766774     3.191117023
     0.638767319     0.514582975     2.160706159
     0.542627906    -0.090249986     1.394023318
     0.541401623     0.172565681     2.583080390
     2.837163174     0.171700491     1.822958543
     0.290971575     0.407192140     0.009501941
     1.767615487    -0.384092315     2.971268262
     2.597921442     0.119256245     2.181914659
     0.544812175     0.164735693     2.833665169
     2.299409146     0.271790424     1.977732202
     0.284496462     0.411730345     0.009306537
     1.742109142    -0.118780245     3.000672005
     1.115254502    -0.189267357    -1.901377253
     0.522277140     0.184339101     2.375220610
     0.278020571     0.416170221     0.009965426
     2.959703944    -0.190302606     2.425992602
     0.271358388     0.420551374     0.010080612
     0.662602929    -0.145311959     2.958600929
     1.570063489    -0.022791178     1.442208715
     2.681781464     0.675551078     1.049576327
     3.439604889    -0.083834583     2.650881939
     1.467749811     0.726321484     0.216485883
     4.559039802    -1.643635323     1.969371638
     0.263911710     0.425071095     0.006822964
     1.257033828     0.513922981    -6.078036506
     1.000032477    -0.216038929     1.651099924
     0.264725940     0.522831114     1.708367341
     0.251297706     0.432776203     0.009020137
     0.581892914     0.134581213     4.039446646
     0.936452949    -0.305945249     0.035413835
     0.244510211     0.436645500     0.008995207
     2.557023936    -0.128146968     3.394924759
    -0.092625574     0.718872693     3.034186477
     2.259327292     0.064924746     4.505536276
     1.216285855     0.518190851    -1.341288783
     2.485066280     0.243513875     2.427465243
     0.517157410    -0.460859385     2.026464844
     0.468639294     0.222596976     1.406863888
     2.398671277    -0.504591096     3.494911770
    -0.180975620     0.775280201     2.863168617
    -0.076049742     0.768545016     2.517992712
     0.237634120     0.440425105     0.008989443
     0.436447015    -0.292803840     1.846516420
     0.230691300     0.444100969     0.008987421
     0.539256238    -0.226428942     1.439203775
     2.642687031     0.474839146     1.156581321
     0.223690785     0.447667971     0.008988069
     0.216640350     0.451122272     0.008991389
     2.765222859    -0.219662802     2.191461633
     0.098134460     0.807881877     2.968383839
     0.419018337     0.330093511     1.058006113
     0.209556723     0.454456308     0.008995627
     0.202490307     0.457648576     0.008995801
     0.195601985     0.460622082     0.008766640
    -0.379739118    -0.927858890    -1.820366962
     0.586383685     0.021793861     0.141070466
     0.723839304     0.410852356    10.431479239
     0.524574189    -0.023821802     0.225273758
    -0.609656896     0.530834050    -1.703357078
     2.092441187    -0.003975092     3.410818362
     1.594528384     0.931441514    -0.385082991
     0.480395320    -0.528874083     4.432071932
     2.429156849    -0.247849636     1.909043976
     0.503333495     0.239438252     2.550079395
     0.181856337     0.466192887     0.008294874
     2.277402273     0.141860767     4.304753475
     3.017595711    -0.409834443     3.590254896
    -0.786331889     0.666809570    -0.541373070
     1.195030830     0.237663856     0.302613140
     0.556982705     0.668615872    10.290755478
     0.173523781     0.469393704     0.008925799
     0.322140962     0.515934288     1.903132146
     1.557049173    -0.065991983     2.978312238
     1.674019344    -0.143763019     3.322958892
     0.165981224     0.472029305     0.007335273
     0.158405861     0.474711198     0.008967293
     1.835424892    -0.025122708     3.460666134
     2.049027488     0.284494879     1.216879730
     2.277613937    -0.189494720     2.358329567
     0.150910780     0.477147586     0.008982130
     1.613211494    -0.134967682     2.335516889
     3.129552323     0.057570862     2.013697021
     1.607186090     1.064201839     1.383572146
     2.404473580     0.387954951     0.546030216
     0.143374987     0.479376282     0.007265994
    -0.604554300     0.658962240    -3.201605271
     0.135841298     0.481654613     0.008984969
     2.174867913     0.182253307     4.279520466
     0.697148287    -0.493343730     1.797842145
     0.128258371     0.483729318     0.008989742
     1.381884266     0.267852974     2.605380250
     0.973465067     0.438158895    -1.234131024
    -1.043861473     0.823137650    -1.029478763
     1.001172665    -0.028802446     2.050545933
     0.955035245     0.145154191    -0.513889170
     0.707326538    -0.535113820     1.998722839
     0.447877287     0.546885250     1.536230322
     0.044179490     0.508098190     1.077056197
    -0.025049019     0.537623128     2.186408801
     1.144723477     0.731056890     1.292500748
    -0.552727276     0.798072931    -1.514686023
    -0.966106714     0.741398693    -2.411068826
     0.522065962     0.436786723     1.604377821
     1.377550944    -0.142820649     1.196986981
     0.300821551     0.649517987     1.263893843
     1.478540383     0.894819010     1.907843943
     0.383697674     0.668106362     0.944144370
     2.390944048     0.306559728     1.063190667
    -1.269761647     1.114862129     5.020188947
     1.103590387     0.176281935     3.636637480
     1.932524531     0.077059796     3.449120372
     1.987612661     0.216645823     2.703839655
     2.392505034     0.010663176     3.513725534
     1.947578415     0.303641111     1.932958213
     2.711376210    -0.642158488     5.198526242
     0.753498250    -0.409099430     0.186465630
    -0.068205982     0.550501603     2.846739476
     2.168121419     0.325240444     1.059776225
     0.120643634     0.485684613     0.008993080
    -0.968447646     0.925299654    -1.945289709
     0.112970453     0.487444096     0.007387184
    -1.191901998     1.007352721    -1.026731833
     0.105321140     0.489240895     0.009088315
     1.820719139     0.253831765     1.304808741
     0.097610547     0.490849951     0.009334038
     1.504533586     0.036857789     1.200294353
    -0.067439759     0.540062599     2.554869300
     2.513820022    -0.121645596     3.674540088
     1.412841256     0.783138272     1.740054678
     2.498884463     0.080180562     3.097787338
     0.254453855     0.722707344     3.654559328
     1.640720763     0.236213688    -0.280680382
     0.955859022     0.753897721     1.171956910
     1.054084060     0.675295831     0.919420763
    -0.082706017     0.537500968     2.617497593
     2.144605926    -0.648018902     3.953389476
    -1.007189045     1.166877652    -2.482740737
     2.218921771    -0.219490166     2.119091069
     1.796522802     0.077462512     2.406523707
     1.250905475     0.494897751    -6.310027482
     0.089862930     0.492364692     0.010070255
     0.361563768    -0.924458484     8.838474632
     1.917151725     0.373917352     0.456983460
     0.082088703     0.493812459     0.011887691
     2.348541314     0.010182677     3.582902264
     0.074329656     0.495207948     0.015213499
     0.066659350     0.496392112     0.017066008
    -0.061088786     0.515960059     1.856813723
     0.480533976    -0.900095568     7.375026006
    -1.374387825     0.221985946    -1.069917351
    -0.274589680     1.121096726     1.487598788
     1.248097184    -0.042489039    -0.569424715
     0.643080425    -0.125259190     1.095477262
     0.785733942    -0.364266499    -2.800090740
    -0.466620033     1.360311895    -0.381000841
     2.205021518     0.230654227     2.851423507
     2.682059458    -0.070103277     2.647279310
     2.595120377    -0.043661733     3.041017285
     2.339649197     0.031137595     5.505750606
     0.644247305    -0.059851690     2.271586536
    -1.232785981     0.483152710    -2.171265888
     1.286238999    -0.221545051     2.525967899
     1.334458115    -0.341029310     1.791380963
     2.095377934     0.218386386     2.467682128
     0.485470102    -0.498326398     3.132585544
     0.396309434     0.332411745     1.525321041
     0.058956300     0.497292293     0.015606000
    -1.280251333     0.643568801     0.868525141
    -1.161624273     0.584523738    -1.139813168
     1.055894795    -0.415169081     0.473575907
     1.171461814     0.070729749    -0.211127485
     0.051132836     0.498003541     0.012542801
     1.143412451     0.007115259    -0.216258723
    -0.976122541     0.641718140    -0.770865216
     0.043253197     0.498647334     0.010503165
     0.969329468    -0.305653916     2.075077468
     1.130538908    -0.146688550     2.256973675
     2.282218292     1.487810873     1.001642427
     1.035936200    -0.218743962     1.437708350
     0.769757009    -0.493440508     1.680550176
    -1.102226352     0.630268258    -0.878481664
    -0.771451683     1.090095679    -1.393585835
     0.909693314     0.048665906    -2.501264063
    -0.911925992     1.092696077    -1.861624151
     1.453059128     0.879361609     1.713296137
     0.858723406     0.313103878    -1.962649875
     0.035378006     0.499222548     0.009599047
     1.484379790     0.916801391     0.851160667
     1.286177291     0.351989053     0.575124941
     1.083366039    -0.055980739     1.405324047
     1.785963758     0.135666989     1.386467375
     0.541521851     0.253047842     4.848440013
     1.085068991    -0.023925979     0.406530041
     0.741271810     0.403943238     1.562251148
     0.027513678     0.499699793     0.009241976
     0.019653126     0.500063527     0.009099906
    -0.469387665     1.200672303     1.097076342
     0.841850614     0.843208632     2.388315292
     0.830803128     0.348688650    -1.050760988
     1.735723506    -0.040886060     2.514464139
     2.434957761     0.005196265     3.700482582
     1.388704035    -0.111682941     2.543869612
     0.011792430     0.500308043     0.009048421
     0.663098130     0.160368205     8.334001066
    -0.610917233     1.415234704     0.142678309
     0.374715446     0.761173559    -0.281981469
     1.736406662     0.453121539    -0.302307080
     1.481973908     0.293902564    -1.021072115
     0.248041983     0.459248991     0.633072101
     1.572500063     0.169369308    -0.198405947
     0.228249576     0.653886405     1.654310690
     0.299812826     1.028291650     2.650613836
    -0.749658906     0.817065829     0.702193420
     1.400561669     0.304166124     3.025989497
     1.173061290     0.319352174    -0.423932852
     1.436652131    -0.103345761     2.480068277
     0.879637196     0.093355328    -1.873064449
     1.600239541     1.151982482     1.825075946
     0.003931017     0.500430958     0.009036365
     0.154029060     1.264741223     2.170620863
     0.733658378     0.089718913     0.076531001
     0.737340265     0.069531824    10.911685297
    -0.003930256     0.500430959     0.009036270
    -0.820410648     0.338566779    -1.528115811
    -0.352660868     0.693734958     2.750641185
    -0.932901631     0.447520264     1.040891952
    -0.011790070     0.500307332     0.009033092
     0.050366561     1.578831258     6.624208966
    -0.183527866     1.218671925     1.414446639
     0.022813326     1.171463578     2.580758890
     0.748892024     0.311730842    10.013520021
     1.072208009    -0.389157885     0.597586317
     0.897304510     0.162927527    13.987977041
     1.133058989    -0.100726075     5.142926264
     1.085746297    -0.043325642    19.708543654
     0.156494957     0.927128423     2.288231845
    -0.019642067     0.499980261     0.007427184
     1.511950481    -0.185781785     1.725512685
    -0.303421231     0.794506627    -0.586988115
     1.088699663    -0.308567786    -0.346689413
     1.032381361     0.443468863    -0.823758071
     0.913990797    -0.096096040     0.098142167
     1.056836882    -0.069853813     1.322721228
     1.046316117    -0.177885227     2.120260551
    -0.895483009    -0.120568755    -0.034295224
     1.344023933     0.526599377    23.339187792
     0.295296718    -1.057668072    11.208005347
    -0.027499038     0.499688976     0.009009863
     1.122133030     0.274944583    -0.195272579
     0.473396287    -0.722592395     6.139633924
     1.180855484     0.419118914    -1.695976357
     1.063731520    -0.387979371     0.265384838
     1.581763025     0.344011774    28.380566012
     1.277646224     0.371357396    22.135588644
     1.562477397     0.391303821    28.222009376
     0.842393626    -0.040480854    -7.595166060
    -0.927427850     0.528417543    -0.193209144
    -0.035344511     0.499194958     0.009001279
     0.812776789    -0.096153048    -0.583802889
    -0.043181123     0.498576086     0.008958958
    -0.938336899     0.220953878    -0.246382141
     0.855102690     0.392648490     0.348307438
    -0.051007811     0.497842070     0.009074865
     1.522024136     0.271798456    27.866538350
     1.579585693     0.330358045    29.088989463
     0.882029381    -0.155151687     1.134875252
    -1.005591650     0.169694988     1.018135186
    -0.058820817     0.496975052     0.008986304
     1.554076501    -0.073376026     1.259008029
    -0.499048143     0.487866351     1.560933186
     1.076660360     0.334487475    -1.090342238
     0.003012529     0.696869451     2.170587331
    -0.899367110     0.371788105    -0.106795883
     1.557097226     0.345755731    28.746228950
    -0.875892734     0.253955587     0.036091932
     0.690656827     0.964451152     3.811508225
    -0.718701979     0.476318760    -0.849224938
    -0.478316859     0.563247303    -1.461395860
    -0.849220409     0.184707910     0.438224833
     1.529771530     0.365972078    28.299331062
     0.976189473     0.314862207    -1.773135892
     0.799624418     0.811781596     1.809783524
    -0.066619733     0.495989787     0.008985642
    -0.074389410     0.494797689     0.007276596
     1.503128365     0.387128607    27.868971001
     1.096338556     0.390602508    -0.253509851
    -0.657707409     0.324897456    -1.116303026
     1.510172537     0.392947129    28.160309491
    -0.082166315     0.493652581     0.008987973
    -0.089910115     0.492300936     0.008985283
     1.024540004     0.667723118     5.239782900
    -0.870213953    -0.117155685     7.342632735
     0.827314814     0.789425118     1.839970253
    -0.097631753     0.490827954     0.008985272
    -0.774161296     0.137131706     4.639088803
     1.692016139     0.554111126    -1.233029515
     1.470197747     0.404123230    27.464909007
    -0.034149925     1.132587987     4.672239153
    -0.692035274     0.279035294     4.131711729
    -0.627338159     0.324225366     2.274964172
     1.414916237     0.409997118    26.451046757
    -0.105329306     0.489233867     0.008985265
     0.586911967     0.754339892     3.876359272
    -0.937149121    -0.408889547    11.785890218
    -0.113000888     0.487519063     0.008985243
    -0.158224448     0.646370424     1.822831282
    -0.120644646     0.485683955     0.008985186
     0.864233023    -1.318902975     4.199522240
     1.001977967    -1.247393632     4.911882722
    -0.128238256     0.483645839     0.007272807
    -0.135815934     0.481460052     0.005102186
     0.585560235     0.787671251     1.066124815
    -0.143377732     0.479375815     0.007272777
    -0.081224002     0.934448665     2.697000663
     1.944700515     1.103769846     0.700924410
    -0.150918226     0.477145686     0.008990827
     0.945372032     1.030369103     6.615753738
    -0.158446263     0.474611973     0.007340865
     0.316243952     0.903703208     2.626950033
     1.248132851     0.404115628    23.080730353
     1.181847169     0.365692856    21.859216137
    -0.441391928     0.436801440     0.157794453
     0.007791804     0.731025276     1.507451029
    -0.165995352     0.472128316     0.009296951
     0.656182784     0.904875505     3.757682079
     1.205359495     0.219456368    22.943165579
     2.364120203    -0.093151765     3.996826296
     0.609284104     0.779350927     2.582160344
     0.650264526     0.777029020     3.917556804
    -0.555948215     0.297101136     1.887169212
     0.560205529     0.708378726     2.288934927
     0.638397247     0.075767298    -0.707374232
    -0.173887414     0.469306151     0.009815557
     0.704146846     0.160904701    -0.164588664
    -0.188747196     0.463556968     0.010331262
     0.890858976    -0.218379827     0.772346356
     0.520085309     0.210211876     1.909258197
     1.631254992    -0.346942457     2.660987973
    -0.350762219     0.391519120    -1.387698731
     0.490551928     0.299893801     0.578430277
     0.778424428     1.006725773     4.822598610
    -0.203534096     0.459459394     0.050565181
    -0.078380348     0.892763859     2.452441035
     0.575020157    -0.414809812     1.260135605
    -0.209476302     0.454404564     0.007382363
     0.680344361     0.181172754     3.166799376
    -0.216603141     0.451050238     0.007370555
     1.823258759    -0.073104809     2.881293921
     0.890663163     2.450190117     1.207754002
     1.607985249     1.531640242     1.678430767
    -0.223681191     0.447608516     0.007838617
     0.506651956     0.630441850     0.440223713
     0.267469688     0.886381888     2.656388270
     0.501863287     0.555170304     0.208467583
    -0.230694535     0.444064970     0.008378339
    -0.308302539     0.925251517    -0.641442850
     1.751354038     1.718187475     1.104937310
    -0.237642780     0.440405458     0.008725885
     0.526179362     0.557580676     0.955524079
     0.626085216     0.108204410    -1.228654979
     0.585462230     0.476944888     1.782535746
     1.694618965     0.925869149    34.312084855
     0.633927966     0.734830516     4.810474005
     0.678760862     0.491368853     4.169757542
     0.563047541     0.296316766     2.127793982
     0.573322007     0.411175722     1.634706515
     1.068396741     0.752719466    20.967092852
    -0.244529862     0.436628387     0.008888599
     0.352958820     0.700287757     0.463654193
     0.381865548     0.628384934     1.910415265
     0.655030504    -0.265679665     2.380517178
     0.288207801     0.640598582     2.242322804
     0.816063819    -1.031426758     1.558494968
    -0.251356855     0.432738047     0.008954225
    -0.127442750     0.827173585     3.388329812
     0.649275548     0.012616999    -0.760635260
    -0.258122305     0.428738051     0.008973315
     1.054607952     0.655481991    20.444693254
     0.297075415     0.618098729     1.296141342
    -0.264779963     0.424556887     0.007245457
    -0.271461576     0.420419498     0.008983321
     2.008801999     1.525397507     0.906458241
     1.082460855     0.643037881    21.116104940
     0.649208492     0.884295343     3.540247443
     0.704693142    -0.120538122     1.338161641
    -0.530032248     0.235145590     0.819320933
    -0.462830369     0.725317261    -1.577244094
    -0.278031718     0.416103784     0.008984387
     0.589614422     0.102218541    -0.844397057
    -0.284533282     0.411685353     0.008984858
    -0.290933297     0.407121399     0.007905711
     0.927751926     0.535835499    17.620001468
    -0.297308527     0.402523563     0.008456520
     0.649210288     0.803889529     3.509652907
     0.143414596     0.865223817     1.934870504
     0.757425121     0.904183300    17.078104294
    -0.303610527     0.397825109     0.008987864
    -0.764676271     0.137150010     1.957935107
     0.773656724     0.417610756     5.712039310
    -0.818257598    -0.073137385     0.326121732
    -0.299099798    -1.109170064     0.651761575
    -0.309768812     0.392939839     0.007274541
    -0.753649920     0.212139384    -0.639981389
     0.643409070     0.791372369    13.893209338
     1.139487618    -0.298976772    -0.281505590
     0.050486746     1.039119041     2.825589098
    -0.315956618     0.388092068     0.008985241
     0.252959941     0.788229566     2.847254504
    -0.322013525     0.383081360     0.008985252
     0.621857141     0.769340769     2.371156552
     0.596979935     0.642729145     3.243005252
    -0.327991067     0.377976232     0.008987921
     0.210619105     0.761790974     3.249185199
    -0.333830463     0.372713948     0.007275160
    -0.339643561     0.367424331     0.007273597
    -0.676030683    -0.332531201     2.229346560
     0.508426751     0.688023865     7.416217365
     0.679775055     0.755489184    14.334608325
     0.562095955     0.700816573    11.652858810
    -0.345431983     0.362106041     0.008985272
    -0.351077176     0.356635654     0.008987934
     1.552597108    -3.454035097     0.583041821
     0.084759281     0.694803797     2.118051292
     0.616108799     0.676369245    12.611985287
     0.270307320     0.648098215     0.184318589
     0.566162623     0.577192154    10.925319398
    -0.356635558     0.351077083     0.008985274
    -0.362044100     0.345372933     0.007273727
    -0.425766511     0.437537445    -0.312141713
    -0.367424287     0.339643622     0.007273788
    -0.590815736     0.209790268     2.189454144
     0.586468816     2.334075195     0.851273666
    -0.372777629     0.333887527     0.008985305
    -0.377911151     0.327935338     0.007274327
    -0.383081190     0.322013748     0.008985528
    -0.280411322     0.605080042     0.802134467
     0.474707897     0.984278337    14.570963321
    -0.645635492     1.033064537    -3.545798631
     0.402498250     0.447664518     2.272553963
    -0.740967904     0.324368654     0.161492490
     0.000087220     0.745282318     2.347549284
    -0.388091496     0.315957376     0.008985945
    -0.393005091     0.309824330     0.008986826
    -0.426211203    -0.804587051    -2.380914347
     2.216795490    -2.073287756     2.815430276
     0.908703983     0.995137334     4.758868770
     0.276171393     2.356115267     0.375064099
     0.150813722     0.978190634    10.967037389
    -0.506714185     0.166597453     0.599630917
    -0.263665357     0.699792352     2.324328913
     0.585368387     0.278160347     1.178655536
    -0.802688512    -0.012809381     5.317109625
     0.789668119    -0.596259784     3.538413605
    -0.397738978     0.303582886     0.007283143
    -0.402523046     0.297353942     0.008987905
    -0.573627579     0.515926077    -0.793283885
    -0.479780104    -0.545529488    -4.610797640
    -0.088418245     0.813177955     6.660110062
    -0.659980000    -0.399334780     4.078562976
    -0.639530873    -0.323618129     1.937536148
     1.398339470     0.986176877     1.174335163
     0.249070721     0.640527563     0.955299061
     0.128568163     0.981450469     6.155511834
    -0.407094835     0.291064733     0.009002440
    -0.411440166     0.284865682     0.008737452
    -0.332618883    -0.545836359     2.830980385
    -0.456942958    -0.469150362    -0.299561851
    -1.030257302    -0.840105509    11.485141146
     1.216965830    -0.088433650     2.150007548
    -0.514225069    -0.340620007    -3.205115748
    -0.546867617    -0.775696075    -2.311320867
    -0.405411240     0.619527223     0.182942687
    -0.670916144    -0.291787958    -1.674638980
    -0.419154976     0.273005993     0.004649372
    -0.167104023     0.768888120     5.898659300
    -0.183573458     0.748376964     5.556928978
    -0.361727954    -0.997337972    -0.508823149
    -0.424578267     0.264917723     0.009066733
    -0.270022391     0.515464379    -0.550428204
    -0.414234103    -1.033457088    -1.009660057
    -0.271870110     0.704947413     5.122589348
    -0.428745618     0.258144198     0.009328827
    -0.315700883     0.684449677     5.067318835
    -0.432789022     0.251349842     0.009765392
    -0.525458836    -1.142764457    21.130049628
    -0.452151523     0.619877722     5.475293872
    -0.617085738     0.538905472     7.067931495
    -0.535140151    -0.496169427    -3.972754013
    -0.437217700     0.243073691     0.005038151
    -0.731497175     0.466583879     7.985368048
    -0.414793900     0.340103970    -1.254516680
    -0.784933770    -0.221122541    -1.832048471
    -0.677731488     0.512648883     7.891239198
    -0.900871040     0.025064479    -0.537197354
    -0.286647917     0.775663233     2.759567421
    -0.277852889     0.642288273     2.067817356
     0.764734791     0.893182840     2.833397383
    -0.273571224     0.681036806     3.406088357
    -0.660901420     0.541850667     7.773963299
    -0.881826806     0.447831594    11.380812007
    -0.444474101     0.230797988     0.016593715
    -0.021240527     1.178904579     5.085388798
    -0.574883489     0.320127486     1.686213845
    -0.906310213     0.547965703    12.327446604
    -0.448121577     0.224015871     0.020009949
    -0.451353872     0.216959026     0.015927441
    -0.177740001     0.765538932     2.001249516
    -0.744069667     0.144195006     8.228470414
    -1.029229685     0.133443167     0.624543835
    -0.812716614     0.227154513     9.281740611
     1.423684531     0.866629953     1.708377202
    -0.181374351     0.914194155     0.315236093
    -0.454542326     0.209641621     0.011269048
    -0.894980147     0.212006472    10.959625032
    -0.135526312     0.932904208     1.935359750
    -0.358955249    -0.693211471    -3.574880879
    -0.457737022     0.202411621     0.009976501
    -0.460787017     0.195179285     0.008497541
     0.684052180     1.904805667     1.639711721
    -0.463845155     0.187886911     0.009180683
    -0.466737066     0.180571253     0.009093706
     0.915770955     1.999733656     1.927422064
    -0.469513529     0.173214181     0.009026572
    -0.490639758     0.620322378    -1.472592154
    -0.472099657     0.165788845     0.007386322
     0.903395020     2.269403121     1.486994377
    -0.564868010    -0.585212811    -3.372134444
    -0.475106295     0.156636465     0.005389462
     0.773845837    -0.142788885     0.673113886
    -0.655076808    -0.473242706    -3.774708600
    -0.479415390     0.142911383     0.005366595
    -0.535452155     0.555950526    -2.255469126
    -1.151919651     0.274484655    15.933637495
    -0.481535933     0.135578155     0.005273883
    -0.775707418     0.101823864     8.371654664
     1.583400851    -1.666002238     3.729969507
    -0.483574326     0.128104656     0.005205999
    -0.485603232     0.120616779     0.007283982
    -0.487519339     0.113000425     0.008988515
     1.302695396    -1.619555739     4.071926733
    -0.862665329     0.211841379     9.684300565
    -0.729169394    -0.370980804    -3.332388462
    -0.046699278     0.915074155     3.043929254
    -0.185338431     0.725612908     4.491614786
    -0.489150542     0.105310317     0.007276160
    -0.973584858     0.299689079    11.881273194
     0.608414356     0.819508901     1.936198316
     0.099477567     0.744888359     5.501047641
     0.187148852     0.664544792     4.453414506
    -0.490744122     0.097614693     0.007274281
    -0.492300938     0.089910103     0.008985286
    -0.493568043     0.082152196     0.007273784
     0.487068359    -1.465149507     3.123891834
    -0.494882159     0.074402203     0.008985276
    -0.495923356     0.066610831     0.007645143
    -0.742473527    -0.015815571     8.099997065
     0.200203191     2.780573360     0.404882515
    -0.496974994     0.058820867     0.008985274
    -0.497752468     0.050998743     0.007273687
    -0.880810226     0.051154556    10.223880215
    -1.610856021     0.936178630    -2.274705463
     0.000867693     0.783177664     2.301719628
    -0.498492115     0.043174096     0.007273686
    -0.499194132     0.035344840     0.008985273
     0.602164435     0.863147865     1.500342614
    -1.002775025     0.145999999    12.197021972
    -0.499687720     0.027499479     0.008985269
    -0.499972505     0.019643973     0.007273682
    -0.069618820     1.358406009     1.721250813
     0.173510619     1.456014022     1.323995333
     0.403372900     1.452322848     1.764812627
    -0.500275626     0.011789649     0.008398943
    -0.775820850    -0.096372137     9.060163270
    -0.500355121     0.003929861     0.007519494
     0.788107432     1.611889398     2.650236423
    -0.693611200    -0.203861158     8.924336661
    -0.762310199    -0.080254989     8.272879285
    -0.905782181    -0.026527968    10.447976690
    -0.500428408    -0.003930436     0.008985273
    -1.093977749     1.539978748    -1.402237381
    -0.555898243     1.583833633    -0.060534183
    -0.500304934    -0.011790339     0.008985269
     0.739706112    -1.613965769     1.266629077
    -0.311985845     1.663717841     0.786428666
     0.560194638     1.821825102     1.561641752
     1.358579723     0.524067784    -1.431716737
    -0.500058018    -0.019647333     0.008985273
    -0.499687721    -0.027499479     0.008985273
     0.414163259     1.801788980     0.132262733
    -0.499194265    -0.035344850     0.008987934
     2.756843602    -1.831391958     2.580250580
    -0.531009248    -0.229832334     6.544863731
     1.374753120     1.728582110     1.722991957
    -0.557330693    -0.072560462     3.914742146
    -0.498492196    -0.043174103     0.007275313
    -0.663039137    -0.787628799    -3.399072979
    -0.497837734    -0.051007480     0.008987931
    -0.368664813    -1.275445291    -0.197918138
     0.908493788     1.478885734     2.983773966
    -0.468482982     0.216364677     0.425957812
    -0.606924295    -1.247996462    -1.831734867
    -0.496890089    -0.058810818     0.007275311
    -0.391896649     0.335119481     0.416414946
    -0.786163612    -1.331946680    -2.463477197
     0.776992335    -2.146989199    -0.216920077
    -0.376521775     0.355537083     0.578419275
    -0.820193567     1.823976617     0.354030195
    -0.442742796     1.869605655     0.527436034
     1.071543787    -2.299147012     1.403216403
    -0.495904948    -0.066608362     0.007273685
    -0.494882159    -0.074402204     0.008985273
    -0.843420944    -1.769015248    -2.037970308
    -1.275547443     1.811519769    -0.599021434
    -0.493568030    -0.082152245     0.007273685
    -0.492109866    -0.089875220     0.005100675
    -0.490744099    -0.097615071     0.007275314
    -0.918875959    -1.899352179    -1.483850374
    -0.297595847     2.056196692     1.270234964
    -0.489233999    -0.105329324     0.008987934
    -2.044006299     1.430972357    -3.299353228
    -1.454465413     1.649334379    -1.129566224
     2.228340152    -2.902628702     1.482126988
    -1.096669073     1.830698181     0.143673557
    -0.578332095     2.061133828     0.423963861
    -0.487519073    -0.113000854     0.008985273
    -0.691918139     0.529747158     7.664064273
    -0.523810704     0.497962874     5.033269642
    -0.485600933    -0.120623899     0.007273685
    -0.483729069    -0.128258439     0.008985273
    -0.779803207     0.615889266    10.266343569
    -0.265112743    -2.266079606    -0.962839899
    -0.732060614     0.527609394     8.363127568
    -0.770315152     0.316963137     6.657429198
     1.887315090    -2.191663629     2.740898645
    -0.481654925    -0.135840738     0.008987934
    -0.479461810    -0.143389486     0.008987930
    -2.771443565     1.268161307    -0.516509877
     1.560861882    -2.452215652     1.182544822
    -0.477150269    -0.150902815     0.008985264
    -1.227600174    -2.301834740    -1.658429644
    -0.474721126    -0.158378949     0.008985269
    -0.472174853    -0.165816006     0.008985273
    -1.696242238     1.727933486    -0.844554941
    -1.155994149     2.113290622     0.621603969
    -0.469512077    -0.173212150     0.008985269
    -0.466653718    -0.180534708     0.007275314
    -2.213720855     1.705173032    -0.691049285
    -0.463839799    -0.187874461     0.008987934
    -3.082739251     1.086112549    -1.907332109
    -0.460831450    -0.195136910     0.008985273
    -0.457709521    -0.202351263     0.008985273
    -0.454474659    -0.209515688     0.008985273
    -1.996672746     1.543383113    -2.621828667
    -0.451050517    -0.216591373     0.007273685
    -0.447669357    -0.223687698     0.008985269
    -1.111865823    -0.119827830    12.915628262
    -0.444100713    -0.230691849     0.008987932
    -0.440347015    -0.237598357     0.007275312
    -0.436635254    -0.244527492     0.008985273
    -0.432666515    -0.251312709     0.007273686
     1.446829943    -1.961736847     2.387416575
    -0.428572680    -0.258021605     0.005100989
     0.906589435    -2.329704064     0.260379948
    -1.034565542    -0.888482509    20.976370498
    -2.027856455     2.030526729     2.224012273
     0.665172624    -2.482810072    -0.200579444
     0.468429349    -2.534024275    -1.080811464
    -0.424467055    -0.264721408     0.005101270
    -0.784916392    -1.077647843    22.039579511
    -0.420347756    -0.271415099     0.007273699
    -0.092943069    -3.355900601    -0.745679932
    -0.416103848    -0.278031701     0.008985271
    -1.326755125    -1.002705757    26.040449801
    -0.411685384    -0.284533274     0.008985272
    -1.745455221     1.985644267    -1.538715479
    -0.407165346    -0.290964638     0.008985286
     3.229959327    -0.696914632     3.860650610
    -0.402544861    -0.297324196     0.008985333
    -3.122064211     0.870443313    -3.070010112
     3.317483701    -1.646966769     2.600385578
     1.031696684     0.214667250     1.848626241
    -0.397757715    -0.303557695     0.007275336
    -0.393007346    -0.309821395     0.008985896
     0.399656480    -2.999364836    -0.413106701
    -2.573977452     0.984148178    -5.031823109
    -2.613662115     1.308553253    -0.951259982
    -0.388093175    -0.315955405     0.008987097
    -0.383085142    -0.322009432     0.008990488
    -2.033732419     1.687758643    -0.248880277
    -0.689921619    -1.005054708    19.313860651
    -2.384502038     1.305253683    -1.824218312
    -0.377989060    -0.327977164     0.008999477
    -2.562866304     0.439571989    -3.143196747
    -0.372821815    -0.333840836     0.009020729
    -1.030447452    -1.139135165    24.424646669
    -0.367637487    -0.339545369     0.009072927
    -0.358283586    -0.349368505     0.008726907
    -0.346358033    -0.361195257     0.008656490
    -0.340289961    -0.366791205     0.006783458
    -0.333964784    -0.372703461     0.008911711
    -0.328014782    -0.377957678     0.009018545
    -0.898198884    -1.016387278    -3.439748467
    -0.321990379    -0.382986671     0.007237814
    -0.315958620    -0.388090244     0.008982224
    -0.868979238    -1.755928428    34.674055410
    -0.341707140    -1.691520644    -0.796610135
    -0.309822335    -0.393006554     0.008985091
    -0.303610676    -0.397825140     0.008990172
    -0.920866513    -1.821905682    36.103956805
    -0.297273918    -0.402477761     0.007308436
    -1.014656373    -1.821462639    36.489853279
    -0.247792476    -1.710115001    -0.019819509
    -0.290964775    -0.407166338     0.009003003
    -1.176133225    -1.860633487    38.219114928
     0.969089503     0.601906866     0.905178682
    -0.046085949    -2.013329595    -0.369994607
    -1.555060878    -1.879398347    41.878572964
    -0.284533616    -0.411687123     0.009017773
     4.469316469    -2.590905892     1.555770027
     0.717719269    -1.410754147     1.812160449
    -1.069004079    -1.956940429    38.930125987
    -0.278032451    -0.416106329     0.009034861
     0.823478681    -1.707574353     1.192517499
    -0.271420141    -0.420358389     0.007507055
    -0.264786051    -0.424569368     0.007521699
    -0.258124032    -0.428741366     0.009047926
    -0.502752196    -2.030873871    38.020703959
    -0.251319149    -0.432671744     0.007428800
     1.493139639    -1.345160725     3.027827960
    -0.244459760    -0.436482375     0.005655649
     1.257563061    -1.741457459     2.866825635
    -0.237601183    -0.440348340     0.007325475
    -0.230692134    -0.444100815     0.008992373
    -0.223687880    -0.447669509     0.008989611
     0.869369011    -2.003248668    45.637753817
     0.050309741    -2.091872767    39.824619210
    -0.216591773    -0.451050663     0.007279790
     1.458330620    -1.774454625     2.914755409
     1.021730747    -1.955665520     0.917329539
    -0.209437038    -0.454298652     0.005129926
     2.143439023    -0.434410066     2.964526957
     1.580681131    -1.132784936     5.128302929
    -0.282253167     0.948508630     0.160035240
    -0.202316729    -0.457631256     0.007274367
     0.964654718     1.236873016     3.337885289
     0.999494080    -1.178923059     4.281352112
    -0.195136912    -0.460831450     0.008985288
     0.916302265     0.843235298     2.505239078
     1.581652199    -0.693122801     4.750397263
    -0.187874412    -0.463839676     0.008985279
     0.857072233     1.048277373     4.016366528
     0.233387891     0.603790401    18.827272951
     1.502227685    -1.079773006     4.035851893
     0.728865143     1.178731955     2.670786739
     0.613674652    -2.108999580    44.012146228
     1.175755336    -1.822657455     7.004279664
     0.834026447    -1.302895270     2.675799045
    -0.130112330     1.081189692     2.271978973
    -0.180565557    -0.466733456     0.008985270
     0.978971951    -1.484636836     3.414028712
     2.673208881    -0.781264882     0.975933221
    -0.832070336     0.777206695    -1.092342779
     0.485263021    -2.251779299    45.286296723
     0.931501432    -1.465218178     1.973959260
    -0.173212150    -0.469512077     0.008985265
     0.361604845    -2.290133086    44.877356653
    -0.165787651    -0.472094107     0.007273683
     0.236633445    -2.341407233    44.869851275
     0.972590482    -1.709424204     2.110277125
     1.104720675    -1.885145155     1.928359377
     1.176317346    -2.177293221     2.089723158
     0.100179616    -2.486335907    46.833624293
    -0.897428263    -0.799783267    -3.385659868
     0.987451068    -2.605861455     0.688421722
    -0.501924189     1.201950547     0.768096299
    -0.233416939    -2.809860254    52.161044064
     1.894311458    -1.759780559     3.538808740
    -1.031483506     0.671358497    -1.476387310
    -0.158317509    -0.474536878     0.005100823
    -0.347416187     0.949770030    -0.455343845
    -0.017916463     1.577408690     5.969860587
     0.949290927    -2.177045215    47.763825425
     3.200244613    -0.585135982     4.806659416
     0.557298598    -2.473582204    48.930124542
     2.383719139    -1.120659898     4.776808913
    -0.150844262    -0.476965079     0.005100741
    -0.071403434     1.039611939     3.705046403
     2.148220797    -1.249279564     2.984585743
    -1.140729256     0.091814814    -1.449027274
     1.950972580    -1.593775944     3.244304596
     2.616435697    -0.687678507     4.723395468
    -0.351592812     1.135436058     0.697203532
     1.714292546    -2.214032362     1.732928607
     0.290607285    -2.686931045    51.012793970
    -0.143333804    -0.479275596     0.005100705
    -0.135787983    -0.481467859     0.005100688
    -1.133349678     0.510360890    -0.092010277
    -0.165184633    -3.110592438    57.633080184
    -0.128208661    -0.483541326     0.005100681
     3.076563497    -0.719528960     4.334538830
     1.102794216    -2.558279576    55.152906858
    -0.120597707    -0.485495487     0.005100678
     0.315547679    -3.253002063    61.631316923
     2.522362999    -1.303539444     3.670409333
    -0.112981530    -0.487435704     0.007273685
    -0.105329296    -0.489233869     0.008985273
     1.364974029    -4.075494835    84.096014280
    -0.097615055    -0.490744019     0.007273685
    -1.260111809     0.167059626    -0.579884058
    -0.800808428     1.313947028    -1.089665380
     2.257808645    -1.291392732     4.138000869
    -0.089875220    -0.492109866     0.005100676
    -0.082152272    -0.493568191     0.007276954
    -0.074402243    -0.494882418     0.008990507
    -0.066608383    -0.495905110     0.007276954
     2.822992029    -0.801042809     4.029929592
     3.143850386    -1.171276675    72.956101176
     2.578396166    -1.687676292    65.405003182
    -0.058820867    -0.496974994     0.008985264
     1.624310026    -0.210480727     1.870993980
     2.260617307    -1.932972554    61.894423408
     2.049774588    -0.324935254     1.394243616
     1.844986368    -2.281971570    59.127848362
    -1.254069834     0.582159809    -0.774539382
    -1.214856089     1.051035169     3.134899275
    -0.050998744    -0.497752468     0.007273679
    -0.917307078     1.511821560    -0.614058874
    -0.043164721    -0.498383870     0.005100675
     2.159777750    -0.007435222     2.342248685
    -0.035331122    -0.499000387     0.005100675
     0.878391404    -0.359021102    -1.246124602
     0.840777904    -0.259136754    -1.116582608
    -1.002296991     1.203716146    -2.677874103
    -0.027488806    -0.499493784     0.005100675
    -0.019639708    -0.499863938     0.005100675
    -0.011785763    -0.500110758     0.005100675
     2.699719866    -0.939854588    62.558694871
     1.972078575     0.261088355     2.045847968
     2.288777245    -0.149926219     4.189657281
     2.346466499    -1.183267548    56.643840903
     2.037469944    -0.000745025     3.332732376
     2.138202380    -1.154288069    52.279990177
     1.956590908    -1.031728855    47.865810194
     1.830577417    -0.958627740    44.834024668
    -0.003928911    -0.500234184     0.005100675
     3.332400803    -2.409785500    84.219921811
     0.761123202     0.197672462    24.467126480
     2.044271573    -0.303625042     6.730454107
     0.003928911    -0.500234184     0.005100675
     1.522146132    -0.177002206     2.477668159
     0.686221839     0.316158062    24.513932440
     0.251358590     1.109690726    31.329356059
     0.011788323    -0.500219379     0.007273682
     0.019647333    -0.500058018     0.008985269
     1.429975917     0.463727630    -1.424795257
     0.027494777    -0.499602270     0.007273682
     1.409285279    -0.486761398     2.202058225
    -0.132615716     1.010955158    27.034966485
     0.035331122    -0.499000387     0.005100675
     0.043164721    -0.498383870     0.005100675
     1.430030373    -0.140348161     1.199747143
     1.703608157    -0.600126391     1.071423871
    -1.654804594    -0.358580566    -2.242204597
    -0.039606627     0.646427090    20.313693282
     0.092998796     0.762494389    23.915426634
     1.220460779    -0.174268782     2.351721014
    -1.483707896    -0.614451962    -2.750805212
     0.048025849     1.068472834    29.610791312
     0.050998752    -0.497752549     0.007275311
    -1.242761215    -0.670805886    -3.074276658
    -0.410257393     0.911362543    25.024955698
    -0.334203202     1.201463165    31.347982511
    -0.150805137     1.539444025    38.676560089
     0.858911591    -0.040735429    -0.537419730
     0.058820882    -0.496975126     0.008987930
     0.066619754    -0.495989765     0.008985264
     0.074389481    -0.494797531     0.007273679
    -0.732592330     1.233899172    33.436633980
     0.082134406    -0.493460854     0.005100675
     0.089875220    -0.492109866     0.005100676
     0.097593858    -0.490637457     0.005100676
     0.597321836     0.058407057    -0.911060032
     0.105288416    -0.489043990     0.005100676
     0.870490206     0.124416117     6.718796650
    -1.162637071     0.331150982    22.173622366
    -0.843267441     0.961827663    29.365287381
     0.112981530    -0.487435704     0.007273682
     0.120644530    -0.485683989     0.008985269
     0.128258439    -0.483729069     0.008985273
     0.135840738    -0.481654925     0.008987934
     0.143389486    -0.479461811     0.008987932
    -0.853644304     0.260346459    16.804905408
    -0.690495226     0.613082873    21.817368337
    -0.933537839     1.054496199    32.762536974
    -0.507113391     1.420795552    37.850962577
     0.150902815    -0.477150269     0.008985269
     0.158351917    -0.474640101     0.007276955
     2.623127408    -1.309005702     4.005110226
     0.165816093    -0.472175100     0.008990507
     0.173212241    -0.469512323     0.008990508
     0.180565605    -0.466733580     0.008987935
     0.187874411    -0.463839676     0.008985275
     0.195136963    -0.460831573     0.008987940
     0.202351319    -0.457709643     0.008987953
     0.209515694    -0.454474660     0.008985335
    -1.814032234     0.239590356    35.788465094
     0.216628494    -0.451127785     0.008988137
     0.223687866    -0.447669599     0.008991115
     0.230691980    -0.444100742     0.008989659
     0.237639276    -0.440422348     0.008989887
     0.244528211    -0.436635508     0.008996727
     0.251357231    -0.432741278     0.009013884
    -1.994536313    -0.099251121    37.962734239
     0.258124564    -0.428740464     0.009037963
     0.264828642    -0.424634461     0.009077104
    -1.900438452     0.176513850    37.920218518
     0.271467604    -0.420423679     0.009118966
     0.278040683    -0.416106898     0.009135793
     0.284551856    -0.411679818     0.009105015
     0.291019319    -0.407129407     0.009036483
     0.297505530    -0.402408609     0.008950127
     0.304227889    -0.397346835     0.008899062
     0.312261971    -0.391040944     0.008712110
     0.322104904    -0.383006572     0.009016806
     0.332116019    -0.374326943     0.008649638
    -1.786176183    -1.374026248    39.284007898
     0.339089482    -0.369229000     0.026361709
     0.345025361    -0.362507940     0.009200944
     0.350966874    -0.356742428     0.008963107
     0.356635916    -0.351074464     0.008953633
     0.362217367    -0.345315046     0.008983041
     0.367907912    -0.339279250     0.009443979
     1.115736439    -0.879873242     4.695455757
    -1.318212322    -2.083909279    41.547018148
    -1.227206841    -1.274131127    29.160105694
     0.377639886    -0.328399072     0.009266497
     0.383049585    -0.322139740     0.010123621
     0.388133403    -0.315910368     0.009042495
     0.393220849    -0.309448693     0.007731728
     0.399150419    -0.302981224     0.022490902
     0.407127504    -0.290998732     0.008766053
     0.411962073    -0.284344721     0.011397404
    -0.762375824    -2.336796991    40.674028929
     0.417021275    -0.278298425     0.027208497
     2.295475658    -0.717165581     4.217071733
    -1.034644152    -2.046520269    38.387300160
    -1.042920169    -1.872492595    35.774212503
    -0.857659322    -1.684429194    30.561295641
    -0.729723085    -1.417589785    24.784139948
     0.424626904    -0.264885389     0.009549561
     0.428700936    -0.257987616     0.006948321
    -0.508847694    -1.862804986    30.388408585
    -0.539614429    -1.696402785    27.707919817
    -0.515102389    -1.615858459    26.123940231
    -0.460288528    -1.539059153    24.317110464
    -0.471630438    -1.504705229    23.911577249
     0.695962350    -0.873990460     5.024049134
    -0.481478722    -1.492852399    23.902768431
    -0.393266027    -1.432460021    22.053440785
    -0.375334364    -1.399761996    21.392900817
    -0.324928326    -1.367477901    20.437364519
    -0.335127034    -1.372539281    20.724352898
    -0.244149936    -1.313672153    18.931649684
    -0.213710462    -1.282116643    18.186346905
     0.615532819    -0.913774463     5.608059776
     0.589590618    -0.898442000     6.334273326
     0.569867523    -0.805366133     5.720210098
    -0.156030865    -1.242585093    17.087184582
    -0.104422135    -1.207861161    16.149060492
     0.628199629    -0.889519981     7.090624473
    -0.055275865    -1.164068481    15.075747902
     0.363486580    -0.944332378     9.660620160
    -0.041684815    -1.141992024    14.651702310
    -0.054455494    -1.147983111    14.939350238
    -0.070779923    -1.160515107    15.382774573
     0.570594867    -1.133438362     1.732034124
    -0.480023036    -1.454471124    24.723472957
     0.284157086    -0.897364574     9.356792749
     0.241857354    -0.914245689     9.669072870
     1.273039957    -1.376354697     4.305777496
     0.433326735    -0.250303581     0.008612624
     0.385929474    -0.804304034     8.106374057
     0.975950165    -0.367564092    12.138808591
     0.328739163    -0.769733915     7.215653125
     0.440861433    -0.238568014     0.025553458
     0.312844045    -0.812483765     8.110984567
     1.631947104    -1.153664096     5.529814098
     0.154458680    -0.948319230    10.960967540
     0.234572567    -0.879898909     9.513358233
     0.445577781    -0.229436342     0.023756645
     1.736174050    -1.015739455     4.566928897
     0.219844965    -0.893272263     9.875888071
     0.208651743    -0.901836126    10.240503867
     1.595609741    -0.641096761     5.141897011
     1.611633845    -0.688080263     3.581277123
     0.346384536    -0.761950513     7.576984882
     0.277405845    -0.828332913     8.853462624
     0.343371006    -0.777774611     8.091796299
     0.451216231    -0.217137784     0.014998966
     0.367700802    -0.690856518     6.561159424
     0.454323156    -0.209481628     0.005948395
     0.457579183    -0.202263347     0.005890168
     0.389474909    -0.704585915     7.171664176
     0.460759274    -0.195061074     0.007064666
     0.410650932    -0.732330197     8.022014553
     0.463792204    -0.187831834     0.007785611
     0.466599207    -0.180491250     0.005944956
     0.424178338    -0.591481299     5.488643086
     0.389807469    -0.633090063     6.204954237
     0.399560199    -0.624939261     6.166267511
     0.467630879    -0.484739532     4.025001832
     0.469375992    -0.173133421     0.005886844
     0.529512409    -1.263047838     3.548186680
     0.529539513    -1.211643416     2.845248965
     0.333978279    -1.251709101     3.331356259
     0.472156729    -0.165796614     0.008514761
     0.999285200    -1.205166464     5.011363138
     0.849785402    -1.098605730     3.763928557
     0.474713264    -0.158367383     0.008762906
     0.567685854    -1.109947407     1.868292341
     0.641333186    -1.025279659     2.739891882
     0.660732160    -1.152137404     2.077439305
     0.725996139    -1.071213778     1.411320485
     0.795227303    -0.943947614     0.383062784
     0.337883402    -0.946588255     9.597725709
     1.521013300    -1.027471402     4.752291785
     1.117320724    -1.217919903     4.689202091
     1.145954688    -1.058192158     4.030842062
     1.427681767    -1.114254376     4.294140713
     0.477147572    -0.150897284     0.008900484
     0.469879536    -0.518112205     4.780547303
     0.398043181    -0.751470232     7.050206476
     0.477908385    -0.479280567     4.210111847
     0.458179582    -0.539747653     4.436252553
     0.666005910    -0.184141485     1.777077404
     0.511043738    -0.216563826     1.539214623
     0.761975668     0.069812316    -0.413296548
     0.690341123     0.110110066    -0.434624031
     0.506702493     0.299219371     1.053389148
     0.479460767    -0.143387121     0.008954390
     0.481654499    -0.135839815     0.008974735
     0.643023945     0.163044717     2.750842732
     0.651023142     0.286803001    -1.128757997
     0.874735056     0.231030263     0.135843264
     0.823759367     0.414115527     0.187470171
     0.656948199     0.355942206     0.738555434
     0.908868446     0.513108320     0.405681402
     1.057977819     0.841547110     2.835086692
     0.080315175    -1.107017497    10.715448907
    -0.091298768    -1.104835518    10.736038390
    -0.063448357    -1.214631222    12.635029136
    -0.027760638    -1.172325256    11.270631885
    -0.054185363    -1.100188026     8.565063581
    -0.028175628    -1.088351630     7.390003665
     0.009695794    -1.114942892     6.427637594
     0.029557219    -1.143224874     5.611945200
     0.021175427    -1.061069103     5.831002890
     0.226548441    -1.369324098     3.976393692
     0.223613829    -1.318283728     5.511650605
     0.140038023    -1.223975986     3.826173680
     0.151536183    -1.186868342     4.357876626
     0.101166649    -1.141717393     4.367581356
     0.031834527    -1.074332697     8.871370195
     0.541082769    -0.270716923     2.124623954
     0.392646716    -1.189049080     3.545868017
     0.441698701    -1.233932205     2.882282759
     0.562596947    -1.344729434     3.913545961
     0.674742002    -1.292070614     3.531441881
     0.483728963    -0.128258117     0.008981575
     0.485683946    -0.120644415     0.008983885
     0.542879554    -1.534005007     2.667303618
     0.603233561    -0.165623869     2.526506340
     0.590418712    -0.153038161     2.213121547
     0.535866465    -0.301841780     2.506438449
     0.612682939    -0.043082398     2.517136210
     0.645390326     0.122267346     4.109277981
     0.655764330     0.203111731     5.165052065
     0.632211118     0.143023928     3.952356629
     0.707501419     0.540341271    11.307223934
     0.667766007     0.434390458     8.768490293
     0.652863858     0.430167436     8.404424541
     0.632423212     0.385546211     7.238945073
     0.616913432     0.355909032     6.414738879
     0.577892673     0.118767934     2.350936031
     0.578042910     0.164794418     2.786966392
     0.603908648     0.491851218     8.501215226
     0.602442083     0.624221149    11.047124803
     0.594857432     0.729808895    13.070700743
     0.578127738     0.739309642    13.047372026
     0.547875147     0.340208179     4.610269579
     0.554111287     1.078652646    19.890766352
     0.528439857     1.017104823    18.379194995
     0.487519051    -0.113000815     0.008984680
     0.489233851    -0.105329293     0.008984895
     0.490827919    -0.097631782     0.008984693
     0.492300836    -0.089910218     0.008983691
     0.493652162    -0.082166567     0.008980527
     0.494881375    -0.074402841     0.008971648
     0.495987780    -0.066621066     0.008949411
     0.496970667    -0.058823114     0.008904615
     0.497829045    -0.051010302     0.008820804
     0.498564099    -0.043183537     0.008724294
     0.499178170    -0.035344403     0.008666211
     0.499673163    -0.027496393     0.008691176
     0.500047907    -0.019643379     0.008780087
     0.500298999    -0.011787369     0.008865197
     0.500424865    -0.003929208     0.008914224
    11.460013361     0.515151320     1.051518993
     9.115755083    -1.448328640     1.293106556
     9.145773798    -1.199573587     0.994717754
     9.306822996    -1.676259175     1.334124503
     9.136965861    -1.427507773     1.275352221
     9.315364356    -1.628538349     1.257951870
     9.257443249    -1.811573832     1.382183494
     9.108621359    -1.959593070     1.319860900
     9.088324035    -2.026069006     1.206022919
     9.824695998    -0.331592258     1.046612437
     9.238618328    -2.019819045     1.297489312
     9.260742592    -1.920645479     1.332660052
    11.321032867    -0.073765498     1.024565451
    10.675081190     0.710964598     1.058804059
     8.599259615    -1.763428990     1.233167416
    10.574292796     0.848149398     1.073937069
     9.200037997    -1.607656742     1.326038182
     9.039423313    -2.120842386     1.174616812
     9.126709790    -1.500486256     1.295394505
    10.631407475     0.680146148     1.034027667
    10.164196958     0.168822531     1.051939837
     9.502243952    -1.784373293     1.261623521
    11.337243784    -0.136106032     1.050319478
     9.068757555    -1.444300031     1.328170974
    11.315030599    -0.264256456     1.081109948
    11.434544824     0.054690748     1.018824456
     9.346287696    -1.993183097     1.333523971
     8.834073707    -1.485315576     1.263844905
     9.318595285    -1.872652247     1.354306934
     9.461824262    -1.837767156     1.303806519
    10.461256153    -0.593430948     1.057335957
     8.796145910    -1.791843239     1.178999075
     9.271419301    -2.015975195     1.298647832
     8.898028989    -1.958868578     1.182991961
    11.426368234    -0.257001363     1.080760969
     9.410983184    -1.781638288     1.363091003
     9.279360926    -2.064881126     1.293983817
     9.250341829    -1.991740634     1.292667579
     8.916146330    -1.857332618     1.280808411
     8.946244084    -1.332296462     1.165666554
     8.967937093    -1.386838475     1.257185141
     9.283678748    -1.812268784     1.384127764
     9.366665840    -1.913836149     1.318687722
    11.068359014    -0.801258906     1.119257050
    11.280464213    -0.870538626     1.151837396
    11.254621887    -0.822557493     1.125389407
     9.062712467    -1.329772113     1.145169689
     8.996650765    -1.483456080     1.303410653
     9.117619024    -2.089543817     1.131880954
     9.089893132    -2.091128990     1.127503695
     9.447558412    -1.884472289     1.320382143
    11.341212110    -0.519092249     1.091708338
    11.517010446    -0.317094370     1.088415869
     9.176038139    -1.748807056     1.414741443
     9.201406055    -1.804676899     1.379495618
     9.302247138    -1.797415102     1.349226561
     9.073784108    -0.627967493     1.063165808
     8.931238088    -2.088340908     1.123016598
     9.167433791    -0.648681412     1.046662848
    11.241301280    -0.522961672     1.069945092
    11.389033744    -0.036473437     1.031349066
     9.149468779    -0.681227063     1.056171551
     9.118236351    -0.757516393     1.103288272
    11.018460296    -0.494238035     1.075881195
    10.345931214    -0.320929696     1.065228893
     9.176169733    -0.468577378     1.070793771
    11.453724998    -0.200629495     1.048054822
    10.961208251    -0.555917175     1.101093226
    11.239389831    -0.889279479     1.147564468
    11.189351108    -0.546659211     1.084409018
    11.322241789    -0.840184535     1.135213285
     8.589869973    -1.817910759     1.157315137
     8.903420502    -1.667773311     1.393381188
    11.260321496    -0.660094552     1.109925620
     9.162930075    -1.351408910     1.130397206
    10.066143435    -0.740607884     1.194902618
    10.672332455    -0.627353812     1.076460362
    10.602386341    -0.632942092     1.090275622
    10.653963579    -0.683574000     1.140583633
     9.134192588    -1.582440586     1.365431526
     9.056116072    -1.958115840     1.250970377
    10.202911891    -0.670752756     1.092249404
    10.215162011    -0.788884822     1.215257323
     9.114292730    -1.562744876     1.366362418
     8.701517998    -1.736668631     1.185255887
     9.179373553    -1.632060630     1.388573928
     9.321301898    -1.615713870     1.228073563
     9.924364210    -0.519783587     1.057524394
    10.697470913    -0.678519842     1.128084443
     9.229561323    -2.034459687     1.293910557
    10.099138633    -0.802916776     1.215716016
    10.066211269    -0.574546914     1.054443802
    10.176036667    -0.735970513     1.165205978
    10.303906452    -0.757351592     1.146472013
     9.421343138    -1.748826448     1.270760362
     9.809934421    -0.831353343     1.129726916
     8.901991740    -1.297908216     1.168619037
    11.045025583    -0.966206990     1.181393867
     9.235898421    -1.902595871     1.343625456
     9.959252509    -0.425667772     0.998251226
     9.209383156    -1.813435931     1.395636064
     8.969960357    -1.677963808     1.421476198
     9.141968929    -1.164111594     0.997774169
    10.090619416    -0.699777453     1.141006300
    10.230881460    -0.596193670     1.038975380
    10.147726758    -0.659084413     1.100126317
     9.137583031    -0.899899613     1.138596949
     9.360135595    -0.742570309     1.076236000
    10.244918308    -0.734583462     1.130945109
    10.012271303    -0.575437797     1.061157239
    10.579767605    -0.746390705     1.073588175
    10.171608713    -0.503459251     0.997295270
     9.378616639    -1.703652840     1.282242099
     9.259083984    -0.732164140     1.086449287
     9.879346636    -0.894394114     1.126149056
     8.635592917    -1.850471742     1.162147991
     8.668089786    -1.903950921     1.217826208
     9.085159084    -0.997147061     1.087329467
     9.471536992    -0.732487870     1.086996773
     9.078142448    -2.115589528     1.183605453
     9.056596083    -1.691409900     1.406769651
     8.894901270    -1.545603513     1.325021634
     9.251309759    -1.193256618     0.985193765
    10.026091315    -0.343674421     0.999028764
     9.980161930    -0.642476689     1.127151725
     8.889520023    -2.015020942     1.150074174
    10.033461996    -0.688560447     1.143233106
     9.466234175    -1.763126591     1.259408342
    10.047767952    -0.492774182     0.994180095
    10.270106027    -0.824687520     1.202454779
     8.747333135    -1.782135094     1.176944557
     9.459650411    -1.655877142     1.210312294
     9.317189192    -1.477963802     1.127806884
     8.998589029    -1.803524905     1.318365605
     9.400349419    -1.571844410     1.192637490
     9.266645065    -0.876904510     1.070582607
    10.008742510    -0.780355212     1.194867631
    10.198450672    -0.246203616     1.032963435
     9.294555943    -1.330856980     1.048693714
     9.104089068    -1.405050369     1.225890891
     9.217391997    -1.438783146     1.177898131
    10.153748488    -0.614105071     1.029098365
     9.498137196    -1.543338258     1.146477526
     9.207081387    -0.924118365     1.103979630
     9.214066978    -1.271065274     1.036507643
     9.450695622    -1.615926102     1.136829350
     9.402074744    -1.512880299     1.140981885
     9.281944934    -0.821552812     1.125813530
    10.410531910    -0.520152595     1.026706793
     9.476950253    -1.538572116     1.142631387
     9.841980486    -0.904419442     1.136702291
     9.116246490    -1.331989820     1.136687735
     9.199069537    -1.318910492     1.097382026
     8.919090649    -1.259939717     1.150012215
     9.282947764    -0.932252692     1.071887209
     9.418881042    -1.863550090     1.309995357
     8.800438746    -1.498868586     1.271527274
     9.289828540    -0.975383581     1.079025272
     8.869559593    -1.800318577     1.208503613
     9.061782359    -1.418096684     1.260933113
     9.400986271    -0.863924703     1.112521901
     9.162356525    -0.928979370     1.111404052
     9.462999600    -1.890028690     1.310564971
     9.428940342    -1.621223867     1.158624432
     9.398023474    -1.397296013     1.045256807
     9.272716079    -1.434348706     1.133512969
     9.178709041    -1.359571261     1.141541748
     9.117304162    -1.268851488     1.073964707
     8.713990611    -1.851003942     1.183214466
     9.150861762    -1.408892213     1.201640226
     9.158803856    -1.254081453     1.033976161
     9.361996135    -1.447198809     1.098670302
     9.059243609    -1.260674269     1.096495408
     8.814891332    -1.752254250     1.183480585
    10.091297143    -0.311575483     1.006443685
     9.107855189    -1.532861034     1.336916785
     9.959089326    -0.476057710     1.009832146
     9.139849586    -1.300433745     1.092950384
     9.302928407    -1.390266399     1.092565896
     9.307550349    -1.602493298     1.245785953
     9.386263082    -0.807498453     1.096404401
     9.256943613    -1.258734008     1.016144683
     9.353505446    -1.765853253     1.346011870
     9.368350478    -1.953916501     1.338794012
     9.426695103    -1.921952795     1.334058493
     9.066591735    -1.227547270     1.035956112
     9.211800545    -1.215754891     0.994502108
     8.957696642    -1.359410022     1.213952944
     9.091575571    -1.367298612     1.181074634
     9.039945710    -2.052711428     1.158733296
     9.316897753    -1.810809573     1.381711924
     9.124225030    -2.075014940     1.178569708
     9.262042038    -1.739216849     1.390810221
     9.262927739    -1.324648784     1.045181817
     9.032820303    -1.348010970     1.186388664
     9.357863219    -1.922792294     1.336441369
     9.246643599    -1.350731061     1.116505814
     9.006364216    -1.995981318     1.226966652
    11.037368583    -0.992533173     1.186640858
     9.369407956    -1.623419285     1.219633877
     9.195308921    -1.487455690     1.241869849
     8.961262657    -1.508251052     1.308878894
     9.229132857    -1.585057536     1.307571673
     8.895835403    -1.882111225     1.219161553
     9.370835065    -2.008382558     1.324099244
     9.334823366    -1.343664729     1.042215123
     9.355077036    -1.515771863     1.181057222
     9.116812496    -1.209486544     1.010996232
    11.189448483    -0.438746986     1.067468270
     9.260839256    -1.501116164     1.203317240
     9.171661428    -1.527433233     1.307819206
     9.070449430    -1.291067049     1.127850478
     9.286628573    -1.266017977     1.014415028
     9.414259402    -1.638457436     1.241649489
    11.515674404     0.087601230     1.029957811
     9.146023920    -0.962749274     1.091108630
     9.417158016    -1.598688142     1.155894468
    10.369978961    -0.358100038     1.026623601
     9.083964848    -0.763953967     1.114211323
     9.180565425    -1.400203197     1.163582499
     9.099160195    -1.972742986     1.284512884
     9.499459824    -1.857284278     1.297690730
     9.176903727    -1.460629325     1.242099353
     9.153684358    -1.374934439     1.140937210
     9.327431249    -1.462090877     1.107118942
     8.915488890    -2.051753251     1.078737239
     9.296074905    -1.257950795     0.997933145
     9.200274328    -1.688192995     1.420391420
     9.258278512    -1.565257519     1.276947360
     9.077365514    -1.550665499     1.362429861
     9.289573403    -1.510717012     1.213576030
    10.463944160    -0.327165811     1.059653376
     9.403357107    -1.439178500     1.101050618
     9.288627155    -1.586120936     1.271580495
     9.168029181    -1.021022560     1.069558209
     9.218455749    -1.699356668     1.428685505
     8.570651746    -1.875337234     1.194600235
     9.410193822    -1.904379189     1.321342667
     9.102215381    -1.241998385     1.050170732
     9.084492867    -1.432549730     1.299370044
     9.533527121    -0.779916289     1.100219907
     9.403629060    -1.837688457     1.305330027
     8.684722933    -1.770999221     1.198175881
     8.739334568    -1.480158421     1.249644874
     9.026861128    -2.002712817     1.247053249
     9.354431828    -1.653279350     1.290612060
     9.257577528    -1.636064458     1.319881341
     8.986274257    -1.728749297     1.445120987
     8.885917589    -1.726977773     1.328268106
    10.276288492    -0.783856777     1.204097494
     9.315753809    -1.515403874     1.209846053
     9.067446275    -1.373381527     1.204158631
     9.305211107    -1.745000190     1.363692365
     9.020266811    -1.292808647     1.128845776
     9.350567380    -0.885412213     1.101356133
     9.103511379    -1.137628786     1.028674867
     9.235242582    -1.663642878     1.386027189
     9.091541595    -2.075361395     1.147518458
     9.269972665    -1.224204818     1.004654737
     9.217671041    -0.968766309     1.109779071
     9.351420755    -2.010727359     1.316870357
     9.397542103    -0.769931301     1.081407487
     9.300412102    -1.567274155     1.257477746
     9.204181125    -1.516742755     1.271949517
     9.775076866    -0.845307253     1.129894958
     9.249007458    -2.080288233     1.281688921
     9.333168451    -1.828444088     1.380380430
     8.985959550    -1.963317675     1.217253382
    11.184967355    -0.937519526     1.142527816
     9.002794947    -1.409703438     1.269016773
     9.058711860    -0.629553160     1.078049511
    10.242196870    -0.249606577     1.039862527
     8.766417565    -1.448876563     1.238216176
    10.595577632    -0.732501241     1.092645885
     9.115692719    -1.619493048     1.381855750
     9.097504330    -0.617552945     1.053219224
     8.642792926    -1.762069803     1.220744685
     9.871140997    -0.840279684     1.129016043
     8.856933987    -1.754365986     1.236608187
     9.012524836    -1.622786029     1.349169906
     9.022752762    -1.430592943     1.287705226
    10.947582484    -0.693560841     1.112487768
     8.936107133    -1.716568655     1.388013026
     9.350069940    -1.852884852     1.345520941
     9.971485124    -0.886492296     1.164199110
     8.967354011    -2.041878127     1.117598400
     8.954365047    -1.899406417     1.233728260
    10.420307965    -0.382478252     1.025691353
     9.105092003    -1.809398867     1.383335934
     8.795841368    -1.716271665     1.218973400
     8.984639631    -1.762349055     1.383860658
     8.940671041    -1.973426825     1.189235815
     9.095883495    -1.477126495     1.312800953
     9.258308733    -0.840793379     1.094690478
     9.924882261    -0.708879786     1.153692221
     9.957876186    -0.855829371     1.194980068
     8.950913602    -1.186136551     1.123734933
     9.100141486    -0.592091621     1.101631255
     9.216683084    -2.099919105     1.254688525
     9.117550905    -0.634065864     1.044819858
    10.021402842    -0.269690086     1.013254875
     8.998750804    -1.084204725     1.103097030
     9.100788378    -0.658420322     1.059396976
     9.156839389    -0.694894831     1.060055731
     9.008769535    -2.035842973     1.165275053
     8.617352113    -1.793522670     1.190192488
     8.783089437    -1.687368291     1.263482577
     9.199463435    -0.488417434     1.056136448
     9.038902403    -1.850517599     1.320698953
     9.117373191    -0.478793587     1.074702392
     9.121789060    -0.715744300     1.080110926
     8.629415641    -1.729315685     1.236094994
     9.076500618    -1.795913811     1.404062212
     8.576438403    -1.926567038     1.207120607
     9.068946535    -0.948159208     1.094989517
     8.790179715    -1.664384227     1.359554013
     9.017967423    -2.067151044     1.103621482
     9.018622445    -1.581053269     1.373016972
     9.099612408    -1.993302111     1.216685641
     8.846593204    -1.703566167     1.331737840
     9.081138431    -1.882778416     1.281496930
     8.924479148    -1.793242706     1.259235623
     9.021577359    -1.872002911     1.229013140
     8.698978550    -1.692906516     1.230413938
     9.008905730    -1.958913557     1.251026824
     8.955070245    -1.803585615     1.267542106
     8.941735479    -2.036945368     1.101060752
     9.141073271    -0.924513527     1.111140117
     9.141824399    -1.522537698     1.316073096
     9.202544405    -0.637193149     1.050582328
