     0.508527776     0.003629835     0.165824932
     0.508426002     0.010846624     0.165866418
     0.508223015     0.018057929     0.165952759
     0.507918879     0.025265119     0.166084317
     0.507513622     0.032467742     0.166261161
     0.507007274     0.039664809     0.166483190
     0.506399870     0.046855176     0.166750205
     0.505691454     0.054037648     0.167061943
     0.504882076     0.061211017     0.167418087
     0.503971795     0.068374067     0.167818270
     0.502960676     0.075525581     0.168262083
     0.501848792     0.082664337     0.168749071
     0.500636224     0.089789112     0.169278734
     0.499323063     0.096898680     0.169850529
     0.497909406     0.103991809     0.170463871
     0.496395358     0.111067269     0.171118130
     0.494781035     0.118123821     0.171812639
     0.493066559     0.125160225     0.172546685
     0.491252065     0.132175238     0.173319518
     0.489337693     0.139167612     0.174130347
     0.487323595     0.146136092     0.174978345
     0.485209933     0.153079424     0.175862643
     0.482996879     0.159996344     0.176782339
     0.480684616     0.166885587     0.177736493
     0.478273335     0.173745882     0.178724130
     0.475763242     0.180575954     0.179744243
     0.473154552     0.187374520     0.180795790
     0.470447493     0.194140295     0.181877699
     0.467642305     0.200871989     0.182988865
     0.464739240     0.207568303     0.184128154
     0.461738563     0.214227937     0.185294407
     0.458640552     0.220849584     0.186486432
     0.455445501     0.227431931     0.187703016
     0.452153715     0.233973661     0.188942919
     0.448765514     0.240473451     0.190204877
     0.445281236     0.246929973     0.191487605
     0.441701230     0.253341893     0.192789796
     0.438025864     0.259707873     0.194110125
     0.434255519     0.266026570     0.195447246
     0.430390597     0.272296636     0.196799801
     0.426431511     0.278516717     0.198166410
     0.422378698     0.284685456     0.199545685
     0.418232607     0.290801491     0.200936220
     0.413993710     0.296863454     0.202336603
     0.409662494     0.302869976     0.203745408
     0.405239467     0.308819682     0.205161202
     0.400725156     0.314711194     0.206582545
     0.396120109     0.320543130     0.208007992
     0.391424892     0.326314106     0.209436093
     0.386640096     0.332022734     0.210865395
     0.381766328     0.337667624     0.212294446
     0.376804221     0.343247384     0.213721791
     0.371754427     0.348760619     0.215145980
     0.366617623     0.354205935     0.216565562
     0.361394507     0.359581933     0.217979096
     0.356085802     0.364887217     0.219385142
     0.350692252     0.370120389     0.220782269
     0.345214627     0.375280051     0.222169057
     0.339653722     0.380364806     0.223544093
     0.334010355     0.385373257     0.224905976
     0.328285369     0.390304011     0.226253321
     0.322479634     0.395155674     0.227584754
     0.316594045     0.399926857     0.228898918
     0.310629522     0.404616171     0.230194473
     0.304587012     0.409222235     0.231470097
     0.298467491     0.413743668     0.232724487
     0.292271957     0.418179097     0.233956362
     0.286001439     0.422527152     0.235164462
     0.279656993     0.426786469     0.236347552
     0.273239700     0.430955693     0.237504420
     0.266750672     0.435033474     0.238633880
     0.260191048     0.439018471     0.239734773
     0.253561993     0.442909350     0.240805967
     0.246864704     0.446704788     0.241846361
     0.240100403     0.450403471     0.242854882
     0.233270344     0.454004096     0.243830490
     0.226375806     0.457505371     0.244772176
     0.219418100     0.460906016     0.245678963
     0.212398564     0.464204763     0.246549911
     0.205318566     0.467400359     0.247384113
     0.198179502     0.470491565     0.248180697
     0.190982797     0.473477155     0.248938830
     0.183729906     0.476355921     0.249657715
     0.176422311     0.479126671     0.250336593
     0.169061525     0.481788230     0.250974745
     0.161649087     0.484339440     0.251571490
     0.154186567     0.486779164     0.252126189
     0.146675563     0.489106283     0.252638243
     0.139117699     0.491319698     0.253107094
     0.131514632     0.493418332     0.253532228
     0.123868041     0.495401131     0.253913172
     0.116179638     0.497267062     0.254249495
     0.108451159     0.499015116     0.254540811
     0.100684368     0.500644308     0.254786778
     0.092881056     0.502153680     0.254987097
     0.085043043     0.503542298     0.255141514
     0.077172170     0.504809256     0.255249819
     0.069270309     0.505953673     0.255311848
     0.061339355     0.506974699     0.255327480
     0.053381228     0.507871511     0.255296642
     0.045397874     0.508643319     0.255219305
     0.037391261     0.509289359     0.255095483
     0.029363382     0.509808902     0.254925239
     0.021316254     0.510201249     0.254708680
     0.013251916     0.510465734     0.254445956
     0.005172427     0.510601727     0.254137265
    -0.002920128     0.510608628     0.253782848
    -0.011023648     0.510485874     0.253382992
    -0.019136009     0.510232940     0.252938027
    -0.027255067     0.509849332     0.252448328
    -0.035378661     0.509334598     0.251914314
    -0.043504610     0.508688321     0.251336446
    -0.051630715     0.507910123     0.250715231
    -0.059754763     0.506999664     0.250051214
    -0.067874522     0.505956645     0.249344986
    -0.075987746     0.504780805     0.248597178
    -0.084092175     0.503471926     0.247808462
    -0.092185533     0.502029830     0.246979550
    -0.100265535     0.500454381     0.246111194
    -0.108329880     0.498745484     0.245204185
    -0.116376258     0.496903089     0.244259352
    -0.124402348     0.494927188     0.243277561
    -0.132405821     0.492817816     0.242259717
    -0.140384338     0.490575054     0.241206757
    -0.148335552     0.488199026     0.240119656
    -0.156257112     0.485689902     0.238999422
    -0.164146659     0.483047895     0.237847097
    -0.172001831     0.480273268     0.236663753
    -0.179820261     0.477366326     0.235450495
    -0.187599581     0.474327422     0.234208458
    -0.195337419     0.471156954     0.232938804
    -0.203031406     0.467855371     0.231642727
    -0.210679169     0.464423163     0.230321443
    -0.218278341     0.460860872     0.228976197
    -0.225826555     0.457169086     0.227608257
    -0.233321447     0.453348439     0.226218915
    -0.240760661     0.449399614     0.224809485
    -0.248141843     0.445323343     0.223381301
    -0.255462649     0.441120403     0.221935717
    -0.262720742     0.436791621     0.220474105
    -0.269913792     0.432337870     0.218997855
    -0.277039483     0.427760073     0.217508372
    -0.284095507     0.423059200     0.216007074
    -0.291079571     0.418236267     0.214495393
    -0.297989394     0.413292340     0.212974773
    -0.304822710     0.408228530     0.211446666
    -0.311577269     0.403045998     0.209912535
    -0.318250837     0.397745949     0.208373850
    -0.324841199     0.392329638     0.206832085
    -0.331346159     0.386798365     0.205288719
    -0.337763542     0.381153475     0.203745236
    -0.344091192     0.375396361     0.202203118
    -0.350326977     0.369528460     0.200663851
    -0.356468788     0.363551257     0.199128916
    -0.362514542     0.357466279     0.197599793
    -0.368462179     0.351275099     0.196077957
    -0.374309668     0.344979332     0.194564878
    -0.380055005     0.338580639     0.193062018
    -0.385696215     0.332080724     0.191570831
    -0.391231352     0.325481330     0.190092759
    -0.396658502     0.318784245     0.188629234
    -0.401975782     0.311991299     0.187181675
    -0.407181343     0.305104359     0.185751487
    -0.412273369     0.298125335     0.184340057
    -0.417250079     0.291056176     0.182948757
    -0.422109728     0.283898868     0.181578939
    -0.426850608     0.276655436     0.180231937
    -0.431471048     0.269327942     0.178909060
    -0.435969417     0.261918485     0.177611598
    -0.440344121     0.254429198     0.176340815
    -0.444593608     0.246862250     0.175097951
    -0.448716369     0.239219843     0.173884218
    -0.452710933     0.231504213     0.172700802
    -0.456575874     0.223717627     0.171548859
    -0.460309810     0.215862384     0.170429516
    -0.463911404     0.207940812     0.169343866
    -0.467379361     0.199955270     0.168292973
    -0.470712436     0.191908144     0.167277866
    -0.473909427     0.183801848     0.166299539
    -0.476969181     0.175638822     0.165358952
    -0.479890592     0.167421531     0.164457026
    -0.482672605     0.159152464     0.163594647
    -0.485314209     0.150834134     0.162772662
    -0.487814449     0.142469075     0.161991878
    -0.490172414     0.134059843     0.161253062
    -0.492387248     0.125609013     0.160556941
    -0.494458145     0.117119179     0.159904200
    -0.496384349     0.108592952     0.159295481
    -0.498165159     0.100032960     0.158731383
    -0.499799924     0.091441847     0.158212463
    -0.501288046     0.082822268     0.157739233
    -0.502628982     0.074176894     0.157312158
    -0.503822242     0.065508407     0.156931660
    -0.504867387     0.056819495     0.156598113
    -0.505764035     0.048112855     0.156311840
    -0.506511857     0.039391176     0.156073105
    -0.507110581     0.030657108     0.155882098
    -0.507559984     0.021913144     0.155738888
    -0.507859895     0.013161236     0.155643387
    -0.508010155     0.004401479     0.155595474
    -0.508010948    -0.004354216     0.155602481
    -0.507861906    -0.013103558     0.155651173
    -0.507563321    -0.021852476     0.155748728
    -0.507115255    -0.030595662     0.155894844
    -0.506517864    -0.039329632     0.156089153
    -0.505771366    -0.048051442     0.156331351
    -0.504876035    -0.056758310     0.156621156
    -0.503832197    -0.065447507     0.156958266
    -0.502640236    -0.074116326     0.157342348
    -0.501300587    -0.082762072     0.157773024
    -0.499813738    -0.091382065     0.158249874
    -0.498180234    -0.099973632     0.158772432
    -0.496400670    -0.108534117     0.159340188
    -0.494475695    -0.117060875     0.159952588
    -0.492406011    -0.125551280     0.160609032
    -0.490192371    -0.134002718     0.161308882
    -0.487835580    -0.142412595     0.162051453
    -0.485336494    -0.150778335     0.162836019
    -0.482696020    -0.159097383     0.163661816
    -0.479915117    -0.167367203     0.164528037
    -0.476994789    -0.175585281     0.165433837
    -0.473936094    -0.183749128     0.166378332
    -0.470740136    -0.191856278     0.167360600
    -0.467408066    -0.199904289     0.168379684
    -0.463941086    -0.207890748     0.169434589
    -0.460340440    -0.215813267     0.170524289
    -0.456607421    -0.223669487     0.171647721
    -0.452743366    -0.231457078     0.172803791
    -0.448749656    -0.239173740     0.173991374
    -0.444627718    -0.246817205     0.175209315
    -0.440379018    -0.254385237     0.176456428
    -0.436005067    -0.261875632     0.177731501
    -0.431507417    -0.269286220     0.179033296
    -0.426887660    -0.276614867     0.180360548
    -0.422147425    -0.283859473     0.181711969
    -0.417288385    -0.291017974     0.183086247
    -0.412312246    -0.298088346     0.184482052
    -0.407220752    -0.305068599     0.185898029
    -0.402015685    -0.311956785     0.187332808
    -0.396698859    -0.318750992     0.188785000
    -0.391272124    -0.325449350     0.190253201
    -0.385737361    -0.332050031     0.191735992
    -0.380096485    -0.338551244     0.193231941
    -0.374351441    -0.344951244     0.194739604
    -0.368504203    -0.351248327     0.196257527
    -0.362556776    -0.357440831     0.197784247
    -0.356511191    -0.363527139     0.199318294
    -0.350369506    -0.369505676     0.200858192
    -0.344133806    -0.375374913     0.202402460
    -0.337806199    -0.381133367     0.203949615
    -0.331388817    -0.386779597     0.205498172
    -0.324883815    -0.392312210     0.207046645
    -0.318293369    -0.397729858     0.208593551
    -0.311619675    -0.403031241     0.210137410
    -0.304864949    -0.408215103     0.211676743
    -0.298031424    -0.413280236     0.213210082
    -0.291121350    -0.418225480     0.214735961
    -0.284136994    -0.423049721     0.216252927
    -0.277080637    -0.427751893     0.217759532
    -0.269954573    -0.432330977     0.219254345
    -0.262761108    -0.436786002     0.220735944
    -0.255502562    -0.441116045     0.222202922
    -0.248181263    -0.445320231     0.223653887
    -0.240799549    -0.449397733     0.225087466
    -0.233359765    -0.453347770     0.226502302
    -0.225864264    -0.457169612     0.227897057
    -0.218315405    -0.460862573     0.229270417
    -0.210715551    -0.464426018     0.230621085
    -0.203067070    -0.467859357     0.231947792
    -0.195372331    -0.471162050     0.233249291
    -0.187633705    -0.474333601     0.234524360
    -0.179853564    -0.477373565     0.235771806
    -0.172034279    -0.480281540     0.236990462
    -0.164178221    -0.483057173     0.238179189
    -0.156287756    -0.485700157     0.239336882
    -0.148365249    -0.488210229     0.240462463
    -0.140413057    -0.490587175     0.241554888
    -0.132433535    -0.492830824     0.242613146
    -0.124429030    -0.494941050     0.243636260
    -0.116401880    -0.496917773     0.244623286
    -0.108354418    -0.498760956     0.245573319
    -0.100288964    -0.500470606     0.246485489
    -0.092207831    -0.502046774     0.247358963
    -0.084113319    -0.503489553     0.248192946
    -0.076007715    -0.504799078     0.248986683
    -0.067893297    -0.505975526     0.249739459
    -0.059772325    -0.507019116     0.250450597
    -0.051647047    -0.507930108     0.251119464
    -0.043519695    -0.508708800     0.251745465
    -0.035392485    -0.509355531     0.252328050
    -0.027267616    -0.509870680     0.252866711
    -0.019147271    -0.510254661     0.253360980
    -0.011033611    -0.510507929     0.253810438
    -0.002928783    -0.510630975     0.254214703
     0.005165090    -0.510624325     0.254573443
     0.013245902    -0.510488543     0.254886368
     0.021311571    -0.510224225     0.255153231
     0.029360034    -0.509832004     0.255373832
     0.037389250    -0.509312546     0.255548017
     0.045397203    -0.508666548     0.255675675
     0.053381898    -0.507894740     0.255756741
     0.061341365    -0.506997885     0.255791194
     0.069273658    -0.505976775     0.255779062
     0.077176853    -0.504832232     0.255720414
     0.085049056    -0.503565107     0.255615368
     0.092888394    -0.502176279     0.255464083
     0.100693022    -0.500666656     0.255266766
     0.108461121    -0.499037171     0.255023668
     0.116190899    -0.497288783     0.254735084
     0.123880590    -0.495422478     0.254401353
     0.131528455    -0.493439265     0.254022859
     0.139132784    -0.491340176     0.253600028
     0.146691894    -0.489126268     0.253133329
     0.154204128    -0.486798617     0.252623275
     0.161667861    -0.484358322     0.252070420
     0.169081494    -0.481806503     0.251475361
     0.176443455    -0.479144298     0.250838732
     0.183752203    -0.476372866     0.250161213
     0.191006227    -0.473493381     0.249443519
     0.198204040    -0.470507037     0.248686407
     0.205344188    -0.467415043     0.247890671
     0.212425246    -0.464218625     0.247057141
     0.219445814    -0.460919023     0.246186688
     0.226404525    -0.457517492     0.245280215
     0.233300040    -0.454015300     0.244338662
     0.240131047    -0.450413727     0.243363001
     0.246896265    -0.446714066     0.242354241
     0.253594441    -0.442917623     0.241313419
     0.260224350    -0.439025710     0.240241606
     0.266784796    -0.435039654     0.239139903
     0.273274611    -0.430960789     0.238009438
     0.279692657    -0.426790456     0.236851370
     0.286037821    -0.422530006     0.235666883
     0.292309021    -0.418180798     0.234457187
     0.298505200    -0.413744195     0.233223517
     0.304625330    -0.409221567     0.231967132
     0.310668410    -0.404614290     0.230689312
     0.316633465    -0.399923745     0.229391359
     0.322519547    -0.395151317     0.228074593
     0.328325736    -0.390298392     0.226740355
     0.334051135    -0.385366364     0.225390002
     0.339694876    -0.380356625     0.224024905
     0.345256114    -0.375270572     0.222646452
     0.350734031    -0.370109603     0.221256043
     0.356127831    -0.364875114     0.219855090
     0.361436746    -0.359568506     0.218445014
     0.366660029    -0.354191178     0.217027248
     0.371796959    -0.348744529     0.215603229
     0.376846836    -0.343229956     0.214174402
     0.381808985    -0.337648856     0.212742216
     0.386682753    -0.332002626     0.211308125
     0.391467507    -0.326292659     0.209873582
     0.396162639    -0.320520346     0.208440043
     0.400767559    -0.314687076     0.207008960
     0.405281702    -0.308794234     0.205581786
     0.409704518    -0.302843205     0.204159967
     0.414035483    -0.296835367     0.202744946
     0.418274088    -0.290772096     0.201338156
     0.422419845    -0.284654763     0.199941026
     0.426472284    -0.278484738     0.198554970
     0.430430954    -0.272263382     0.197181397
     0.434295423    -0.265992056     0.195821698
     0.438065274    -0.259672113     0.194477253
     0.441740107    -0.253304903     0.193149425
     0.445319542    -0.246891771     0.191839562
     0.448803212    -0.240434056     0.190548993
     0.452190766    -0.233933092     0.189279027
     0.455481870    -0.227390209     0.188030953
     0.458676203    -0.220806731     0.186806038
     0.461773460    -0.214183976     0.185605525
     0.464773349    -0.207523258     0.184430633
     0.467675593    -0.200825885     0.183282554
     0.470479927    -0.194093160     0.182162454
     0.473186100    -0.187326380     0.181071470
     0.475793872    -0.180526837     0.180010711
     0.478303017    -0.173695819     0.178981253
     0.480713321    -0.166834606     0.177984142
     0.483024579    -0.159944477     0.177020391
     0.485236601    -0.153026703     0.176090978
     0.487349204    -0.146082551     0.175196848
     0.489362217    -0.139113283     0.174338908
     0.491275481    -0.132120157     0.173518031
     0.493088844    -0.125104427     0.172735050
     0.494802166    -0.118067340     0.171990760
     0.496415315    -0.111010143     0.171285918
     0.497928169    -0.103934076     0.170621239
     0.499340614    -0.096840376     0.169997397
     0.500652545    -0.089730276     0.169415027
     0.501863867    -0.082605008     0.168874720
     0.502974490    -0.075465798     0.168377023
     0.503984335    -0.068313871     0.167922443
     0.504893330    -0.061150447     0.167511438
     0.505701410    -0.053976748     0.167144428
     0.506408518    -0.046793990     0.166821784
     0.507014605    -0.039603396     0.166543837
     0.507519628    -0.032406197     0.166310878
     0.507923553    -0.025203673     0.166123174
     0.508226352    -0.017997261     0.165980995
     0.508428013    -0.010788945     0.165884689
     0.500428580     0.003937757     0.008989879
     0.500305172     0.011792497     0.008991032
     0.500058270     0.019647976     0.008990804
     0.499687978     0.027499680     0.008990631
     0.499194392     0.035344913     0.008990553
     0.498577636     0.043181519     0.008990524
     0.497837862     0.051007498     0.008990513
     0.496975254     0.058820899     0.008990509
     0.495990025     0.066619789     0.008990508
     0.494882418     0.074402243     0.008990508
     0.493652706     0.082166339     0.008990507
     0.492301192     0.089910162     0.008990507
     0.490828211     0.097631801     0.008990507
     0.489234125     0.105329351     0.008990507
     0.487519328     0.113000913     0.008990507
     0.485684243     0.120644593     0.008990507
     0.483729322     0.128258506     0.008990507
     0.481655049     0.135840773     0.008990507
     0.479461934     0.143389523     0.008990507
     0.477150519     0.150902894     0.008990507
     0.474721375     0.158379032     0.008990507
     0.472175100     0.165816093     0.008990507
     0.469512323     0.173212241     0.008990507
     0.466733700     0.180565651     0.008990507
     0.463839919     0.187874509     0.008990507
     0.460831691     0.195137012     0.008990507
     0.457709761     0.202351368     0.008990507
     0.454474897     0.209515797     0.008990507
     0.451127899     0.216628531     0.008990507
     0.447669591     0.223687815     0.008990507
     0.444100828     0.230691908     0.008990507
     0.440422489     0.237639081     0.008990507
     0.436635483     0.244527619     0.008990507
     0.432740743     0.251355825     0.008990507
     0.428739231     0.258122012     0.008990507
     0.424631934     0.264824511     0.008990507
     0.420419866     0.271461669     0.008990507
     0.416104065     0.278031848     0.008990507
     0.411685597     0.284533426     0.008990507
     0.407165552     0.290964800     0.008990507
     0.402545044     0.297324383     0.008990507
     0.397825215     0.303610606     0.008990507
     0.393007228     0.309821917     0.008990507
     0.388092272     0.315956784     0.008990507
     0.383081561     0.322013694     0.008990507
     0.377976330     0.327991151     0.008990507
     0.372777839     0.333887682     0.008990507
     0.367487370     0.339701831     0.008990507
     0.362106230     0.345432164     0.008990507
     0.356635745     0.351077266     0.008990507
     0.351077266     0.356635745     0.008990507
     0.345432164     0.362106230     0.008990507
     0.339701831     0.367487370     0.008990507
     0.333887682     0.372777839     0.008990507
     0.327991151     0.377976330     0.008990507
     0.322013694     0.383081561     0.008990507
     0.315956784     0.388092272     0.008990507
     0.309821917     0.393007228     0.008990507
     0.303610606     0.397825215     0.008990507
     0.297324383     0.402545044     0.008990507
     0.290964800     0.407165552     0.008990507
     0.284533426     0.411685597     0.008990507
     0.278031848     0.416104065     0.008990507
     0.271461669     0.420419866     0.008990507
     0.264824511     0.424631934     0.008990507
     0.258122012     0.428739231     0.008990507
     0.251355825     0.432740743     0.008990507
     0.244527619     0.436635483     0.008990507
     0.237639081     0.440422489     0.008990507
     0.230691908     0.444100828     0.008990507
     0.223687815     0.447669591     0.008990507
     0.216628531     0.451127899     0.008990507
     0.209515797     0.454474897     0.008990507
     0.202351368     0.457709761     0.008990507
     0.195137012     0.460831691     0.008990507
     0.187874509     0.463839919     0.008990507
     0.180565651     0.466733700     0.008990507
     0.173212241     0.469512323     0.008990507
     0.165816093     0.472175100     0.008990507
     0.158379032     0.474721375     0.008990507
     0.150902894     0.477150519     0.008990507
     0.143389523     0.479461934     0.008990507
     0.135840773     0.481655049     0.008990507
     0.128258506     0.483729322     0.008990507
     0.120644593     0.485684243     0.008990507
     0.113000913     0.487519328     0.008990507
     0.105329351     0.489234125     0.008990507
     0.097631801     0.490828211     0.008990507
     0.089910162     0.492301192     0.008990507
     0.082166339     0.493652706     0.008990507
     0.074402243     0.494882418     0.008990507
     0.066619789     0.495990025     0.008990507
     0.058820898     0.496975254     0.008990507
     0.051007493     0.497837862     0.008990507
     0.043181503     0.498577636     0.008990507
     0.035344859     0.499194393     0.008990507
     0.027499494     0.499687982     0.008990507
     0.019647343     0.500058280     0.008990507
     0.011790345     0.500305196     0.008990507
     0.003930438     0.500428669     0.008990507
    -0.003930438     0.500428669     0.008990507
    -0.011790345     0.500305196     0.008990507
    -0.019647343     0.500058280     0.008990507
    -0.027499494     0.499687982     0.008990507
    -0.035344859     0.499194393     0.008990507
    -0.043181503     0.498577636     0.008990507
    -0.051007493     0.497837862     0.008990507
    -0.058820898     0.496975254     0.008990507
    -0.066619789     0.495990025     0.008990507
    -0.074402243     0.494882418     0.008990507
    -0.082166339     0.493652706     0.008990507
    -0.089910162     0.492301192     0.008990507
    -0.097631801     0.490828211     0.008990507
    -0.105329351     0.489234125     0.008990507
    -0.113000913     0.487519328     0.008990507
    -0.120644593     0.485684243     0.008990507
    -0.128258506     0.483729322     0.008990507
    -0.135840773     0.481655049     0.008990507
    -0.143389523     0.479461934     0.008990507
    -0.150902894     0.477150519     0.008990507
    -0.158379032     0.474721375     0.008990507
    -0.165816093     0.472175100     0.008990507
    -0.173212241     0.469512323     0.008990507
    -0.180565651     0.466733700     0.008990507
    -0.187874509     0.463839919     0.008990507
    -0.195137012     0.460831691     0.008990507
    -0.202351368     0.457709761     0.008990507
    -0.209515797     0.454474897     0.008990507
    -0.216628531     0.451127899     0.008990507
    -0.223687815     0.447669591     0.008990507
    -0.230691908     0.444100828     0.008990507
    -0.237639081     0.440422489     0.008990507
    -0.244527619     0.436635483     0.008990507
    -0.251355825     0.432740743     0.008990507
    -0.258122012     0.428739231     0.008990507
    -0.264824511     0.424631934     0.008990507
    -0.271461669     0.420419866     0.008990507
    -0.278031848     0.416104065     0.008990507
    -0.284533426     0.411685597     0.008990507
    -0.290964800     0.407165552     0.008990507
    -0.297324383     0.402545044     0.008990507
    -0.303610606     0.397825215     0.008990507
    -0.309821917     0.393007228     0.008990507
    -0.315956784     0.388092272     0.008990507
    -0.322013694     0.383081561     0.008990507
    -0.327991151     0.377976330     0.008990507
    -0.333887682     0.372777839     0.008990507
    -0.339701831     0.367487370     0.008990507
    -0.345432164     0.362106230     0.008990507
    -0.351077266     0.356635745     0.008990507
    -0.356635745     0.351077266     0.008990507
    -0.362106230     0.345432164     0.008990507
    -0.367487370     0.339701831     0.008990507
    -0.372777839     0.333887682     0.008990507
    -0.377976330     0.327991151     0.008990507
    -0.383081561     0.322013694     0.008990507
    -0.388092272     0.315956784     0.008990507
    -0.393007228     0.309821917     0.008990507
    -0.397825215     0.303610606     0.008990507
    -0.402545044     0.297324383     0.008990507
    -0.407165552     0.290964800     0.008990507
    -0.411685597     0.284533426     0.008990507
    -0.416104065     0.278031848     0.008990507
    -0.420419866     0.271461669     0.008990507
    -0.424631934     0.264824511     0.008990507
    -0.428739231     0.258122012     0.008990507
    -0.432740743     0.251355825     0.008990507
    -0.436635483     0.244527619     0.008990507
    -0.440422489     0.237639081     0.008990507
    -0.444100828     0.230691908     0.008990507
    -0.447669591     0.223687815     0.008990507
    -0.451127899     0.216628531     0.008990507
    -0.454474897     0.209515797     0.008990507
    -0.457709761     0.202351368     0.008990507
    -0.460831691     0.195137012     0.008990507
    -0.463839919     0.187874509     0.008990507
    -0.466733700     0.180565651     0.008990507
    -0.469512323     0.173212241     0.008990507
    -0.472175100     0.165816093     0.008990507
    -0.474721375     0.158379032     0.008990507
    -0.477150519     0.150902894     0.008990507
    -0.479461934     0.143389523     0.008990507
    -0.481655049     0.135840773     0.008990507
    -0.483729322     0.128258506     0.008990507
    -0.485684243     0.120644593     0.008990507
    -0.487519328     0.113000913     0.008990507
    -0.489234125     0.105329351     0.008990507
    -0.490828211     0.097631801     0.008990507
    -0.492301192     0.089910162     0.008990507
    -0.493652706     0.082166339     0.008990507
    -0.494882418     0.074402243     0.008990508
    -0.495990025     0.066619789     0.008990508
    -0.496975254     0.058820899     0.008990509
    -0.497837862     0.051007498     0.008990513
    -0.498577636     0.043181519     0.008990524
    -0.499194392     0.035344915     0.008990554
    -0.499687978     0.027499684     0.008990633
    -0.500058270     0.019647990     0.008990808
    -0.500305171     0.011792545     0.008991037
    -0.500437858     0.003945911     0.009176720
    -0.500428758    -0.003923118     0.008991140
    -0.500305220    -0.011788193     0.008989983
    -0.500058290    -0.019646711     0.008990211
    -0.499687986    -0.027499308     0.008990384
    -0.499194395    -0.035344804     0.008990461
    -0.498577637    -0.043181487     0.008990491
    -0.497837862    -0.051007488     0.008990502
    -0.496975254    -0.058820896     0.008990505
    -0.495990025    -0.066619789     0.008990507
    -0.494882418    -0.074402243     0.008990507
    -0.493652706    -0.082166339     0.008990507
    -0.492301192    -0.089910162     0.008990507
    -0.490828211    -0.097631801     0.008990507
    -0.489234125    -0.105329351     0.008990507
    -0.487519328    -0.113000913     0.008990507
    -0.485684243    -0.120644593     0.008990507
    -0.483729322    -0.128258506     0.008990507
    -0.481655049    -0.135840773     0.008990507
    -0.479461934    -0.143389523     0.008990507
    -0.477150519    -0.150902894     0.008990507
    -0.474721375    -0.158379032     0.008990507
    -0.472175100    -0.165816093     0.008990507
    -0.469512323    -0.173212241     0.008990507
    -0.466733700    -0.180565651     0.008990507
    -0.463839919    -0.187874509     0.008990507
    -0.460831691    -0.195137012     0.008990507
    -0.457709761    -0.202351368     0.008990507
    -0.454474897    -0.209515797     0.008990507
    -0.451127899    -0.216628531     0.008990507
    -0.447669591    -0.223687815     0.008990507
    -0.444100828    -0.230691908     0.008990507
    -0.440422489    -0.237639081     0.008990507
    -0.436635483    -0.244527619     0.008990507
    -0.432740743    -0.251355825     0.008990507
    -0.428739231    -0.258122012     0.008990507
    -0.424631934    -0.264824511     0.008990507
    -0.420419866    -0.271461669     0.008990507
    -0.416104065    -0.278031848     0.008990507
    -0.411685597    -0.284533426     0.008990507
    -0.407165552    -0.290964800     0.008990507
    -0.402545044    -0.297324383     0.008990507
    -0.397825215    -0.303610606     0.008990507
    -0.393007228    -0.309821917     0.008990507
    -0.388092272    -0.315956784     0.008990507
    -0.383081561    -0.322013694     0.008990507
    -0.377976330    -0.327991151     0.008990507
    -0.372777839    -0.333887682     0.008990507
    -0.367487370    -0.339701831     0.008990507
    -0.362106230    -0.345432164     0.008990507
    -0.356635745    -0.351077266     0.008990507
    -0.351077266    -0.356635745     0.008990507
    -0.345432164    -0.362106230     0.008990507
    -0.339701831    -0.367487370     0.008990507
    -0.333887682    -0.372777839     0.008990507
    -0.327991151    -0.377976330     0.008990507
    -0.322013694    -0.383081561     0.008990507
    -0.315956784    -0.388092272     0.008990507
    -0.309821917    -0.393007228     0.008990507
    -0.303610606    -0.397825215     0.008990507
    -0.297324383    -0.402545044     0.008990507
    -0.290964800    -0.407165552     0.008990507
    -0.284533426    -0.411685597     0.008990507
    -0.278031848    -0.416104065     0.008990507
    -0.271461669    -0.420419866     0.008990507
    -0.264824511    -0.424631934     0.008990507
    -0.258122012    -0.428739231     0.008990507
    -0.251355825    -0.432740743     0.008990507
    -0.244527619    -0.436635483     0.008990507
    -0.237639081    -0.440422489     0.008990507
    -0.230691908    -0.444100828     0.008990507
    -0.223687815    -0.447669591     0.008990507
    -0.216628531    -0.451127899     0.008990507
    -0.209515797    -0.454474897     0.008990507
    -0.202351368    -0.457709761     0.008990507
    -0.195137012    -0.460831691     0.008990507
    -0.187874509    -0.463839919     0.008990507
    -0.180565651    -0.466733700     0.008990507
    -0.173212241    -0.469512323     0.008990507
    -0.165816093    -0.472175100     0.008990507
    -0.158379032    -0.474721375     0.008990507
    -0.150902894    -0.477150519     0.008990507
    -0.143389523    -0.479461934     0.008990507
    -0.135840773    -0.481655049     0.008990507
    -0.128258506    -0.483729322     0.008990507
    -0.120644593    -0.485684243     0.008990507
    -0.113000913    -0.487519328     0.008990507
    -0.105329351    -0.489234125     0.008990507
    -0.097631801    -0.490828211     0.008990507
    -0.089910162    -0.492301192     0.008990507
    -0.082166339    -0.493652706     0.008990507
    -0.074402243    -0.494882418     0.008990507
    -0.066619789    -0.495990025     0.008990507
    -0.058820898    -0.496975254     0.008990507
    -0.051007493    -0.497837862     0.008990507
    -0.043181503    -0.498577636     0.008990507
    -0.035344859    -0.499194393     0.008990507
    -0.027499494    -0.499687982     0.008990507
    -0.019647343    -0.500058280     0.008990507
    -0.011790345    -0.500305196     0.008990507
    -0.003930438    -0.500428669     0.008990507
     0.003930438    -0.500428669     0.008990507
     0.011790345    -0.500305196     0.008990507
     0.019647343    -0.500058280     0.008990507
     0.027499494    -0.499687982     0.008990507
     0.035344859    -0.499194393     0.008990507
     0.043181503    -0.498577636     0.008990507
     0.051007493    -0.497837862     0.008990507
     0.058820898    -0.496975254     0.008990507
     0.066619789    -0.495990025     0.008990507
     0.074402243    -0.494882418     0.008990507
     0.082166339    -0.493652706     0.008990507
     0.089910162    -0.492301192     0.008990507
     0.097631801    -0.490828211     0.008990507
     0.105329351    -0.489234125     0.008990507
     0.113000913    -0.487519328     0.008990507
     0.120644593    -0.485684243     0.008990507
     0.128258506    -0.483729322     0.008990507
     0.135840773    -0.481655049     0.008990507
     0.143389523    -0.479461934     0.008990507
     0.150902894    -0.477150519     0.008990507
     0.158379032    -0.474721375     0.008990507
     0.165816093    -0.472175100     0.008990507
     0.173212241    -0.469512323     0.008990507
     0.180565651    -0.466733700     0.008990507
     0.187874509    -0.463839919     0.008990507
     0.195137012    -0.460831691     0.008990507
     0.202351368    -0.457709761     0.008990507
     0.209515797    -0.454474897     0.008990507
     0.216628531    -0.451127899     0.008990507
     0.223687815    -0.447669591     0.008990507
     0.230691908    -0.444100828     0.008990507
     0.237639081    -0.440422489     0.008990507
     0.244527619    -0.436635483     0.008990507
     0.251355825    -0.432740743     0.008990507
     0.258122012    -0.428739231     0.008990507
     0.264824511    -0.424631934     0.008990507
     0.271461669    -0.420419866     0.008990507
     0.278031848    -0.416104065     0.008990507
     0.284533426    -0.411685597     0.008990507
     0.290964800    -0.407165552     0.008990507
     0.297324383    -0.402545044     0.008990507
     0.303610606    -0.397825215     0.008990507
     0.309821917    -0.393007228     0.008990507
     0.315956784    -0.388092272     0.008990507
     0.322013694    -0.383081561     0.008990507
     0.327991151    -0.377976330     0.008990507
     0.333887682    -0.372777839     0.008990507
     0.339701831    -0.367487370     0.008990507
     0.345432164    -0.362106230     0.008990507
     0.351077266    -0.356635745     0.008990507
     0.356635745    -0.351077266     0.008990507
     0.362106230    -0.345432164     0.008990507
     0.367487370    -0.339701831     0.008990507
     0.372777839    -0.333887682     0.008990507
     0.377976330    -0.327991151     0.008990507
     0.383081561    -0.322013694     0.008990507
     0.388092272    -0.315956784     0.008990507
     0.393007228    -0.309821917     0.008990507
     0.397825215    -0.303610606     0.008990507
     0.402545044    -0.297324383     0.008990507
     0.407165552    -0.290964800     0.008990507
     0.411685597    -0.284533426     0.008990507
     0.416104065    -0.278031848     0.008990507
     0.420419866    -0.271461669     0.008990507
     0.424631934    -0.264824511     0.008990507
     0.428739231    -0.258122012     0.008990507
     0.432740743    -0.251355825     0.008990507
     0.436635483    -0.244527619     0.008990507
     0.440422489    -0.237639081     0.008990507
     0.444100828    -0.230691908     0.008990507
     0.447669591    -0.223687815     0.008990507
     0.451127899    -0.216628531     0.008990507
     0.454474897    -0.209515797     0.008990507
     0.457709761    -0.202351368     0.008990507
     0.460831691    -0.195137012     0.008990507
     0.463839919    -0.187874509     0.008990507
     0.466733700    -0.180565651     0.008990507
     0.469512323    -0.173212241     0.008990507
     0.472175100    -0.165816093     0.008990507
     0.474721375    -0.158379032     0.008990507
     0.477150519    -0.150902894     0.008990507
     0.479461934    -0.143389523     0.008990507
     0.481655049    -0.135840773     0.008990507
     0.483729322    -0.128258506     0.008990507
     0.485684243    -0.120644593     0.008990507
     0.487519328    -0.113000913     0.008990507
     0.489234125    -0.105329351     0.008990507
     0.490828211    -0.097631801     0.008990507
     0.492301192    -0.089910162     0.008990507
     0.493652706    -0.082166339     0.008990507
     0.494882418    -0.074402243     0.008990507
     0.495990025    -0.066619789     0.008990507
     0.496975254    -0.058820896     0.008990505
     0.497837862    -0.051007488     0.008990502
     0.498577637    -0.043181487     0.008990491
     0.499194395    -0.035344803     0.008990460
     0.499687986    -0.027499303     0.008990382
     0.500058290    -0.019646697     0.008990206
     0.500305221    -0.011788145     0.008989978
     0.500419486    -0.003914975     0.008804431
