     0.522963540     0.007485052     0.029996691
     0.522915199     0.013620445     0.030397364
     0.522669819     0.019773498     0.029241934
     0.522380653     0.025960488     0.029329804
     0.522108391     0.032153448     0.030988112
     0.521698897     0.038258285     0.030423846
     0.521213439     0.044341272     0.029358064
     0.520727331     0.050454249     0.030089649
     0.520206459     0.056571103     0.031973291
     0.519476385     0.062673593     0.031256591
     0.518628705     0.068791943     0.029913796
     0.517866477     0.074883483     0.031112451
     0.517095603     0.080929012     0.033300263
     0.515970500     0.087075537     0.031290619
     0.514793700     0.093301727     0.030123631
     0.513682699     0.099248384     0.029607598
     0.512656903     0.105266673     0.032456862
     0.511476701     0.111231535     0.032819038
     0.510219473     0.117103075     0.032494492
     0.508860487     0.123132256     0.033469755
     0.507477567     0.129149285     0.035461779
     0.505814323     0.135172529     0.033753923
     0.504293321     0.141049395     0.034364704
     0.502721348     0.146838622     0.034875764
     0.500839148     0.152898316     0.033838371
     0.498882303     0.159075986     0.033753134
     0.496875160     0.164786741     0.030371411
     0.495326495     0.170417365     0.035067819
     0.493673006     0.176158598     0.040047292
     0.491520718     0.181974211     0.038846119
     0.489376736     0.187729134     0.038763833
     0.487194688     0.193487130     0.039517021
     0.484877424     0.199365043     0.040432285
     0.482808475     0.204904208     0.043219792
     0.480588814     0.210213830     0.042680323
     0.478025809     0.215953665     0.042636701
     0.475348519     0.221268150     0.038586398
     0.472424377     0.227256509     0.040559994
     0.467713187     0.235309855     0.037602279
     0.465779932     0.240286117     0.044293616
     0.465564896     0.242852094     0.050256081
     0.462692971     0.248621363     0.051035099
     0.459885010     0.253934838     0.052103992
     0.456304212     0.259599901     0.048571226
     0.450934791     0.267501037     0.044812593
     0.448917031     0.271584024     0.049106888
     0.445714325     0.277136894     0.051637227
     0.442136762     0.283342189     0.056139077
     0.441448403     0.285670377     0.058181753
     0.438669200     0.290412911     0.059767352
     0.434084605     0.296425420     0.054427922
     0.427660397     0.304084953     0.045426438
     0.425374948     0.307777998     0.048397935
     0.422261565     0.312469944     0.051650954
     0.418806124     0.317862685     0.060194000
     0.415221170     0.322990905     0.064683480
     0.411534101     0.327968979     0.066848508
     0.407792646     0.332807873     0.067454183
     0.403971612     0.337531548     0.066461907
     0.400280159     0.342307085     0.069285021
     0.396632639     0.347008439     0.073065554
     0.392827892     0.351560493     0.074207418
     0.388407131     0.356454894     0.073563493
     0.384045888     0.361150257     0.072683693
     0.379798777     0.365929849     0.075970301
     0.375622744     0.370432152     0.077598798
     0.371431276     0.375219366     0.084408946
     0.366882890     0.379582160     0.081528482
     0.362292064     0.384008561     0.080348322
     0.357819997     0.388429781     0.081974790
     0.353477214     0.392624017     0.083176144
     0.349308873     0.397124423     0.092671831
     0.344807950     0.401330004     0.095161073
     0.339825803     0.405892325     0.099050812
     0.334917321     0.409962735     0.097888095
     0.330049629     0.414185873     0.101099945
     0.325092486     0.418323602     0.103352280
     0.320015985     0.422425295     0.105032790
     0.314999930     0.426371790     0.106155182
     0.310312709     0.430278454     0.111710928
     0.305098271     0.434382116     0.116342554
     0.299799987     0.438240784     0.117774173
     0.294470947     0.442062834     0.119919110
     0.289079392     0.445842722     0.122341647
     0.283612646     0.449576913     0.124869696
     0.278073451     0.453258205     0.127427374
     0.272442970     0.456884202     0.129798305
     0.266445909     0.459952611     0.120590727
     0.260390863     0.463122805     0.114244179
     0.254553117     0.466681449     0.118675787
     0.248649801     0.470114805     0.122176047
     0.242673816     0.473469879     0.125472670
     0.236621648     0.476756813     0.128726436
     0.230490261     0.479975219     0.131929170
     0.224324994     0.483249965     0.137741228
     0.218034010     0.486347382     0.141216084
     0.211653785     0.489355141     0.144275935
     0.205188271     0.492286233     0.147224809
     0.198635302     0.495141824     0.150101675
     0.192012335     0.497916460     0.152964540
     0.185294321     0.500617448     0.155809688
     0.178498358     0.503234868     0.158604819
     0.171620649     0.505766241     0.161306601
     0.164659580     0.508208398     0.163882024
     0.157615803     0.510555991     0.166275958
     0.150499396     0.512802754     0.168483632
     0.143323270     0.514964027     0.170914471
     0.136073090     0.517055900     0.173797293
     0.128723610     0.519073283     0.176907548
     0.121343339     0.521552370     0.190953915
     0.113775464     0.523056590     0.187638157
     0.106174349     0.524246799     0.180466204
     0.098444915     0.526092940     0.187572266
     0.090716017     0.527426442     0.187274395
     0.083039879     0.528543492     0.185485367
     0.075045305     0.530302749     0.197089805
     0.067055485     0.531028574     0.191177372
     0.058996594     0.532031624     0.192916680
     0.050805599     0.533247549     0.200945724
     0.042816385     0.533443212     0.192328278
     0.034298496     0.534356626     0.199528604
     0.025824167     0.534631732     0.197105826
     0.017527784     0.534734139     0.194576056
     0.008747944     0.535290762     0.202643917
     0.000335362     0.534532842     0.188272392
    -0.008141356     0.534866290     0.198186968
    -0.016739808     0.534341527     0.193758162
    -0.025524867     0.534032984     0.196329931
    -0.034432519     0.533304586     0.193419401
    -0.043314967     0.532592880     0.193612339
    -0.052126601     0.532028097     0.199435979
    -0.061146989     0.530968731     0.199341323
    -0.070226839     0.529794574     0.200509162
    -0.079340455     0.528156313     0.195904343
    -0.088477561     0.526703668     0.197996467
    -0.097657385     0.524988325     0.198178329
    -0.106845271     0.523051623     0.197249148
    -0.116054060     0.520988647     0.197168239
    -0.125285399     0.518778960     0.197581605
    -0.134547613     0.516466782     0.199464503
    -0.144021971     0.513912570     0.201670000
    -0.153698901     0.511193782     0.205557688
    -0.163860383     0.507936714     0.204695231
    -0.172852693     0.503996157     0.189528988
    -0.182090716     0.500540799     0.188375001
    -0.190972307     0.496018028     0.168485612
    -0.199626205     0.492434512     0.169171332
    -0.209814255     0.489183102     0.188563547
    -0.219404620     0.484755364     0.186067847
    -0.228757964     0.479975226     0.180170182
    -0.237405455     0.474665879     0.163398089
    -0.247007739     0.470463065     0.178414496
    -0.256436940     0.465074737     0.173900437
    -0.265575017     0.459611399     0.170201360
    -0.274790006     0.453892721     0.167634133
    -0.283787544     0.447866054     0.161483528
    -0.292780775     0.441730756     0.157051708
    -0.301637664     0.435875663     0.158141835
    -0.310309893     0.429686001     0.156521367
    -0.319272308     0.422043490     0.146027972
    -0.328035373     0.414164408     0.134558120
    -0.336781893     0.407380310     0.139771237
    -0.345294841     0.400440690     0.141818555
    -0.353414416     0.393035514     0.135504055
    -0.361658751     0.384857401     0.127825036
    -0.369829261     0.376861390     0.126721979
    -0.377896343     0.367979850     0.120992167
    -0.385909696     0.358925318     0.117545990
    -0.393597832     0.350628319     0.117300942
    -0.401074648     0.341872146     0.112262891
    -0.408489818     0.332400153     0.106193778
    -0.415786692     0.322922614     0.103816348
    -0.422823903     0.313144357     0.098986378
    -0.429679397     0.303287154     0.096082208
    -0.436275934     0.293142031     0.091010599
    -0.442844395     0.283105143     0.090542311
    -0.449131998     0.272664904     0.086999479
    -0.455165424     0.262012408     0.082672094
    -0.461044896     0.251276023     0.080488171
    -0.466674865     0.240252044     0.078194799
    -0.471951625     0.228978811     0.073333483
    -0.477072138     0.217633778     0.070226468
    -0.482025119     0.206154832     0.069316345
    -0.486609103     0.194481433     0.065478287
    -0.490931078     0.182760403     0.062141820
    -0.495091105     0.170991011     0.060943132
    -0.499004559     0.159066394     0.059362983
    -0.502536673     0.146917060     0.055835152
    -0.505875166     0.134726531     0.054338184
    -0.508959380     0.122430307     0.053736182
    -0.511599019     0.109968646     0.050744634
    -0.514000686     0.097459117     0.049323124
    -0.516186772     0.084890989     0.049540703
    -0.517984094     0.072234684     0.047946316
    -0.519533002     0.059576505     0.046736272
    -0.520877013     0.046910166     0.046645392
    -0.521855955     0.034162779     0.045738238
    -0.522518046     0.021367773     0.044386498
    -0.522220767     0.008520963     0.035912037
    -0.522902866    -0.004263132     0.043824778
    -0.522684808    -0.017030976     0.044758893
    -0.522126900    -0.029804950     0.045391756
    -0.521248346    -0.042549869     0.045936837
    -0.520071970    -0.055227718     0.047202053
    -0.518606348    -0.067889045     0.047881272
    -0.516859929    -0.080540713     0.048281167
    -0.514842165    -0.093140810     0.049244389
    -0.512565744    -0.105671172     0.050811961
    -0.509963055    -0.118126419     0.052089545
    -0.507035376    -0.130460369     0.053642696
    -0.503845871    -0.142694713     0.055983926
    -0.500332405    -0.154809340     0.057519945
    -0.496549780    -0.166788575     0.059525671
    -0.492559152    -0.178620011     0.062069711
    -0.488300578    -0.190335264     0.064290584
    -0.483766974    -0.201996755     0.066750349
    -0.479002796    -0.213565164     0.069582951
    -0.473979802    -0.224949188     0.072484349
    -0.468732761    -0.236198264     0.075243349
    -0.463270521    -0.247307235     0.078895624
    -0.457515904    -0.258120611     0.081785932
    -0.451521479    -0.268763884     0.084364763
    -0.445317966    -0.279235729     0.087302783
    -0.438929042    -0.289570352     0.091278107
    -0.432451035    -0.299191752     0.095949370
    -0.425573084    -0.309110523     0.095725789
    -0.418662053    -0.319382023     0.102009804
    -0.411523778    -0.328873183     0.105055845
    -0.404171550    -0.338375877     0.110092300
    -0.396819807    -0.347135275     0.115409610
    -0.389235856    -0.355529466     0.116675017
    -0.381301091    -0.364669946     0.119941339
    -0.373248783    -0.373611392     0.123650861
    -0.365277439    -0.381720866     0.126976745
    -0.357110040    -0.389993564     0.134774252
    -0.349048768    -0.397378511     0.140053936
    -0.340627798    -0.404406766     0.138729306
    -0.331935518    -0.411229545     0.132896962
    -0.323239817    -0.419213258     0.144222571
    -0.314253348    -0.426950596     0.152861196
    -0.305778560    -0.433319749     0.158028715
    -0.296978431    -0.439110374     0.154937441
    -0.288030553    -0.445380193     0.159953341
    -0.279052304    -0.451448400     0.164922519
    -0.269893379    -0.457233700     0.167077553
    -0.260707307    -0.462603974     0.166526576
    -0.251244129    -0.467296267     0.155724661
    -0.242113874    -0.472468615     0.160540552
    -0.233178676    -0.478154418     0.180295153
    -0.223895069    -0.482839346     0.183254898
    -0.214236705    -0.486457155     0.167897344
    -0.204845653    -0.490346770     0.163419796
    -0.195609370    -0.494932262     0.177034232
    -0.186490886    -0.499508283     0.195044193
    -0.177101819    -0.503034646     0.195271435
    -0.167525012    -0.505915921     0.185552792
    -0.158182460    -0.508915546     0.182904809
    -0.148809656    -0.511955560     0.184606841
    -0.139436772    -0.514798665     0.186468565
    -0.130230870    -0.517342089     0.187573636
    -0.120996126    -0.519753034     0.189393117
    -0.111765464    -0.521968929     0.190728930
    -0.102567366    -0.524035295     0.192500807
    -0.093387053    -0.525887969     0.193349913
    -0.084233042    -0.527479439     0.192329473
    -0.075088196    -0.529245238     0.197750472
    -0.065978723    -0.530523395     0.196996409
    -0.056912110    -0.531695727     0.197609967
    -0.048100950    -0.532383582     0.192747977
    -0.039231210    -0.533134287     0.191838783
    -0.030340454    -0.534042850     0.196728086
    -0.021510921    -0.534596115     0.197552115
    -0.012749781    -0.535111404     0.200533302
    -0.004087363    -0.535105425     0.196114877
     0.004555615    -0.535260469     0.197578201
     0.013136447    -0.535158916     0.196695898
     0.021652546    -0.534924633     0.195882117
     0.030114125    -0.534564568     0.195259764
     0.038570958    -0.534076368     0.194918096
     0.046756616    -0.533438033     0.194210900
     0.054892277    -0.532674388     0.193639870
     0.062978509    -0.531708452     0.191512630
     0.071010550    -0.530630737     0.189530010
     0.078957726    -0.529444074     0.187637398
     0.086834359    -0.528149921     0.185844038
     0.094637333    -0.526749620     0.184118551
     0.102365429    -0.525243853     0.182426248
     0.110017586    -0.523632976     0.180727679
     0.117592575    -0.521917063     0.178977710
     0.125088684    -0.520095940     0.177123751
     0.132500193    -0.518150025     0.174718946
     0.139819087    -0.516063874     0.171381457
     0.147045454    -0.513880675     0.167886410
     0.154176456    -0.511608961     0.164326731
     0.161215879    -0.509257389     0.160844327
     0.168170079    -0.506829289     0.157505480
     0.175042709    -0.504324691     0.154300943
     0.181834592    -0.501743112     0.151194408
     0.188546449    -0.499082773     0.148126503
     0.195160456    -0.496347171     0.144998240
     0.201708068    -0.493528441     0.141831013
     0.208175360    -0.490634918     0.138645931
     0.214563398    -0.487667426     0.135435828
     0.220867133    -0.484614190     0.131915954
     0.227047848    -0.481381930     0.126048027
     0.233197817    -0.478206597     0.122833615
     0.239272925    -0.474960115     0.119568997
     0.245279621    -0.471634843     0.116164893
     0.251225961    -0.468177031     0.111777767
     0.257380800    -0.465133154     0.118538810
     0.263451874    -0.462154883     0.127337209
     0.269177856    -0.458627609     0.124956703
     0.274813729    -0.455040808     0.122373312
     0.280370613    -0.451399500     0.119760187
     0.285859131    -0.447703281     0.117193306
     0.291271864    -0.443957744     0.114671936
     0.296617251    -0.440161962     0.112243731
     0.301915565    -0.436309254     0.110005648
     0.307229225    -0.432380649     0.108432445
     0.312136928    -0.428595916     0.106523288
     0.316979090    -0.424583436     0.101532342
     0.322022374    -0.420389768     0.097114972
     0.327037077    -0.416322560     0.095801964
     0.331942955    -0.412142473     0.092863753
     0.336874044    -0.408100102     0.093894732
     0.341867684    -0.403564280     0.089558624
     0.346491871    -0.399444405     0.089118696
     0.350776918    -0.395072118     0.082285646
     0.355130051    -0.390857132     0.080166522
     0.359531004    -0.386408016     0.076366167
     0.364050443    -0.381887176     0.074313203
     0.368637286    -0.377581073     0.077699597
     0.372948294    -0.372918283     0.073478009
     0.377234092    -0.368521133     0.074131094
     0.381499802    -0.363761574     0.070515874
     0.385900179    -0.359110630     0.071702128
     0.390274118    -0.354181837     0.070274149
     0.394070084    -0.349540873     0.066931811
     0.397834945    -0.344965679     0.065808310
     0.401654619    -0.340308368     0.065686662
     0.405405927    -0.335527309     0.064083466
     0.409104788    -0.330642272     0.061444929
     0.412832758    -0.325715508     0.059782866
     0.416504422    -0.320646951     0.056527773
     0.420067582    -0.315267019     0.048902463
     0.423365818    -0.310680383     0.049131262
     0.425546225    -0.306888401     0.042859085
     0.432115313    -0.299343452     0.053920680
     0.436638099    -0.293316210     0.057054420
     0.439370221    -0.288668098     0.055288746
     0.439976289    -0.286248764     0.050870832
     0.443654770    -0.280081531     0.047418380
     0.446998091    -0.274500817     0.045864428
     0.449059433    -0.270471231     0.042391110
     0.454614559    -0.262631356     0.048333247
     0.458130341    -0.256971289     0.050029600
     0.460979373    -0.251649553     0.048875657
     0.463865721    -0.245942204     0.048280422
     0.463949453    -0.243333866     0.039574090
     0.466001197    -0.238216577     0.032714545
     0.470951343    -0.230190758     0.038801014
     0.473997418    -0.224282568     0.039107190
     0.476751408    -0.218660954     0.041412546
     0.479342134    -0.212717379     0.041794189
     0.479730821    -0.209912463     0.040737652
     0.481785301    -0.204474933     0.038226597
     0.485871384    -0.196225679     0.038612614
     0.488324891    -0.190461467     0.038747803
     0.490371978    -0.185012093     0.038290052
     0.492552955    -0.179330808     0.040154889
     0.494240396    -0.173622560     0.035147366
     0.495806282    -0.167982650     0.029927582
     0.497807510    -0.162321795     0.032993176
     0.499808978    -0.156199804     0.033454948
     0.501681883    -0.150220869     0.034124413
     0.503441061    -0.144277986     0.034475536
     0.504997674    -0.138402728     0.033727023
     0.506574075    -0.132547780     0.034957089
     0.507999234    -0.126504119     0.032788201
     0.509376354    -0.120511866     0.031604537
     0.510779591    -0.114534863     0.032581527
     0.512049214    -0.108574679     0.033087194
     0.512990342    -0.102645690     0.029039925
     0.514130631    -0.096704265     0.029459350
     0.515340915    -0.090469390     0.030301995
     0.516550328    -0.084340374     0.033224925
     0.517357270    -0.078290603     0.030861271
     0.518158869    -0.072195112     0.029532959
     0.519033358    -0.066084096     0.030668226
     0.519831024    -0.059989251     0.031986947
     0.520381664    -0.053880749     0.029967939
     0.520903109    -0.047763750     0.029038649
     0.521426139    -0.041675410     0.029972917
     0.521901545    -0.035575462     0.031141931
     0.522195813    -0.029397715     0.029294994
     0.522511288    -0.023211146     0.028973924
     0.522780653    -0.017049179     0.029707717
     0.522815160    -0.010991002     0.029995268
     0.511444652     0.003610241     0.220193395
     0.511375595     0.012117628     0.221338186
     0.511181997     0.020622934     0.222812358
     0.510406871     0.029072413     0.216098673
     0.509794832     0.037533877     0.215009243
     0.509051055     0.045980456     0.214091305
     0.508168029     0.054407960     0.213183092
     0.507145445     0.062816447     0.212274216
     0.505984574     0.071203372     0.211380564
     0.504686811     0.079563276     0.210509741
     0.503250743     0.087896433     0.209629341
     0.501674646     0.096211305     0.208736141
     0.499964082     0.104503143     0.207927188
     0.498124592     0.112751088     0.207219035
     0.496155322     0.120942868     0.206519165
     0.494053423     0.129084211     0.205778157
     0.491818124     0.137187026     0.205032414
     0.489453326     0.145247508     0.204332758
     0.486960564     0.153257051     0.203650766
     0.484332386     0.161227589     0.202914215
     0.481568268     0.169176532     0.202239924
     0.478690263     0.177070180     0.201820538
     0.475706988     0.184863682     0.201463551
     0.472604511     0.192572322     0.200976516
     0.469377942     0.200223291     0.200458678
     0.466031980     0.207816813     0.199992799
     0.462572375     0.215341064     0.199574669
     0.458988775     0.222803151     0.199069765
     0.455243820     0.230258426     0.198336273
     0.451308669     0.237775597     0.197604367
     0.447252547     0.245300827     0.197686099
     0.443225599     0.252586510     0.198673884
     0.500439818     0.003928291     0.009213135
     0.439198003     0.259531358     0.198766613
     0.434999183     0.266393083     0.197603833
     0.430578028     0.273381831     0.196669601
     0.425985930     0.280462972     0.196659013
     0.500302212     0.011789060     0.008930234
     0.500053998     0.019644757     0.008902897
     0.499681320     0.027495211     0.008852764
     0.421356322     0.287418632     0.197377267
     0.416752728     0.294098368     0.197963172
     0.412139968     0.300515042     0.197784117
     0.499183199     0.035339114     0.008759069
     0.498561907     0.043174951     0.008665785
     0.497817673     0.051000217     0.008573988
     0.496950675     0.058812789     0.008483264
     0.495961066     0.066610683     0.008392238
     0.494849043     0.074391992     0.008299955
     0.493614911     0.082154837     0.008207101
     0.492259026     0.089897316     0.008114750
     0.490781732     0.097617535     0.008023119
     0.489183493     0.105313606     0.007934269
     0.487464749     0.112983586     0.007848870
     0.485625878     0.120625546     0.007765815
     0.483667336     0.128237572     0.007684887
     0.481589499     0.135817749     0.007603753
     0.479392774     0.143364245     0.007520446
     0.477077732     0.150875287     0.007436034
     0.474645061     0.158349068     0.007353030
     0.472095370     0.165783760     0.007271722
     0.469429389     0.173177580     0.007194415
     0.466647918     0.180528694     0.007123741
     0.463751641     0.187835191     0.007058870
     0.460741167     0.195095175     0.006997066
     0.457617074     0.202306823     0.006934839
     0.454380031     0.209468412     0.006870702
     0.451030850     0.216578281     0.006805771
     0.447570504     0.223634746     0.006743338
     0.443999842     0.230636046     0.006683172
     0.209769312     0.481172724     0.109024590
     0.203482434     0.483698924     0.105400523
     0.197297041     0.486274232     0.105272135
     0.191109965     0.488761169     0.105091111
     0.184907487     0.491149459     0.104922856
     0.178686603     0.493444971     0.104637646
     0.172447479     0.495652527     0.104303166
     0.166189208     0.497771889     0.103887794
     0.159911832     0.499798082     0.103463936
     0.153616135     0.501745136     0.102915196
     0.147304002     0.503608961     0.102350907
     0.140979091     0.505388855     0.101766395
     0.134640388     0.507088550     0.101218530
     0.128292679     0.508707652     0.100715913
     0.121932619     0.510229318     0.099907999
     0.115560233     0.511661923     0.098954397
     0.109172870     0.513021502     0.098161471
     0.102753637     0.514300618     0.097327835
     0.096315181     0.515670688     0.099847765
     0.089814412     0.516899602     0.100993907
     0.083317009     0.518361418     0.108398904
     0.440319681     0.237580521     0.006624799
     0.436531208     0.244466588     0.006574499
     0.432635611     0.251292297     0.006534170
     0.056822426     0.523290226     0.135610476
     0.428633289     0.258055818     0.006492420
     0.424525337     0.264755895     0.006455328
     0.036800860     0.524131094     0.117500432
     0.420312825     0.271390747     0.006422603
     0.415996788     0.277958722     0.006394033
     0.017015776     0.524468985     0.105665003
     0.411578552     0.284458053     0.006372232
     0.407058905     0.290886789     0.006347995
    -0.003377265     0.524423036     0.101224782
     0.402438649     0.297243546     0.006318331
     0.397718730     0.303527134     0.006284695
    -0.024007856     0.523361656     0.092322754
     0.392900632     0.309736438     0.006257884
     0.387985919     0.315869840     0.006243120
    -0.044768705     0.522182282     0.096161937
     0.382976247     0.321925621     0.006244766
    -0.059522733     0.521809650     0.117072182
    -0.067013146     0.520670876     0.112313539
    -0.074136517     0.519428132     0.107245159
    -0.081135304     0.518285830     0.106220278
    -0.088130675     0.517297136     0.110683126
    -0.095199555     0.516210020     0.115551942
    -0.102416573     0.514850070     0.117241532
    -0.109670588     0.513266858     0.116146270
    -0.116828845     0.511405457     0.110467848
    -0.123752485     0.509613389     0.106718457
    -0.130550906     0.508015458     0.108089101
    -0.137545313     0.506606432     0.115530000
    -0.144875488     0.504894091     0.121330685
    -0.152415788     0.502724984     0.122214946
    -0.159773409     0.500090090     0.116570182
    -0.166666761     0.497342517     0.109351920
    -0.173335817     0.494928239     0.109524799
    -0.180207562     0.493049938     0.122554611
    -0.187616977     0.491728617     0.150400704
     0.377872617     0.327901856     0.006253372
     0.372675907     0.333797184     0.006264363
     0.367387318     0.339610228     0.006277476
     0.362008127     0.345339553     0.006292334
    -0.221391844     0.474099562     0.086336401
    -0.229012451     0.471684600     0.111218250
     0.356539655     0.350983767     0.006309115
     0.350983255     0.356541494     0.006328140
     0.345340305     0.362011374     0.006349697
     0.339612201     0.367392067     0.006374013
    -0.262711050     0.453132518     0.102555112
     0.333800358     0.372682254     0.006401279
     0.327906212     0.377880645     0.006431743
     0.321931226     0.382985972     0.006465787
     0.315876879     0.387996973     0.006503440
     0.309744624     0.392912400     0.006544073
     0.303535950     0.397731088     0.006588152
     0.297252426     0.402451932     0.006637542
     0.290895674     0.407073807     0.006693802
     0.284467287     0.411595510     0.006756244
     0.277968795     0.416015838     0.006822740
     0.407375505     0.306847032     0.196609458
     0.402337901     0.313332778     0.195598175
     0.397128857     0.319933050     0.196082942
     0.271401733     0.420333671     0.006892040
     0.264767697     0.424547970     0.006964320
     0.258068320     0.428657702     0.007039689
     0.391883252     0.326410067     0.197174499
     0.386623173     0.332662255     0.197768472
     0.381324297     0.338724773     0.197830477
     0.375996148     0.344631468     0.197834623
     0.370629787     0.350403833     0.197866594
     0.251305242     0.432661837     0.007117763
     0.244480122     0.436559374     0.007198246
     0.365203679     0.356063051     0.197871464
     0.359697632     0.361629017     0.197828415
     0.354085906     0.367126275     0.197744015
     0.348361157     0.372569661     0.197768621
     0.342546201     0.377943007     0.197997073
     0.336672696     0.383214924     0.198371556
     0.330751423     0.388367030     0.198720786
     0.324767437     0.393409539     0.198983206
     0.318714581     0.398356017     0.199280722
     0.312610958     0.403198364     0.199692386
     0.306472434     0.407920445     0.200119133
     0.300286382     0.412526815     0.200452377
     0.294030927     0.417037712     0.200757505
     0.287707015     0.421459355     0.201150330
     0.281330285     0.425780494     0.201612711
     0.274914017     0.429991219     0.202103870
     0.268464769     0.434087768     0.202602928
     0.261979338     0.438072200     0.203085978
     0.255448538     0.441950665     0.203548510
     0.248865262     0.445729077     0.204015526
     0.242228021     0.449409863     0.204513440
     0.235539584     0.452992164     0.205052223
     0.228805254     0.456473703     0.205636446
     0.222033031     0.459851337     0.206272762
     0.215229855     0.463121113     0.206936084
     0.208387705     0.466283364     0.207553576
     0.201491343     0.469346916     0.208163374
     0.194540884     0.472314753     0.208830087
     0.187542963     0.475183315     0.209545443
     0.180502017     0.477949696     0.210291221
     0.173420211     0.480612514     0.211058373
     0.166298673     0.483171088     0.211843055
     0.159138179     0.485624957     0.212643373
     0.151939540     0.487973696     0.213458672
     0.144703848     0.490216795     0.214288583
    -0.520492973     0.007212687     0.049138404
     0.137432396     0.492353639     0.215131817
     0.130126600     0.494383563     0.215986516
     0.122787264     0.496306065     0.216850716
     0.115888712     0.500104395     0.254890754
     0.108451730     0.501755794     0.254641483
     0.101006543     0.503302633     0.254576454
     0.093564722     0.504757401     0.254929849
     0.086125439     0.506106477     0.255437121
     0.078681270     0.507343265     0.255946608
     0.071224261     0.508468083     0.256431306
     0.063739609     0.509482153     0.256873507
     0.056221632     0.510390043     0.257360861
     0.048668853     0.511184571     0.257764161
     0.041026517     0.511859252     0.257875468
     0.033304742     0.512446212     0.258417251
     0.025636674     0.512926538     0.259234714
     0.017951496     0.513268229     0.259571345
     0.010295335     0.513527922     0.260597621
     0.002689790     0.513637827     0.260938473
    -0.005048365     0.513623131     0.261038525
    -0.012757023     0.513543376     0.262167333
    -0.020434487     0.513294277     0.262213890
    -0.028267724     0.512932026     0.262425744
    -0.036019341     0.512502298     0.263597839
    -0.043772588     0.511878229     0.263244999
    -0.051681867     0.511162697     0.263689841
    -0.059378914     0.510413518     0.265502382
    -0.066872117     0.509512997     0.266181953
    -0.074429635     0.508461704     0.266259808
    -0.082073753     0.507294142     0.266551859
     0.237594641     0.440349332     0.007280801
    -0.089747933     0.506011382     0.266993140
    -0.097419201     0.504611824     0.267482881
    -0.105073810     0.503095199     0.267980482
    -0.112704578     0.501462931     0.268489606
    -0.120306426     0.499716533     0.269018429
     0.230650498     0.444030732     0.007364646
     0.223649384     0.447602576     0.007447981
    -0.127874361     0.497857361     0.269568852
    -0.135405079     0.495884870     0.270110050
    -0.142899818     0.493797269     0.270607323
    -0.150361225     0.491594257     0.271063797
    -0.157789297     0.489277572     0.271510976
     0.216592911     0.451063927     0.007528778
     0.209482715     0.454414118     0.007609580
     0.202320714     0.457652549     0.007696076
    -0.165179434     0.486850958     0.271993010
    -0.172520935     0.484320934     0.272565195
    -0.179797958     0.481694855     0.273253110
     0.195108822     0.460778364     0.007788546
     0.187848791     0.463790682     0.007884702
     0.180542351     0.466688708     0.007983141
     0.173191270     0.469471709     0.008083280
     0.165797343     0.472138989     0.008184852
     0.158362387     0.474689883     0.008287690
     0.150888233     0.477123752     0.008391663
     0.143376739     0.479439983     0.008496632
     0.135829807     0.481637981     0.008602445
     0.128249483     0.483717146     0.008708867
     0.120638264     0.485676769     0.008814930
     0.112996738     0.487513568     0.008859435
     0.105340847     0.489303315     0.010391691
     0.097642434     0.490900273     0.010445549
    -0.230625035    -0.471100832     0.115935897
    -0.222859234    -0.474250144     0.102995481
     0.089919983     0.492376317     0.010503829
     0.082175367     0.493730914     0.010563084
     0.074410398     0.494963708     0.010622497
     0.066626926     0.496074495     0.010683867
    -0.187722750    -0.489848652     0.117708457
    -0.180404419    -0.491999704     0.106146711
    -0.173573307    -0.494138446     0.098278760
    -0.166973403    -0.496666376     0.100579587
    -0.160176039    -0.499474153     0.109312460
    -0.152888009    -0.502172589     0.116316224
    -0.145365849    -0.504395335     0.116291928
    -0.138037560    -0.506153891     0.111132735
    -0.131040710    -0.507592044     0.104000243
    -0.124285233    -0.509210009     0.103035444
    -0.117424193    -0.511037242     0.107483437
    -0.110334590    -0.512935734     0.113989205
    -0.103147809    -0.514531804     0.115399310
    -0.096003877    -0.515887472     0.113644989
    -0.089028630    -0.516992281     0.109141301
    -0.082147556    -0.517975460     0.104567963
    -0.075256787    -0.519079488     0.104734546
    -0.068302112    -0.520301876     0.109349975
    -0.061245818    -0.521376614     0.113134496
    -0.054159667    -0.522235397     0.114832392
    -0.047174528    -0.522822593     0.113385023
    -0.040224780    -0.523239200     0.110318183
    -0.033429848    -0.523600562     0.107777379
    -0.026693284    -0.523980191     0.107331485
    -0.019931841    -0.524374574     0.108620292
    -0.013102845    -0.524718722     0.110710871
    -0.006229862    -0.524973990     0.112714958
     0.000595958    -0.525112897     0.114111892
     0.007354707    -0.525099547     0.114179306
     0.014043228    -0.524910061     0.112616481
     0.020671138    -0.524601789     0.110194906
     0.027265269    -0.524264559     0.108913556
     0.033853648    -0.523898035     0.108797170
     0.040461052    -0.523483834     0.109520846
     0.047093749    -0.522997065     0.110610106
     0.053741753    -0.522411645     0.111534749
     0.060386655    -0.521717007     0.112044274
     0.067009498    -0.520910826     0.112035312
     0.073597556    -0.520002816     0.111646221
     0.080145086    -0.519001661     0.111008289
     0.086642582    -0.517858462     0.109106397
     0.093095958    -0.516622279     0.106921979
     0.099471195    -0.515159908     0.101702209
     0.105832876    -0.513833151     0.100735211
     0.112174893    -0.512469106     0.100548314
     0.118511686    -0.511051529     0.100896143
     0.124846330    -0.509570286     0.101608543
     0.131176855    -0.508015334     0.102492850
     0.137492952    -0.506357433     0.102942804
     0.143796269    -0.504617356     0.103378929
     0.150091281    -0.502790120     0.103739808
     0.156376728    -0.500878021     0.104078266
     0.162650453    -0.498887411     0.104332303
     0.168910603    -0.496806595     0.104657521
     0.175154842    -0.494637248     0.104907707
     0.181383862    -0.492380105     0.105123585
     0.187599088    -0.490032187     0.105283559
     0.193810072    -0.487591443     0.105634215
     0.200094575    -0.485168156     0.108440848
     0.058826900     0.497063101     0.010749372
     0.051012346     0.497929218     0.010818004
     0.043184915     0.498672511     0.010886815
     0.035346355     0.499293513     0.010970065
     0.027499725     0.499792074     0.011069461
     0.019646547     0.500166354     0.011149692
     0.011787842     0.500417492     0.011234628
     0.003927031     0.500544698     0.011310480
    -0.003935943     0.500547389     0.011365686
    -0.011798356     0.500428216     0.011454008
    -0.019656471     0.500184830     0.011526726
    -0.027511381     0.499817130     0.011582630
    -0.035359387     0.499328104     0.011678555
    -0.043197298     0.498714402     0.011742888
    -0.051026771     0.497977218     0.011802410
    -0.058842633     0.497119525     0.011907024
    -0.066641675     0.496136636     0.011954891
    -0.074426056     0.495028756     0.011955536
    -0.082193596     0.493799732     0.011980636
    -0.089940722     0.492449998     0.012028008
    -0.097665379     0.490979119     0.012081687
    -0.105365841     0.489387132     0.012135706
    -0.113040295     0.487674335     0.012188428
    -0.120686862     0.485841080     0.012238531
    -0.128303674     0.483887781     0.012285351
    -0.135888878     0.481814922     0.012329078
    -0.143440634     0.479623058     0.012370765
    -0.150957096     0.477312796     0.012411858
    -0.187016818     0.478954994     0.273740365
    -0.194305592     0.475996391     0.272948660
    -0.201864281     0.472786826     0.271874340
    -0.158436386     0.474884740     0.012452897
    -0.165876625     0.472339483     0.012493591
    -0.173275944     0.469677636     0.012533405
    -0.209415757     0.469552698     0.272916420
    -0.216644760     0.466342486     0.274467913
    -0.223673933     0.462991916     0.274257233
    -0.230947597     0.459296890     0.272236671
    -0.180632455     0.466899819     0.012571161
    -0.238460159     0.455438897     0.271974347
    -0.245747145     0.451626489     0.273256369
    -0.252727515     0.447806126     0.274162183
    -0.259510000     0.443942556     0.274873144
    -0.187944296     0.464006533     0.012603047
    -0.266242647     0.439875643     0.273927965
    -0.273207619     0.435525805     0.272870177
    -0.280143888     0.431134621     0.273436530
    -0.286893394     0.426686930     0.273678835
    -0.293530433     0.422143838     0.273638533
    -0.300088085     0.417499096     0.273542784
    -0.306570148     0.412754255     0.273452725
    -0.312972906     0.407914218     0.273401576
    -0.319293349     0.402975652     0.273294287
    -0.325551439     0.397910777     0.272929764
    -0.331785553     0.392685291     0.272277816
    -0.338009868     0.387298515     0.271588447
    -0.344185015     0.381797716     0.271166000
    -0.350237666     0.376250614     0.271095651
    -0.356129394     0.370678382     0.271112391
    -0.361894357     0.365035515     0.270919352
    -0.367586415     0.359266661     0.270429691
    -0.373236627     0.353349174     0.269802428
    -0.378827901     0.347299435     0.269104622
    -0.384344739     0.341128717     0.268320813
    -0.389775188     0.334862385     0.267645228
    -0.395099944     0.328533058     0.267225445
    -0.400287048     0.322165685     0.266876179
    -0.405345272     0.315730805     0.266304202
    -0.410310805     0.309185453     0.265515199
    -0.415198138     0.302522999     0.264688401
     0.454324828     0.248603062     0.134784609
     0.431996937     0.286167297     0.141260640
     0.407819712     0.320481786     0.151308436
     0.401752513     0.327275094     0.142248546
     0.396313214     0.334448009     0.150764557
     0.391046887     0.341134131     0.158054084
     0.385673025     0.347492615     0.161848028
     0.380283917     0.353631544     0.164997486
     0.374883543     0.359498200     0.166762857
     0.369412112     0.365168118     0.167402699
     0.363874358     0.370715909     0.167711984
     0.358216309     0.376107451     0.166440014
     0.352376846     0.381442873     0.164297426
     0.346459466     0.386779211     0.163583961
     0.340530804     0.392070875     0.164484735
     0.334648427     0.397234688     0.166376667
     0.328712969     0.402194311     0.166737419
     0.322664575     0.407028961     0.166062658
     0.316567381     0.411819128     0.166418239
     0.310508953     0.416517159     0.168022462
     0.304462854     0.421032887     0.169021982
     0.298338601     0.425371173     0.168412208
     0.292118348     0.429640605     0.167778260
     0.285897797     0.433836115     0.168060428
     0.279682836     0.437910774     0.168511088
     0.273471327     0.441862894     0.169064882
     0.267260471     0.445689563     0.169576057
     0.261029566     0.449387106     0.169689585
     0.254759558     0.452964651     0.169335952
     0.248447522     0.456438882     0.168786251
     0.242100828     0.459819651     0.168274225
     0.235724659     0.463108129     0.167850327
     0.229322885     0.466305012     0.167545241
     0.222902293     0.469413962     0.167466963
     0.216485210     0.472434871     0.167774528
     0.210131310     0.475426777     0.169987616
     0.203636326     0.478193253     0.168876635
     0.197105403     0.480892783     0.168191172
     0.190552735     0.483509091     0.167731385
     0.183982820     0.486045071     0.167573734
     0.177385481     0.488478860     0.167228096
     0.170764665     0.490819625     0.166885842
     0.164120042     0.493067476     0.166539978
     0.157448614     0.495213035     0.165987846
     0.150755798     0.497276562     0.165644047
     0.144040416     0.499251684     0.165376379
     0.137303597     0.501141806     0.165253684
     0.130543687     0.502940347     0.165138324
     0.123761349     0.504646960     0.165025762
    -0.195210161     0.460998162     0.012626839
    -0.202429927     0.457876427     0.012674485
    -0.209600597     0.454645339     0.012796274
    -0.216715621     0.451302764     0.012897152
    -0.223774702     0.447844570     0.012897757
    -0.230780968     0.444271862     0.012847172
    -0.237735107     0.440592080     0.012887502
    -0.244629611     0.436808565     0.013007481
    -0.251459897     0.432916377     0.013073407
     0.033510835     0.522074361     0.145413019
    -0.258227052     0.428914466     0.013076600
     0.019378722     0.522231924     0.134741452
     0.012278585     0.523163407     0.149311760
    -0.264930341     0.424804411     0.013037537
    -0.002116107     0.522322559     0.130197727
    -0.009363753     0.523245438     0.150503232
    -0.271570985     0.420588081     0.013002782
    -0.023915044     0.521563569     0.126662671
    -0.031300953     0.522473150     0.152899281
    -0.278146948     0.416271794     0.013058665
    -0.045960757     0.519824691     0.122263146
    -0.053630949     0.519998902     0.140524143
    -0.284651702     0.411854179     0.013109084
    -0.291085388     0.407333437     0.013124595
    -0.297447366     0.402711476     0.013129309
    -0.303735902     0.397989885     0.013128877
    -0.309949317     0.393169886     0.013122719
    -0.316086018     0.388252643     0.013109686
    -0.322144578     0.383239273     0.013089391
    -0.328123838     0.378131098     0.013067642
    -0.334022575     0.372929795     0.013054308
    -0.339839090     0.367637033     0.013051960
    -0.345571293     0.362253989     0.013049472
    -0.351217218     0.356781170     0.013026837
    -0.356775868     0.351219249     0.012979745
    -0.362246827     0.345570062     0.012928842
    -0.367629033     0.339835772     0.012889425
    -0.372920821     0.334018326     0.012863901
    -0.378120322     0.328118818     0.012839056
    -0.383226350     0.322138377     0.012811728
    -0.388237629     0.316078364     0.012780174
    -0.198660592     0.482113961     0.123025844
    -0.206050888     0.479796270     0.138195910
    -0.213799012     0.477311476     0.155218993
    -0.393152850     0.309940422     0.012745015
    -0.397970542     0.303725695     0.012697507
    -0.235434279     0.465502915     0.128893956
    -0.242224814     0.462608332     0.140645940
    -0.249188925     0.458973147     0.142723537
    -0.256658896     0.455426989     0.153322475
    -0.402689956     0.297435604     0.012643350
    -0.270543769     0.446135339     0.133609611
    -0.277025537     0.442298391     0.137373604
    -0.283639030     0.437986402     0.136505468
    -0.290371466     0.433628015     0.138506043
    -0.297207364     0.429104860     0.141287932
    -0.303999827     0.424238301     0.140417200
    -0.310660596     0.419204939     0.137999261
    -0.317018272     0.414328090     0.137379682
    -0.323276661     0.409374257     0.136846044
    -0.329629396     0.404012236     0.133413634
    -0.336319871     0.398241152     0.130477220
    -0.343090819     0.392139331     0.126175776
    -0.349419006     0.386539240     0.127017221
    -0.355520877     0.381344832     0.133820327
    -0.361579106     0.375943440     0.139696507
    -0.367529805     0.369850988     0.136590620
    -0.373495487     0.363323680     0.130291457
    -0.379133597     0.356899375     0.123760367
    -0.384758899     0.350564420     0.120975207
    -0.390762631     0.344260856     0.126897134
    -0.396964926     0.337601233     0.133775848
    -0.402266070     0.330856145     0.129151757
    -0.407222670     0.324281643     0.124590202
    -0.412408563     0.317604182     0.125129686
    -0.417924539     0.310613384     0.129498863
    -0.423232531     0.303162478     0.127863068
    -0.427994958     0.295602522     0.119552443
    -0.432672089     0.288436663     0.117621406
    -0.437581897     0.281326703     0.122972465
    -0.442602601     0.273752115     0.127885870
    -0.447118798     0.265842642     0.124031997
    -0.451189711     0.258116120     0.117706249
    -0.455415420     0.250684787     0.119945917
    -0.459858364     0.242984895     0.126093389
    -0.464021533     0.234783641     0.125551376
    -0.467655059     0.226526991     0.118391033
    -0.471210525     0.218573249     0.115753193
    -0.475073818     0.210613549     0.121701798
    -0.478828642     0.202140981     0.124536034
    -0.482098690     0.193441925     0.120039562
    -0.485073294     0.185051831     0.115801875
    -0.488241283     0.176808086     0.119288043
    -0.491408835     0.168242860     0.123542121
    -0.494225250     0.159403847     0.122665545
    -0.496659953     0.150728056     0.118895620
    -0.499114341     0.142212724     0.119546571
    -0.501629219     0.133501276     0.123310767
    -0.503887650     0.124529557     0.123990774
    -0.505795492     0.115585395     0.121389083
    -0.507605446     0.106777956     0.120821573
    -0.509405835     0.097863661     0.122874592
    -0.511078068     0.088755994     0.124975852
    -0.512450511     0.079629356     0.124445619
    -0.513644019     0.070604160     0.123982506
    -0.514769333     0.061564728     0.125338381
    -0.515786434     0.052433785     0.127567663
    -0.516555651     0.043292186     0.128147610
    -0.517137358     0.034188494     0.128359188
    -0.517561854     0.025058469     0.128680044
    -0.517876238     0.015878189     0.130021385
    -0.518132363     0.006690877     0.133185259
    -0.517997488    -0.002467519     0.133292007
    -0.517774571    -0.011629488     0.133469841
    -0.517384503    -0.020794001     0.133917424
    -0.516929697    -0.029924230     0.136370714
    -0.516290367    -0.039023460     0.138189749
    -0.515426504    -0.048127878     0.139069868
    -0.514416174    -0.057227474     0.140377305
    -0.513242443    -0.066283989     0.141698224
    -0.511946017    -0.075327380     0.143892707
    -0.510500956    -0.084386333     0.146514175
    -0.508858038    -0.093412222     0.148396168
    -0.507069762    -0.102350924     0.150338203
    -0.505156649    -0.111222795     0.152752277
    -0.503127446    -0.120081101     0.155999773
    -0.500924810    -0.128901755     0.158894010
    -0.498558451    -0.137644880     0.161464466
    -0.496066359    -0.146320625     0.164518080
    -0.493439030    -0.154955780     0.168055814
    -0.490639556    -0.163548852     0.171461359
    -0.487670709    -0.172074221     0.174646476
    -0.484571144    -0.180547089     0.178276938
    -0.481373530    -0.188996020     0.183061194
    -0.478043404    -0.197407502     0.188180807
    -0.474570960    -0.205724551     0.192913089
    -0.470977171    -0.213906726     0.197290379
    -0.467277470    -0.222002381     0.202058487
    -0.463461882    -0.230008832     0.207014812
    -0.459511862    -0.237918364     0.211815537
    -0.455444215    -0.245739320     0.216910740
    -0.451250065    -0.253471664     0.222216104
    -0.446950204    -0.261142619     0.228373524
    -0.442563445    -0.268737812     0.235230668
    -0.438129930    -0.276177171     0.242811158
    -0.433598585    -0.283590353     0.251507600
    -0.428904176    -0.290981084     0.259978011
    -0.424096336    -0.298279918     0.268256057
    -0.419194590    -0.305478502     0.276577991
    -0.414179187    -0.312562928     0.284273140
    -0.409107912    -0.319458904     0.291374793
    -0.404050249    -0.326187390     0.299584836
    -0.398934057    -0.332873816     0.309418531
    -0.393683475    -0.339576311     0.320368248
    -0.388367429    -0.346282037     0.333435526
    -0.383038762    -0.352950298     0.348888640
    -0.377695929    -0.359543795     0.365919435
    -0.372344174    -0.365975549     0.383162231
    -0.366998732    -0.372240512     0.400723420
    -0.361588392    -0.378368948     0.417867518
    -0.356037105    -0.384479181     0.435345637
    -0.350263002    -0.390620686     0.452661474
    -0.344304076    -0.396747825     0.469695755
    -0.338269736    -0.402725568     0.485855258
    -0.332282617    -0.408532805     0.502660557
    -0.326322184    -0.414199069     0.520207637
    -0.320359939    -0.419793138     0.539213447
    -0.314418036    -0.425395060     0.561223018
    -0.308578162    -0.431121858     0.589034546
    -0.302738603    -0.436932574     0.620632213
    -0.299757945    -0.439181132     0.625261297
    -0.293098530    -0.444551418     0.640952657
    -0.419985866     0.295773402     0.263886513
    -0.424665042     0.288944895     0.263071931
    -0.429245235     0.282025991     0.262270070
    -0.433721832     0.275022584     0.261488680
    -0.438087639     0.267943970     0.260723299
    -0.442336540     0.260797682     0.259957371
    -0.446464691     0.253580482     0.259093337
    -0.450472781     0.246294604     0.258161955
    -0.454361089     0.238945463     0.257218274
    -0.458129715     0.231528579     0.256223992
    -0.461779835     0.224039419     0.255163405
    -0.465313038     0.216475390     0.254053174
    -0.468728677     0.208841540     0.252941221
    -0.472021944     0.201148342     0.251839818
    -0.475189521     0.193403049     0.250748239
    -0.478231049     0.185610225     0.249692533
    -0.481145534     0.177769101     0.248649702
    -0.483932050     0.169878262     0.247595768
    -0.486589031     0.161935663     0.246493594
    -0.489114591     0.153941861     0.245320893
    -0.491505894     0.145904454     0.244076136
    -0.493763101     0.137829361     0.242794430
    -0.495886823     0.129716938     0.241488356
    -0.497876765     0.121569048     0.240162417
    -0.499732976     0.113387420     0.238827084
    -0.501455353     0.105172099     0.237483330
    -0.503043377     0.096923290     0.236127184
    -0.504496878     0.088645691     0.234779440
    -0.505815309     0.080347329     0.233459830
    -0.506997070     0.072030503     0.232143857
    -0.508040619     0.063695317     0.230801822
    -0.508944895     0.055343266     0.229417967
    -0.509709146     0.046975806     0.227982157
    -0.510333266     0.038595291     0.226497184
    -0.510818304     0.030205185     0.224988487
    -0.511165731     0.021808698     0.223487803
    -0.511376989     0.013408118     0.222023588
    -0.511455973     0.005005780     0.220669711
    -0.510346063    -0.028553291     0.214439845
    -0.509718232    -0.036920650     0.212762259
    -0.508955795    -0.045274820     0.211140141
    -0.508056527    -0.053612077     0.209518133
    -0.507022417    -0.061929765     0.207925821
    -0.505854069    -0.070226148     0.206367878
    -0.504550852    -0.078499836     0.204826304
    -0.503111572    -0.086750416     0.203276874
    -0.501536365    -0.094974492     0.201711523
    -0.499826559    -0.103163895     0.200121252
    -0.497982166    -0.111315100     0.198484035
     0.100007133    -0.510142395     0.164716223
     0.106787131    -0.508767084     0.164564012
     0.113558740    -0.507267739     0.163967605
     0.120323373    -0.505691029     0.163706262
     0.127075710    -0.504029968     0.163624582
     0.133812225    -0.502281268     0.163645332
     0.140532947    -0.500452594     0.163920911
     0.147233388    -0.498524088     0.164048859
     0.153916666    -0.496505518     0.164240049
     0.160577937    -0.494384805     0.164242289
     0.167224282    -0.492181608     0.164480744
     0.173851413    -0.489886350     0.164755607
     0.180458834    -0.487499489     0.165081420
     0.187046562    -0.485022925     0.165503764
     0.193614215    -0.482463202     0.166152627
     0.200147579    -0.479835815     0.167222116
     0.206562246    -0.477023240     0.165894928
     0.213011336    -0.474110141     0.164890691
     0.219479201    -0.471135984     0.164863303
     0.225929675    -0.468074945     0.165078009
     0.232356630    -0.464920526     0.165381968
     0.238758377    -0.461670699     0.165739784
     0.245134083    -0.458325811     0.166168176
     0.251483586    -0.454888930     0.166741798
     0.257798693    -0.451368253     0.167543640
     0.264046287    -0.447753474     0.168064171
     0.270236108    -0.443979764     0.167273132
     0.276457216    -0.440047497     0.166133385
     0.282706331    -0.435994953     0.165374641
     0.288966838    -0.431827919     0.164957262
     0.295244952    -0.427595647     0.165801263
     0.301440431    -0.423322026     0.167255050
     0.307525081    -0.418907467     0.167345831
     0.313566576    -0.414284892     0.165737017
     0.319655288    -0.409512389     0.164483507
     0.325752336    -0.404674707     0.164600349
     0.331770975    -0.399756787     0.164841000
     0.337708414    -0.394677738     0.163886827
     0.343656810    -0.389458792     0.163260151
     0.349581798    -0.384172613     0.163723638
     0.355446031    -0.378843649     0.165176748
     0.361187672    -0.373475202     0.166817584
     0.366781101    -0.368009974     0.167398693
     0.372253347    -0.362386247     0.166373888
     0.377687311    -0.356521745     0.164029027
     0.383145347    -0.350390823     0.160839396
     0.388603347    -0.344076591     0.157689272
     0.393911445    -0.337496946     0.151239955
     0.399333565    -0.330395106     0.142092888
     0.405427163    -0.323590838     0.150054805
     0.424913278    -0.297172340     0.146703788
     0.429913573    -0.289414554     0.140659425
    -0.407310336     0.291072208     0.012595421
    -0.496003524    -0.119428064     0.196799299
    -0.493891785    -0.127502137     0.195080454
    -0.491648201    -0.135535898     0.193339140
    -0.489273115    -0.143528515     0.191573936
    -0.486767180    -0.151479510     0.189792258
    -0.484137183    -0.159383562     0.188083440
    -0.481388175    -0.167232833     0.186482780
    -0.478519282    -0.175026690     0.184959904
    -0.475530104    -0.182766656     0.183510765
    -0.472540952    -0.190502436     0.184735865
    -0.469403113    -0.198198352     0.185622645
    -0.466107300    -0.205869968     0.186151137
    -0.462676565    -0.213476872     0.186426276
    -0.459117433    -0.221009073     0.186472125
    -0.455432449    -0.228464199     0.186299405
    -0.451623841    -0.235846022     0.185969870
    -0.447697138    -0.243155073     0.185575551
    -0.443652955    -0.250394277     0.185147993
    -0.439488425    -0.257559497     0.184589206
    -0.435227343    -0.264630458     0.184080377
    -0.430836526    -0.271625811     0.183246536
    -0.426402200    -0.278634266     0.184521861
    -0.421958763    -0.285703504     0.189053831
    -0.417415645    -0.292746357     0.194400034
    -0.412766800    -0.299695946     0.199681095
    -0.408024084    -0.306536007     0.204863959
    -0.403181502    -0.313238916     0.209474354
    -0.398196252    -0.319834699     0.213194481
    -0.393063272    -0.326393491     0.216873535
    -0.387783068    -0.332927411     0.220746609
    -0.382391816    -0.339402688     0.224956268
    -0.376911293    -0.345785981     0.229371699
    -0.371405598    -0.352064566     0.234698673
    -0.365859618    -0.358220264     0.240402055
    -0.360260533    -0.364239553     0.246054189
    -0.354500283    -0.370117947     0.250080935
    -0.348537807    -0.375895510     0.252561667
    -0.342374657    -0.381611088     0.254184639
    -0.336146511    -0.387284391     0.257078893
    -0.329891789    -0.392850319     0.260716296
    -0.323633615    -0.398265804     0.264636129
    -0.317387063    -0.403587550     0.269823202
    -0.311224186    -0.409006489     0.280105471
    -0.305627826    -0.415235126     0.312399626
    -0.301247915    -0.423424513     0.391429611
    -0.294856503    -0.428886101     0.406322880
    -0.287419743    -0.423462595     0.235449565
    -0.276132172    -0.421498786     0.080192148
    -0.264970406    -0.427408043     0.062665999
    -0.257857536    -0.431253999     0.054563859
    -0.250961810    -0.435109093     0.051267488
    -0.244059374    -0.438853406     0.048423971
    -0.237102824    -0.442501558     0.045832266
    -0.230092731    -0.446052587     0.043482291
    -0.223063637    -0.449492237     0.041403986
    -0.216037601    -0.452804110     0.039443669
    -0.208994146    -0.455994934     0.037515669
    -0.201903992    -0.459082626     0.035705138
    -0.194755304    -0.462074906     0.034074713
    -0.187557604    -0.464968788     0.032651357
    -0.180338472    -0.467750897     0.031374104
    -0.173114080    -0.470408885     0.030094176
    -0.165885027    -0.472940947     0.028748686
    -0.158647178    -0.475348375     0.027307661
    -0.151392076    -0.477631950     0.025715522
    -0.144112763    -0.479792609     0.023938349
    -0.136808363    -0.481832275     0.021999513
    -0.129482712    -0.483754509     0.019978315
    -0.122140752    -0.485565233     0.018003509
    -0.114788013    -0.487275657     0.016309367
    -0.107370630    -0.488888623     0.014741317
    -0.100010167    -0.490583153     0.017288155
    -0.411830240     0.284637510     0.012553856
    -0.416247872     0.278132616     0.012501604
    -0.420562379     0.271558672     0.012437370
    -0.424773263     0.264917605     0.012374143
    -0.428879372     0.258211268     0.012312462
    -0.432879543     0.251441318     0.012249745
    -0.436772765     0.244609402     0.012185289
    -0.440558187     0.237717248     0.012121335
    -0.444234780     0.230766536     0.012055967
    -0.447801536     0.223758907     0.011986655
    -0.451257711     0.216696090     0.011915799
    -0.454602510     0.209579860     0.011844727
    -0.457835108     0.202412030     0.011773946
    -0.460954630     0.195194420     0.011702355
    -0.463960181     0.187928787     0.011627355
    -0.466850939     0.180616827     0.011546631
    -0.469626172     0.173260270     0.011459231
    -0.472285326     0.165860925     0.011367590
    -0.474827870     0.158420668     0.011274473
    -0.477253285     0.150941404     0.011182400
    -0.479561017     0.143425089     0.011092897
    -0.481750381     0.135873594     0.011003751
    -0.483820726     0.128288728     0.010912433
    -0.485771564     0.120672339     0.010819213
    -0.487602417     0.113026293     0.010723994
     0.092040747    -0.502023128     0.200525428
     0.099623696    -0.501784682     0.222576545
     0.106964386    -0.500311506     0.223302771
     0.114315621    -0.498729220     0.224149175
     0.121660283    -0.497036278     0.225033588
     0.128988483    -0.495233498     0.225938139
     0.136294491    -0.493321506     0.226853457
     0.143575079    -0.491300649     0.227773553
     0.150828463    -0.489171108     0.228695398
     0.158053253    -0.486933130     0.229618970
     0.165247866    -0.484587063     0.230544755
     0.172410422    -0.482133389     0.231473403
     0.179538567    -0.479572882     0.232406990
     0.186628909    -0.476907037     0.233352400
     0.193675896    -0.474138758     0.234324113
     0.200672478    -0.471270865     0.235318104
     0.207620386    -0.468298827     0.236256937
     0.214536055    -0.465214710     0.237125065
     0.221425223    -0.462019467     0.238000826
     0.228280139    -0.458716366     0.238895122
     0.235093626    -0.455307410     0.239793276
     0.241861149    -0.451794176     0.240690264
     0.248578737    -0.448178730     0.241591062
     0.255241657    -0.444463979     0.242504380
     0.261846174    -0.440650888     0.243410185
     0.268398214    -0.436731271     0.244225208
     0.274917552    -0.432690093     0.244904000
     0.281416498    -0.428522253     0.245520604
     0.287884916    -0.424235644     0.246141478
     0.294302013    -0.419845136     0.246818169
     0.300645370    -0.415366392     0.247568662
     0.306909223    -0.410795828     0.248258833
     0.313115466    -0.406110826     0.248771920
     0.319286342    -0.401297577     0.249174266
     0.325416713    -0.396366017     0.249604071
     0.331486163    -0.391329507     0.250051838
     0.337488413    -0.386185177     0.250410516
     0.343429599    -0.380928307     0.250704301
     0.349301834    -0.375572148     0.251053338
     0.355084013    -0.370137776     0.251499989
     0.360759799    -0.364638192     0.251999123
     0.366330177    -0.359066001     0.252428924
     0.371815365    -0.353394123     0.252668570
     0.377242488    -0.347588307     0.252639897
     0.382628489    -0.341622272     0.252286464
     0.387975531    -0.335490392     0.251645397
     0.393287821    -0.329188592     0.250796761
     0.398593178    -0.322690483     0.249921465
     0.403853317    -0.316112221     0.250068700
     0.408902967    -0.309654770     0.251226407
     0.413670292    -0.303288911     0.251683852
     0.418310947    -0.296770226     0.250758471
     0.422965386    -0.289984875     0.249408968
     0.427641097    -0.282957600     0.248265503
     0.432258167    -0.275859516     0.248137159
     0.436680680    -0.268873622     0.248775480
     0.440862270    -0.261968799     0.248882688
     0.444898765    -0.254917731     0.247533333
     0.448953286    -0.247543575     0.245806293
     0.452995922    -0.240047894     0.245447128
     0.456859390    -0.232676042     0.245943577
     0.460490925    -0.225375545     0.245697201
     0.463991806    -0.217901505     0.244161250
     0.467476791    -0.210164658     0.242735078
     0.470890666    -0.202343063     0.242130325
     0.474145752    -0.194547306     0.241670174
     0.477236141    -0.186752236     0.240964595
     0.480187654    -0.178895590     0.239973857
     0.483025167    -0.170951557     0.238990753
     0.485742876    -0.162957393     0.238199165
     0.488321624    -0.154942367     0.237430287
     0.490760118    -0.146898127     0.236584925
     0.493065189    -0.138806360     0.235675712
     0.495239915    -0.130664332     0.234756034
     0.497281180    -0.122479943     0.233820192
     0.499185712    -0.114252384     0.232809256
     0.500955835    -0.105972932     0.231741307
     0.502595258    -0.097650527     0.230747775
     0.504098450    -0.089306164     0.229814362
     0.505460285    -0.080943856     0.228850137
     0.506682470    -0.072557518     0.227864766
     0.507765789    -0.064147788     0.226878889
     0.508709025    -0.055718762     0.225883188
     0.509511262    -0.047272416     0.224866797
     0.510172679    -0.038809613     0.223838523
     0.510693604    -0.030334024     0.222815090
     0.511073127    -0.021848631     0.221785431
     0.511309502    -0.013349175     0.220716270
     0.511414997    -0.004846293     0.219843783
    -0.489312830     0.105352475     0.010626691
    -0.490902403     0.097652790     0.010527729
    -0.492370762     0.089929155     0.010427506
    -0.493717505     0.082183500     0.010325256
    -0.494942234     0.074417704     0.010219508
    -0.496044710     0.066633642     0.010111343
    -0.497024750     0.058833237     0.010002561
    -0.497882156     0.051018451     0.009894098
    -0.498616737     0.043191251     0.009786430
    -0.499228290     0.035353586     0.009679080
    -0.499716617     0.027507372     0.009571000
    -0.500081596     0.019654476     0.009462080
    -0.500323261     0.011796708     0.009354699
    -0.500441843     0.003935881     0.009254821
    -0.500437638    -0.003925948     0.009169176
    -0.500310648    -0.011786632     0.009097776
    -0.500050879    -0.019643680     0.008839734
    -0.499677437    -0.027494173     0.008774079
    -0.499178381    -0.035337863     0.008661170
    -0.498556079    -0.043173404     0.008546992
    -0.497810689    -0.050998301     0.008431145
    -0.496942379    -0.058810477     0.008313065
    -0.495951381    -0.066607998     0.008193108
    -0.494837988    -0.074388976     0.008072328
    -0.493602575    -0.082151497     0.007952762
    -0.492245513    -0.089893574     0.007835426
    -0.490767062    -0.097613261     0.007718681
    -0.489167556    -0.105308687     0.007601965
    -0.487447410    -0.112977959     0.007485637
    -0.485607055    -0.120619176     0.007369735
    -0.483646938    -0.128230467     0.007254130
    -0.481567571    -0.135809955     0.007139327
    -0.479369508    -0.143355698     0.007025651
    -0.477053172    -0.150865745     0.006910153
    -0.474618990    -0.158338301     0.006790265
    -0.472067605    -0.165771641     0.006667493
    -0.469399753    -0.173163986     0.006544234
    -0.466616247    -0.180513574     0.006423885
    -0.463720911    -0.187819858     0.006374118
    -0.460713985    -0.195080882     0.006384980
    -0.457593174    -0.202293520     0.006390070
    -0.454359206    -0.209456007     0.006388595
    -0.451012955    -0.216566671     0.006382633
    -0.447555382    -0.223623813     0.006375047
    -0.443987324    -0.230625733     0.006365915
    -0.440309781    -0.237570746     0.006357721
    -0.436523711    -0.244456900     0.006349004
    -0.432630026    -0.251282689     0.006341067
    -0.428629223    -0.258046438     0.006325989
    -0.424522134    -0.264746314     0.006299579
    -0.420321742    -0.271388261     0.006545457
    -0.416017445    -0.277963762     0.006793544
    -0.411609734    -0.284471079     0.007033386
    -0.407100645    -0.290908978     0.007285220
    -0.402490394    -0.297275053     0.007525160
    -0.397779597    -0.303567709     0.007744732
    -0.392970708    -0.309786505     0.007978439
    -0.388065190    -0.315929833     0.008230152
    -0.383063530    -0.321995669     0.008482491
    -0.377966772    -0.327982373     0.008731057
    -0.372777851    -0.333889449     0.009014261
    -0.367497502    -0.339714866     0.009316262
    -0.362126393    -0.345456780     0.009622129
    -0.356662853    -0.351111380     0.009855521
    -0.351107202    -0.356676643     0.009993437
    -0.345461626    -0.362151557     0.010053182
    -0.339731373    -0.367537696     0.010130677
    -0.333918378    -0.372834130     0.010238737
    -0.328023496    -0.378039549     0.010369448
    -0.322049077    -0.383152563     0.010532886
    -0.315999191    -0.388171723     0.010758259
    -0.309880766    -0.393095822     0.011110655
    -0.303670378    -0.397932981     0.011429134
    -0.297385214    -0.402661347     0.011584357
    -0.291174915    -0.407459591     0.016218437
    -0.284640884    -0.411841168     0.012772012
    -0.277886748    -0.415868562     0.003461974
    -0.271310062    -0.420185519     0.003408283
    -0.264668234    -0.424401065     0.003418640
    -0.257963922    -0.428510707     0.003444086
    -0.251197829    -0.432513557     0.003474389
    -0.244370634    -0.436409285     0.003509271
    -0.237483445    -0.440197369     0.003550057
    -0.230537711    -0.443877019     0.003596711
    -0.223535000    -0.447447360     0.003648541
    -0.216476984    -0.450907568     0.003706193
    -0.209365410    -0.454256821     0.003770482
    -0.202201986    -0.457494315     0.003841596
    -0.194988389    -0.460619344     0.003920789
    -0.187726293    -0.463631257     0.004009807
    -0.180417167    -0.466529535     0.004110931
    -0.173061810    -0.469314315     0.004234006
    -0.165660456    -0.471986738     0.004404992
    -0.158213486    -0.474549090     0.004674517
    -0.150720785    -0.477008458     0.005183951
    -0.143187850    -0.479387558     0.006410855
    -0.135667053    -0.481701997     0.008952419
    -0.128158349    -0.483841028     0.010637250
    -0.120574841    -0.485808411     0.011064693
    -0.112905822    -0.487650901     0.011125162
    -0.105211516    -0.489065955     0.005206683
    -0.097502986    -0.490407236     0.000230258
    -0.089811056    -0.491871720     0.000184732
    -0.082085333    -0.493217692     0.000142301
    -0.074333612    -0.494443248     0.000100648
    -0.066560669    -0.495547393     0.000059247
    -0.058769867    -0.496529599     0.000019212
    -0.050963913    -0.497389511    -0.000018646
    -0.043145153    -0.498126807    -0.000055184
    -0.035315698    -0.498741215    -0.000091613
    -0.027477577    -0.499232531    -0.000128836
    -0.019632777    -0.499600570    -0.000168062
     0.082130063    -0.493444217     0.004758197
     0.089898102    -0.492239006     0.007723674
     0.097618546    -0.490765276     0.007704268
     0.105339178    -0.489249645     0.009335318
     0.113012187    -0.487539836     0.009441000
     0.120657479    -0.485709734     0.009547430
     0.128273149    -0.483759742     0.009653643
     0.135857314    -0.481690321     0.009759276
     0.143408098    -0.479501973     0.009864150
     0.150923634    -0.477195227     0.009968121
     0.158402063    -0.474770646     0.010071051
     0.165841533    -0.472228820     0.010172803
     0.173240197    -0.469570370     0.010273214
     0.180596211    -0.466795941     0.010371998
     0.187907723    -0.463906198     0.010468510
     0.195172866    -0.460901796     0.010561233
     0.202389833    -0.457783361     0.010647875
     0.209557012    -0.454551630     0.010729298
     0.216672770    -0.451207652     0.010811389
     0.223735227    -0.447752409     0.010896027
     0.230742536    -0.444186681     0.010981029
     0.237692955    -0.440511264     0.011064712
     0.244584771    -0.436727023     0.011146379
     0.251416282    -0.432834875     0.011225763
     0.258185797    -0.428835775     0.011302709
     0.264891631    -0.424730702     0.011376981
     0.271532118    -0.420520653     0.011448203
     0.278105616    -0.416206672     0.011516471
     0.284610484    -0.411789853     0.011582044
     0.291045051    -0.407271264     0.011643858
     0.297407671    -0.402651942     0.011699886
     0.303696784    -0.397932960     0.011749193
     0.309910913    -0.393115506     0.011793089
     0.316048565    -0.388200850     0.011833450
     0.322108204    -0.383190254     0.011870825
     0.328088298    -0.378084947     0.011904624
     0.333987372    -0.372886185     0.011934863
     0.339803981    -0.367595267     0.011961921
     0.345536693    -0.362213511     0.011986051
     0.351184094    -0.356742256     0.012007448
     0.356744795    -0.351182862     0.012026345
     0.362217427    -0.345536714     0.012043005
     0.367600637    -0.339805223     0.012057644
     0.372893077    -0.333989831     0.012070345
     0.378093410    -0.328092018     0.012081228
     0.383200306    -0.322113325     0.012090616
     0.388212332    -0.316055079     0.012093799
     0.393127933    -0.309918365     0.012080550
     0.397946139    -0.303704693     0.012054695
     0.402665979    -0.297415745     0.012021636
     0.407286700    -0.291053422     0.011992373
     0.411807138    -0.284619461     0.011968515
     0.416225995    -0.278115453     0.011947100
     0.420541812    -0.271542738     0.011918928
     0.424753655    -0.264902971     0.011886514
     0.428860478    -0.258197793     0.011849728
     0.432861252    -0.251428885     0.011808530
     0.436755238    -0.244598118     0.011769175
     0.440540987    -0.237706892     0.011720236
     0.444217667    -0.230756808     0.011662552
     0.447784599    -0.223749647     0.011600848
     0.451240936    -0.216687216     0.011536536
     0.454586139    -0.209571467     0.011477122
     0.457819101    -0.202404084     0.011416874
     0.460938990    -0.195186849     0.011355274
     0.463945079    -0.187921600     0.011293446
     0.466836502    -0.180610130     0.011229012
     0.469612447    -0.173254175     0.011159511
     0.472272195    -0.165855446     0.011083507
     0.474815219    -0.158415731     0.011003210
     0.477241052    -0.150936954     0.010922293
     0.479549066    -0.143421010     0.010840521
     0.481738693    -0.135869747     0.010757876
     0.483809485    -0.128285070     0.010676369
     0.485760924    -0.120668923     0.010596202
     0.487592422    -0.113023211     0.010515344
     0.489303425    -0.105349783     0.010431462
     0.490893461    -0.097650454     0.010343203
     0.492362206    -0.089927071     0.010251677
     0.493709418    -0.082181562     0.010159347
     0.494934786    -0.074415869     0.010066738
     0.496038047    -0.066631930     0.009974718
     0.497018952    -0.058831704     0.009883798
     0.497877218    -0.051017140     0.009793189
     0.498612584    -0.043190156     0.009701796
     0.499224848    -0.035352643     0.009609067
     0.499713876    -0.027506462     0.009515263
     0.500079690    -0.019653431     0.009423161
     0.500322633    -0.011795442     0.009341544
     0.500442914    -0.003934390     0.009276022
