    10.545546083     0.684820626     1.012730870
     9.625307717    -1.612691069     1.120907123
     9.110374442    -2.055903340     1.030054668
     8.698154845    -1.334715193     1.146400230
     9.218748281    -1.856329708     1.209031278
    10.167173883     0.183043402     0.999345731
     9.220539762    -0.971621964     1.064686564
    10.076048153     0.416827050     1.011683758
     9.531110079    -0.177374026     1.029667486
     9.116623928    -1.861483420     1.210759666
    10.106087124     0.131797780     1.005140836
     9.960522105    -0.088608701     1.012306142
     9.568180902    -2.089603565     1.237891359
     9.392047080    -0.737834911     1.038455797
     9.343485579    -0.555811493     1.031946850
     8.724460896    -1.289335267     1.142325148
     9.504119213    -1.917713485     1.300814573
     8.803918177    -1.802478371     1.164089644
     9.767999589    -0.141807852     1.024120453
     0.559629701     1.296367496    24.201100252
     9.114365881    -2.118868531     1.095878080
     9.362719303    -0.804899188     1.086021135
     8.674675585    -1.266224675     1.146685544
     8.805800760    -1.334068366     1.154866675
     8.891847223    -1.353329215     1.162193384
     8.918098869    -1.450006943     1.175364406
     9.217992557    -1.622467684     1.325349777
     9.150793668    -1.707101226     1.335564502
     9.106471510    -1.547122240     1.239583791
     8.673220178    -1.196875011     1.139424118
     8.706174166    -1.279805703     1.144352087
     8.897775165    -1.411533169     1.172525132
     7.689577582    -1.152375788     1.182896381
     8.013211432    -1.129059859     1.163254407
     8.663318292    -1.165461848     1.147294116
     0.750738924    -1.576826557     3.965030522
     0.915825617    -0.208030517    -1.133956314
     4.510269434    -0.653227091     1.994177590
     0.542719506     0.627511550     9.869025910
     0.536443498    -1.351470357     2.262461044
     1.267765214    -1.328421830     0.451554868
     2.820993835    -0.055771642     2.867617470
     2.272588015    -1.203038510     3.168172940
     0.634580819     0.149903367    -1.288048618
     4.246797091    -0.357981201     1.652162209
     0.498854672     0.120884919    -1.948137592
     0.542742275     0.409041184     0.370342613
     0.500409748     0.003944093     0.008614247
     0.500297421     0.011793858     0.008836705
     2.961063540    -0.372967595     2.161515813
     0.500053608     0.019636811     0.008888885
     0.512196043     1.080457302    19.275337790
     1.162363138    -0.446162287     0.530115832
     1.124911946     0.215518904    -0.780937848
     0.582663598     0.613916071     1.900609881
     0.477142631    -1.840109083     8.021755105
     0.639274457    -0.449380174     0.867030355
     1.098721657     0.863894812     0.329823446
     0.491328009     1.039150631    18.220111539
     0.466987475     1.118411467    19.740684719
     1.095467248     0.392113936    -0.554161026
     1.559564177    -0.343625068     0.932491413
     0.389830936     0.507537012     1.038037370
     0.499688634    -1.668580489     5.104630440
     0.421543512    -1.395076344     3.482869280
     2.232588527    -0.922227986     2.465180009
     2.845936851    -0.584516968     3.363812877
     0.499678063     0.027455846     0.008744540
     2.538172054    -0.485039168     6.449751285
     1.747275501    -1.302526048     2.899986574
     3.267930596    -0.614513614     3.295683325
     0.241275812    -1.223626284     1.290506786
     0.460401556     0.975948853    16.546415832
     0.652876459     0.823406701     2.037140172
     0.130957285    -1.463911557     5.944514475
     1.336518207    -0.934841925     0.876278475
     1.075776518    -1.499392465     1.628853615
     0.548103575    -0.124719668    -1.003027095
     0.499154369     0.035203537     0.007993167
     1.020255325     0.797954554     1.440173846
     0.460009737     0.927490666    15.368073589
     2.181878134     0.222282639     1.059845141
     3.401843696    -0.328380104     1.962735916
     0.488353961    -1.215820396     0.476076085
     0.498398518     0.042769401     0.004716565
     0.394673499     1.224288975    21.557325265
     3.407621809    -0.961703733     3.041212619
     0.930539138    -0.717918190     0.076565599
     3.091176380    -0.336593063     1.909459991
     3.789858412    -0.568333085     2.889139830
     0.231902137     0.929376893     3.794817094
     3.494062624    -0.140654094     1.979108097
     2.100469925    -0.906922941     1.850408683
     3.531272018    -0.489417847     2.422664310
     1.947899550    -0.755213723     1.728844156
     2.749943670    -0.610390411     3.006687510
     2.701135226    -0.316049921     2.213825617
     2.379076774     0.105910749     2.045412502
     3.137947244    -0.628204469     3.391627783
     0.511130170    -0.590094910     4.421663690
     0.964321766    -0.975926742    -0.759912842
     1.894713972    -0.818625015     2.389241516
     3.284821255    -0.946192470     3.225921467
     0.821627969    -0.868946031    -0.500685692
     0.406871955     0.738325787    10.905612048
     2.991167955    -0.474001657     2.255775773
     3.057585134    -0.608362976     3.733119141
     0.241606875    -1.050643640     5.236369607
     0.297250716     1.427893458    25.696100980
     1.182934852     0.697610814    -0.538987121
     0.286682911    -1.147188499     1.405336386
     0.702596387    -1.460845986     1.605728458
     0.786177738     1.248936518     2.653835749
     0.396466010     0.666033382     9.039912489
     2.455931651    -0.342200164     1.638334080
     2.331384364    -0.183126326     3.730077086
     1.903022311    -0.613225897     0.728217288
     1.065134188    -1.051813395     0.034569179
     3.002741500    -0.874209542     3.564905758
     0.222018917    -1.016238176     2.542046430
     2.591231049    -0.636996052     3.584378304
     1.830869337    -0.802595815     2.006100745
     0.852325576    -1.310088191    -0.579559748
     2.742993325    -0.403346721     1.503317168
     0.360561733     0.787083529    11.579275509
     3.302382523    -0.465210288     2.328717900
     2.652427420    -0.479713886     3.175823191
     0.923229811    -1.061445040    -0.379044722
     2.301885263    -1.513617061     3.072427993
     2.248022707    -0.337883685     3.716358676
     2.277336900    -0.402005313     1.032295907
     2.290852822    -0.627794845     2.606773529
     0.687459838    -0.948896434    -0.914044858
     2.501175447    -0.741302741     3.897636496
     1.486231437     0.915937752     0.140714955
     2.894608850    -0.884258770     3.213995282
     1.838916055    -1.107816937     2.604534880
     0.243112314    -0.983247525     6.555073255
     0.891218744    -1.565733324     4.055996095
     3.956930681    -0.566419068     2.746746376
     0.918112502    -1.350107328     0.752018490
     0.617217034    -1.040969385    -0.829022104
     0.600623476    -1.434034654     2.578922186
     1.480043909    -0.642235475     1.587365058
     2.917559653    -0.490609414     2.613838152
     0.704798359     1.710415158     7.949899033
     0.799030120    -0.883500228    -0.669181674
     2.704595138    -0.412020689     2.751556133
     0.768985418    -1.165506644    -0.185421810
     0.908593302    -1.271861342    -0.052614488
     2.914647458    -0.847233297     2.261149991
     2.804999498    -0.475627026     2.765881534
     0.394994034     0.587733041     7.066207809
     0.406999736     0.504594536     5.182474976
     0.104866723    -0.864210508     7.296362330
     3.100272791    -0.436810509     2.245359857
     2.028603980    -0.251968047     3.316717009
     0.708469885    -1.555358733     3.545080548
     1.287528040    -0.893224935     1.293045083
     3.127778380    -0.873114671     3.335184004
     2.241421170    -0.030732070     3.026738329
     1.591733357    -0.426513382     1.347501441
     0.406512369     0.415770951     3.196186076
     0.851412812    -0.714352269     0.007012037
     0.605332137    -1.224498620    -0.097370748
     1.394760419    -0.797600877     1.035611185
     2.496055196    -0.622249966     3.801832112
     1.308762431    -0.882864273     1.802328525
     2.595308170    -0.206763507     3.380046820
     0.545415634    -1.737216877     7.316104302
     2.309467877     0.113132286     2.988523374
     1.333289275    -0.668266062     0.721363851
     2.213898820     0.022877620     1.628357111
     2.040385295    -1.053013401     1.659717132
     1.662512085    -0.756429471     2.138783713
     1.291696126    -0.903735631     3.380126475
     1.635017605    -0.756878469     2.023220817
     3.156564737    -1.191689696     3.723912759
     2.554012509    -0.393228903     2.720155123
     1.189570204    -1.178597460     0.962444601
     2.294556132    -0.720438003     3.772175428
     0.363434146    -0.863507038     1.830215045
     3.609101147    -0.536464750     2.792738142
     2.235739771    -0.714891821     6.226496176
     3.409700299    -0.504600267     2.754661361
     0.298350429    -0.872983002     7.727326467
     2.185172756    -0.602981140     5.074323737
     0.266145883    -1.482978162     5.406993906
     2.429369148    -0.014121765     2.795417048
     2.008295585    -0.457358807     3.845620108
     2.458122051    -0.771635784     3.895710644
     3.213666935    -0.510916365     2.528792856
     0.199683661    -1.275171057     4.839322931
     0.380342416    -0.827905198     7.996996101
     0.068900147    -1.120754746     5.322473478
     0.637335793    -1.360900738     0.246752982
     0.514350127    -1.835000754     7.795857498
    -0.155361827    -1.151870612    13.452858806
     0.652722334    -1.428385744     2.602506171
     0.361340197    -0.787854481     8.461435081
     0.494457035     0.074883293     0.002019382
     2.473619207     0.082947472     2.822626045
     0.493538899     0.082351347     0.007354383
     0.508861245     0.196668802     0.922657793
     0.492270660     0.089971277     0.008609557
     1.379639384    -0.799680418     1.908851421
     0.530859531     0.133058886     0.959983114
     4.729370766     0.056888591     1.431824951
     1.340284180    -0.806399912     1.595841612
     2.234994875    -0.562583221     4.303493271
     2.326666860    -0.067644101     4.758940416
     3.972845590     0.541197781     1.232304702
     2.546171497     0.125793012     2.751295027
     0.136486823    -1.427790694     5.702371008
     0.490819788     0.097650614     0.008898705
     0.515809226    -1.660311206     5.621918180
     0.489231826     0.105334156     0.008965783
     0.351153802     0.847759098     5.649158231
     1.211155023    -0.841543966     0.566619382
     1.368510745    -0.346173928     0.991277403
     1.407709807    -1.081072314     1.805226285
     0.487519469     0.112999360     0.008986250
     0.715512476    -0.601801023     0.507435303
     1.861936828    -0.868339952     1.898047702
     0.485688495     0.120634526     0.009024520
     0.483750139     0.128227411     0.009233596
     0.521221437    -1.841260216     7.377213834
     0.250393466     0.625141533     6.750742804
     0.274968358    -1.078726403     1.400831589
     0.623702007    -1.490178699     2.305768882
     0.577624074    -1.387934883     2.971700776
     3.982532615    -0.146243845     2.343403119
     4.945411134    -0.398023911     1.406307990
     2.028339063    -0.224147014     6.270619967
     3.891093916     0.596742464     0.724300848
     3.290749627     0.358409405     0.908074682
     4.083206774    -0.426415094     2.130969223
     0.376739603    -1.078095744     0.688494749
     0.100551460    -1.014011595     4.596281212
     0.479468806     0.143066053     0.007272434
     0.660724873    -0.154535546     5.311517850
     1.172202187    -0.736355485     0.046790637
     2.259507180    -0.941440123     3.508064964
     0.434300905    -0.952095466     1.542780167
     0.392902117    -0.563646230    -2.586015893
     0.664823034    -0.724141199     1.782167459
     3.177788071    -0.689843794     3.795375668
     1.093571423    -0.611273615    -0.190860144
     0.473006753    -1.035109633    -0.416544389
     0.474392730     0.159455828     0.009621674
     0.994394195    -0.584664534     0.073576093
     0.132086849    -1.093243495     4.071653712
     1.782421528    -0.429389077     2.186529074
     2.121084320    -0.414102569     3.400870968
     2.202093414    -0.239020806     3.534548103
     2.351960347    -0.110781784     3.542648317
     0.541168406     0.548177825     0.760838107
     0.500082896    -0.747376030     1.422171118
     0.558393615    -0.099237520     3.038302662
     0.594071040    -0.180386705     4.937345642
     0.486977647    -0.853688288     1.345118320
     0.658710883    -0.311915587     8.276424034
     0.470574060     0.169873124     0.006287887
     1.834151275    -0.442570826     2.375452647
     0.662013999    -1.164415707    -0.102924719
     0.615962527     0.150686747     0.138501044
     3.990288686     0.375770987     1.095846686
     1.522523828    -0.685159635     1.588457663
     4.107970229    -0.034437561     3.127427692
     0.786720869    -1.068604259    -0.732608033
     0.669364865    -1.077359115    -0.621124897
     0.454473978     0.343411235     0.729608561
     0.513221816    -0.025637196     1.558648440
     2.175663164    -0.364545057     4.602201478
     2.077390813    -0.358010752     3.549842501
     1.906073580    -0.394232094     2.909458624
     0.717462795    -0.003784990    -0.452724555
     0.657091339    -0.337154361     8.974993935
     0.631588882    -0.341464374     8.871856888
     1.057590976     0.004026606    -0.471544961
     0.983825699    -0.848763600    -0.046974949
     0.570475041    -0.425932739    10.167393949
     0.463181591     0.188548573     0.001878482
     3.886869243     0.010847831     2.442499704
     0.410709256    -1.553831639     2.326509468
     0.684305370    -0.812577126     0.027039472
     0.863236201    -0.073253567     9.219255600
     4.012828173     0.258281087     1.728839074
     1.185076694     0.056721846    -0.948335922
     1.817486890    -0.481064761     2.375223269
     3.001567471     0.291531523     0.798339577
     3.873128722    -0.055001474     2.836863846
     0.157194182    -1.136998465     3.201414744
     3.439925591     0.278895498     1.724944163
     0.585944365    -1.003431664    -0.228403797
     0.849547580    -0.741333251    -1.515929622
     2.112701941    -0.517762434     5.382605369
     0.457763628     0.202259089     0.009230055
     1.116841969    -0.793606411     0.477078037
     5.088857154    -1.168005696     1.577065709
     1.733347658    -0.558509191     2.313926968
     4.522740756    -0.082445112     1.612803502
     3.644128572     0.481678371     0.539581893
     0.531378320    -0.927894781     0.488035475
     0.763652912    -0.086281652     7.525949851
     0.509773161     0.587928305     2.430645577
     0.636458280    -1.153506772    -0.420340278
     0.454503411     0.209497871     0.009358323
     3.153400845     0.112567489     1.837149711
     0.723926310    -0.068784825     6.686596177
     0.451152566     0.216631137     0.009457805
     0.328731636    -0.989480672     3.727440247
     1.709215460    -0.475348621     1.147103738
     1.445052900     0.816995184    -2.365932223
     4.958108011    -1.438342220     1.791187714
     0.994018074    -0.479267638    16.989267006
     0.488481956    -0.782365217     1.507458074
     0.447692188     0.223692531     0.009436938
     0.573339797    -0.965953384    -0.417871458
     0.151802555    -1.109946356    13.217467328
     0.444118149     0.230693879     0.009316112
     0.644026276     0.809346685     3.076757676
     3.702391485     0.351362438     1.479568955
     0.712438859    -0.313252382     2.255461979
     0.397793665    -1.124206430    -0.090959325
     0.815135888     0.695014549    -1.228144474
     0.821607097    -0.214116596    10.448403966
    -0.042598126    -1.059169474    10.641434328
     1.641819036    -0.665264813     1.986497930
     0.440433201     0.237638898     0.009177313
     0.869673217    -1.327611348    -0.171900935
     0.228683432    -1.297094516     4.367172710
     1.765017599    -0.770040896     2.708990691
     0.517405755     0.853065926     2.548014536
     0.239875217    -1.597814150     7.059575812
     0.486558273    -0.348169907     2.081982012
     0.541646065    -1.725286634     7.332515072
     0.436640940     0.244526788     0.009077606
     0.895253006     0.974163063     4.267093222
    -0.091258852    -1.190350819     9.530446976
     0.403342253     0.709681224     5.101899224
     0.867965685    -0.272571795    12.170344348
     0.366336141     0.731908960     3.021456237
    -0.414791328     0.645071548     3.650150940
     3.718677855    -0.471622255     2.380637283
     0.432677910     0.251310197     0.007445511
     1.062167817     0.231507948     0.567559368
     0.428740045     0.258121583     0.009000020
     1.117300262     1.025649642     2.277475127
     2.146388046     0.482609164    -0.793926067
     0.909731872    -0.304152378    13.435178037
     4.288120801    -0.496424697     2.172466682
     0.785649042     0.861981315     1.994546623
     0.202133380     0.880902976     3.338345475
     2.558273338    -0.024716640     2.945647312
     2.562222505     0.609873581     0.172125414
    -0.139888520     0.670072285    -0.529864393
     0.506156565    -1.025207730     2.268297874
     4.243813456     0.001892906     1.803189955
     1.495790852     0.052559170    -0.165835542
     0.836170444     0.386031510     0.751185615
     0.931548030    -0.313163603    14.047980722
     0.424632097     0.264824330     0.008991353
     0.094601878     0.798838590     0.397973352
     5.266553251     0.092529402     1.304233017
     0.658895709     0.419793485     1.336805854
     0.385225861    -0.877071769     3.798577358
     2.773124334    -0.674701118     3.694401320
     0.273530705    -1.660549170     5.228869987
     0.762749141    -0.094610532     8.332759922
     5.463272279    -0.641834402     1.406267247
     0.307066974    -0.978051541     4.880818028
     0.256974402     1.052871779     2.353914721
     4.226469668     0.709328255     0.897559958
     4.203653022    -0.081615375     2.248937212
     0.613846601     0.965099480     1.754602520
     0.394167708     0.969885240     2.467438557
     3.084922261    -0.573179458     3.188671965
     2.203117234     0.649002142     0.516754296
     4.109341835    -0.127865046     2.307286907
     2.226926829     0.849897710    -0.057169036
     4.594490821     0.263871727     1.136304332
     0.359804194     0.427444699    -0.366758865
     0.722526383    -0.078277490     7.492648745
     2.340953033    -0.396653625     2.454971993
     4.869516673    -1.718037320     1.722908522
     0.420419771     0.271461785     0.008990177
    -0.039521453    -1.126183515    10.367227943
     2.201889266     0.720349813     0.505175406
     0.710997319     1.726981647     4.209594626
     0.322484372     1.124419380     9.690067455
     1.390780927    -0.526984107     1.448043012
     0.416103888     0.278032584     0.008995742
     0.360177467     1.099588658     2.392542033
     0.461000611    -1.376601612     2.855342589
     3.538957015     0.154295535     2.398062869
     0.325684354    -0.818464936     6.002382393
     0.032224787     0.860607894     3.490239756
     1.271341771    -0.866582387     1.440233751
    -0.007895201    -1.013614140     8.802369529
     0.483920211     1.087133523     2.488215968
     0.594291527     1.135902490     2.202625401
     0.044760191    -1.154876435     6.186120693
     0.237840240     1.135093505     5.069042314
     3.593078836     0.196532150     2.032280816
     0.479636054     0.933557426     1.565290534
     4.663065527     0.067857585     1.380214996
     3.344335114     0.594574076     0.358809163
    -0.000001712    -1.113618352    10.472493990
     0.152502398     0.933084705     4.896183363
     1.126123873    -0.333084460    18.109019555
     0.227393980    -0.884275631     6.556389133
     0.411685547     0.284535709     0.009015644
     0.811524642     0.946267578     4.063036847
     0.407166860     0.290971011     0.009084025
     0.935427393    -0.873049971    -0.095935903
     0.505549867     0.217013058     1.570928674
     3.037307383     0.201966020     1.863586762
     0.169021824    -1.017726834     5.598718629
     0.244420304     1.178893656     2.945376314
     0.434575510     1.002579620     1.739062818
     0.097716300     0.816759097     2.915403665
     2.246916904    -0.388763618     4.047066693
     0.512000906    -1.093057294    -0.664123918
     4.880247281    -0.461122675     1.258383847
     0.397339244     0.864172512     2.561605468
     0.515475289     0.207567042     1.815419828
     0.545276091     0.177699857     2.512695103
     0.530312730     0.195317433     2.248764420
    -0.196839210     0.860647872    -0.368218549
     2.929671611     0.571544102     0.792606578
     3.571589736     0.140206141     2.625446484
     0.238754737    -1.395319722     4.496717027
     2.045076618     0.652598499    -0.082942346
    -0.547686298     0.420024759     2.420373696
     0.402549659     0.297337734     0.009223392
     2.128636846    -0.477181475     4.425239679
     0.519395170    -1.632843296     6.198772070
     1.174785811    -0.051077986    -0.620035582
     2.186398264    -0.184839575     2.854524761
     2.328627197     0.421972680    -0.237624808
     1.352627709    -0.714108751     0.981861150
     3.234242088     0.190687987     1.604426727
     4.582537685     0.328765464     0.961123709
    -0.428379125     0.550750172     3.465478131
     0.421239007     0.735180234     6.212301725
     1.102321429    -0.903692026     0.477043279
     0.397840665     0.303635570     0.009539053
     3.330313380     0.127977528     2.249858819
     1.445757976    -0.210513545     0.357848753
     1.931341943    -0.797983267     3.174649727
     3.238023573    -0.080426714     1.804405261
     0.643153901    -0.591175621     0.669188171
     0.393040435     0.309857443     0.009951955
     3.022518490     0.003308865     2.036525150
     0.388126269     0.315983090     0.009849968
     2.145670378    -0.369298139     3.949048347
     0.383087795     0.321989037     0.008768647
     1.504326645    -0.744749361     1.317021070
     2.066873633     0.382747824     0.155282158
     0.523135749     0.210160658     2.299733026
     0.797558553    -0.635739693     0.502873971
     0.377998370     0.327995911     0.009385840
     0.372749330     0.333838260     0.007906318
     0.367492373     0.339701357     0.009057539
     2.985019113    -0.107066999     2.640719547
     0.362109140     0.345432761     0.009040871
     0.677335429    -0.073841723     1.178385942
     0.356636264     0.351076904     0.008992826
     0.351077323     0.356635490     0.008987671
     3.224328008     0.087099806     2.185313818
     0.435692639     0.410196027     0.028752685
     0.385041413    -0.593480547     3.924491635
     2.352504840    -0.059504140     2.779613837
     2.965394287     0.095941713     1.990100802
     0.488439632     0.243187805     1.671059444
     0.439907581    -0.639876153     3.352417070
     0.345432064     0.362106025     0.008986171
     0.339701685     0.367487192     0.008985906
     0.921918053    -0.750012856    -0.616103811
     0.333887528     0.372777676     0.008986022
     0.370840350    -0.691091633     6.284200837
     3.398656593    -0.203517632     1.803369656
     0.327991004     0.377976178     0.008986280
     0.073710566    -1.307712585     6.149875256
     0.362831026    -0.720684438     7.848324161
     1.989834543     0.034351615     2.396871371
     2.818432681     0.732476508     0.650232080
     3.986018824     0.022159172     2.522456576
     1.189859635    -0.070390385    -0.755529717
     4.941360475    -1.710525276     1.770258127
     0.322013556     0.383081413     0.008986480
     0.315956661     0.388092131     0.008986761
     0.516518902    -0.506959301     2.152241875
     0.619141163    -0.821943061     2.673901039
     0.309821799     0.393007085     0.008986799
     0.303610474     0.397825070     0.008986615
     0.297324204     0.402544923     0.008986436
     0.290964457     0.407165523     0.008986043
     0.284532529     0.411685900     0.008985280
     0.278029411     0.416105970     0.008995107
     0.271456110     0.420429566     0.009093192
     3.179299892    -0.098143453     1.820228551
     0.149890254     1.067279732     7.135901927
     2.805257058    -0.108412549     2.746531317
     0.534291396    -0.399201949    -0.831646439
     2.835015178     0.286817299     1.487460033
     0.364838804    -1.665682112     6.114238128
     0.264802948     0.424658649     0.009215687
     3.086368241    -0.625681227     3.776158733
     0.258016194     0.428801529     0.008966948
     0.243740455     0.921156000     3.933702419
     0.213571181     0.972828806     5.243997857
     0.250821357     0.432963788     0.007492178
     0.244494677     0.437254443     0.019473775
     0.479633674     0.252433670     1.572562858
    -0.039270965    -1.811262467     1.016284785
     0.524567367     0.219000702     2.547208197
     0.237538576     0.440381387     0.007312749
     0.481784218     0.339948817     1.288552607
     3.200095979    -0.264111365     1.915826336
     0.741902940     0.855520217     2.172351303
     0.488899045     0.253146703     1.894272201
     0.230685553     0.444104284     0.008993267
     0.501108690     0.249327224     2.213375375
     0.516407450     0.237439341     2.601561664
     0.515774698     0.229381180     2.663355247
     0.444880404     0.279983788     1.311146839
     0.287840726    -0.884674615    10.316843951
     0.540070475    -0.006867486     0.698889624
     0.223691679     0.447667968     0.008996003
     0.216649506     0.451120069     0.009030950
     0.209588164     0.454445522     0.009063163
     0.549251748     0.216880564     3.581817090
     1.666235475     0.183487868     0.500335375
     0.527524580    -1.672503167     6.071243315
     2.780487643    -0.309308650     1.932622878
     0.405762590     0.318954589     0.857393939
     0.202592062     0.457612846     0.009166879
     2.869643785     0.025652580     2.519188776
    -0.474884484     0.505315874     0.721939590
     0.259875933     0.565810446     1.293348553
    -0.043904069     0.796759411     1.412198135
     0.188482116     0.463500399     0.007277947
     2.063093003     0.014756843     1.388723042
     0.180689349     0.466683944     0.008955761
     0.173248560     0.469500373     0.009017756
     0.165826824     0.472171073     0.008985643
     2.353699669     0.269844219     0.874499074
     0.158363530     0.474635619     0.007265429
     2.592236241    -0.109799813     2.661332777
     0.101172799     1.297710424     8.065637804
     2.090425222    -0.167151073     2.347118244
     0.150903789     0.477150047     0.008986898
     1.639556680     0.329507444    -0.705196755
     2.572520250     0.378652273     0.668198435
     0.286276050     0.434992692     0.432169359
     0.143389724     0.479461583     0.008984927
     0.071667111     0.637101878    -0.916790799
     0.135840783     0.481654769     0.008985177
     2.838344053    -0.099669097     2.787429699
     0.340842610    -0.939325010     0.427560802
    -0.225630351     0.530482862    -0.367955797
     0.812355130    -0.471269786     0.422862196
     0.809308600    -0.671111667     0.601085821
     0.518222311    -0.759482946     3.600717123
     0.322063436    -0.984501143     0.691941132
     0.128258462     0.483729063     0.008985279
     0.120644536     0.485683991     0.008985341
     0.789484013    -0.098053009    -3.177747479
     0.207014842     0.855277617     0.269765345
     0.060279677     1.032673946     1.185141749
     0.113000855     0.487519079     0.008985385
     0.105329295     0.489233876     0.008985410
     0.614959723     0.742046480     1.663800008
     1.538071440     0.272781279    -0.304602765
     2.705445450     0.288531722     1.278922258
     0.097631748     0.490827961     0.008985403
     0.864291679    -0.508833069     3.713316650
     2.458244172     0.226214413     1.717155778
     2.250480451     0.229237774     0.061720227
     0.089910138     0.492301083     0.008988258
     2.210441108     0.398812560     0.049292405
     0.082166297     0.493652471     0.008985723
     2.422216922     0.364324386     0.701045687
    -0.131884050     0.800475846    -1.083381266
     0.212100380     1.042566033     1.345180785
    -0.363762219     1.412379624     0.476860030
     0.068606680     1.237288364     1.499133205
    -0.275058136     0.951947737    -0.666180955
     0.074402206     0.494882187     0.008985826
    -0.321329842     1.444710914     0.094324022
     2.039385489    -0.093528305     4.315443421
     0.066619758     0.495989795     0.008985854
     3.003980492    -0.303783015     2.285058731
     1.423281729    -0.121596273     1.994041887
     0.058820873     0.496975021     0.008985813
     0.896512926     0.555224822     0.098629956
     1.761794572     0.082369945     0.350843825
     0.748884915    -0.184530610     0.440066089
     0.563350051    -0.282627285    -0.545924232
     0.051007487     0.497837756     0.008988376
     2.924150192    -0.583714721     3.573439313
     0.735782913     1.413846018     3.728989381
     2.650349793    -0.127312285     2.783708837
     0.043181487     0.498577391     0.008985591
     0.537309543    -0.516184048     3.319518878
     0.088436760     1.108714201     1.303284587
     0.846669928    -1.106969609    -0.407642984
     1.963367558     0.299630927     0.248703538
    -0.358808741     1.225138929    -0.007184374
     2.954403073    -0.092901462     2.957453443
    -0.094332805     0.766472488    -1.423542779
    -0.176573288     1.386295452    -1.655560090
     0.062550010     0.549450988    -2.520213437
     0.810534937    -0.972878831    -0.853344885
    -0.551163043     0.919669369    -2.196552628
     0.689915509     1.144575292     1.724388526
     0.035344845     0.499194142     0.008985469
     0.027499483     0.499687726     0.008985381
     0.073768026    -1.045859746     6.024292633
     0.937361272     1.831470145    11.253242199
     2.673513970     0.239323707     1.752953205
     3.132195103    -0.172064374     2.003380119
     0.108222466     0.580393463     0.592417466
     0.557850529     0.304150642     5.069674329
     0.019647335     0.500058021     0.008985326
     0.014001534     0.633664897     1.614891511
     1.625877543    -0.505218115     2.111679488
    -0.285305126     0.569095396    -1.999230324
     1.344334006    -0.597603815     1.127344100
     0.745178396     0.191499295     9.695871568
     0.638886491     0.126191167     7.941379443
     0.011790340     0.500304936     0.008985299
     0.397325588     0.371033680     0.499017007
     1.088756364     0.413272641    17.083975833
     0.003930437     0.500428408     0.008985280
    -0.252330740     1.195377268    -0.894633451
     0.715851891    -0.729342984    -0.568419503
     0.961476244    -0.635008435     0.554169535
    -1.023772577     0.897892340    -1.439667227
     0.827326505    -0.600084625     0.569550373
    -0.064003163     1.087937141     0.861299717
     1.044879696     0.340682484    16.281267644
     1.018159683     0.323424491    15.860164733
     1.401490525    -0.599814062     0.327972934
    -0.019776374     0.634517152    -0.416105455
     1.169872199     0.278771202    19.314676817
    -0.143515593     0.795616729    -1.923040832
    -0.211612199     0.702991026    -1.670353868
     1.374117039     0.235283117    23.864648521
     0.540959294     1.271613901     3.173782051
     0.245797753    -0.873421993     4.403241254
     0.494302075     1.375138503     4.091709644
     1.509816488     0.225105128     0.005899805
     1.519456423     0.217934913    27.078668271
    -0.636692288     1.347105289    -0.750028107
     1.668427006     0.230438125     0.678413834
     1.073565035    -0.376045566     0.029763261
     1.214490440    -0.629520810     0.845111357
     1.538254491     0.234085657    27.564604066
    -0.755562457     0.316054948     0.192628204
     0.796047880    -0.787828019     4.040931012
    -0.003930436     0.500428408     0.008985278
     1.688071556     0.222004827    30.836162403
    -1.214572629     0.563268749    -1.888967126
    -0.615320448     0.455367704    -1.146522721
     0.766010326    -0.155815369     0.169498915
     1.620869603     0.262608842    29.490921496
     2.123700926     0.041042926     1.402758571
     3.073701822    -0.136797625     3.330731595
     1.476776238    -0.469834321     1.207684610
    -0.941702397     0.901288147     0.069244425
     0.037294048    -1.075961497     7.162343276
     0.850855847     1.641391001     2.703450089
     0.809106314     0.334803658     0.344727586
     1.494205713    -0.046929821    -0.557296795
     1.931040638    -0.052408993     2.974473806
    -0.619872231     0.629695037    -2.123738332
     1.781203782     0.268683431    32.929513125
     0.383238109     0.761243508     1.952858777
     1.023532104     0.520627489    -0.791814441
     0.060086719     0.943670717     0.584762000
     0.696665275    -0.462607976    -0.609172490
    -0.726300120     0.794113814    -2.207761297
    -0.011790339     0.500304934     0.008985271
    -0.921006719     0.948568878    -0.172299420
     1.791131786     0.653312559    -0.305901707
    -1.000454718     0.515505776    -1.117340731
     1.272686396     0.992585405     1.769781875
    -0.709068215     0.860120084    -4.144807814
    -0.264853323    -1.213745746    15.655842565
    -0.744053918     0.694328114    -1.970122769
    -0.801983995     0.139307615     3.128788722
    -0.019647333     0.500058018     0.008985274
    11.159323904     4.368783266     0.964974872
    -0.552279556     0.769632626    -2.065399954
     1.082103732     1.513988788     2.278421234
     0.939037748     1.166552830     2.543075296
    -0.703075288     1.264430777    -0.629411878
     1.528569130     0.328688362    27.734654185
     0.764992066    -0.722164698    -0.387169232
     0.158304800    -0.993733112     9.504165702
     1.271106311    -0.639886016     1.009162317
     1.017487387    -0.698888315     1.119397943
     0.769776647     0.519205013    -0.244955161
    -0.441068216     0.899817939    -1.699634515
     0.463389203    -0.346068044     0.512330489
     0.538654529     0.770199768     2.047999667
     0.482060567    -0.760490543     0.958293894
     0.388623783    -0.617779105    -1.376138958
     0.556539835    -0.083315410     0.820349507
     1.081579742    -0.628234904     0.065718651
     1.052457492    -0.751889130     1.695271186
    -0.027499479     0.499687721     0.008985275
     0.832303317    -0.241066711     0.501817459
     0.753523622    -1.298017617    -1.221483109
     2.050513830     0.281814750    38.725150809
    -0.035344840     0.499194132     0.008985276
     0.602297069    -1.117832189    -1.249561850
     0.537712132    -0.677206755     2.038181543
     0.506413612    -0.625904204     4.840285944
     1.804105492     0.340903287    33.719161962
     0.945854036    -0.529846544     0.570774504
     1.059356855    -0.241826537    -0.522899617
     0.160464444    -1.032452154     8.256423241
    -0.043181481     0.498577376     0.008985277
    -0.051007467     0.497837601     0.008985259
     0.493785106    -0.310950306    -1.153066568
    -1.237406652    -0.074444440     1.456461232
    -0.418556141     0.622425581    -1.117227013
    -0.058810825     0.496890025     0.007274056
    -1.077026461     0.605863046    -0.998502775
     1.984193983     0.114953769     1.045134825
     1.840527618     0.447570864    -0.480631148
     1.736454330     0.379374834    32.426974130
    -0.490231456     0.603493863    -1.580226839
    -0.959018601     0.690907295    -1.359408864
     2.167614248    -0.332640296     3.729744014
     1.881921314     0.397636555    35.563052500
     0.360484199    -0.815286676     3.258271019
    -0.343586479     0.625937146    -1.396988430
     1.640002556    -0.112461865     1.239785026
    -0.653308956     0.309695880     0.336450607
     0.871946368     0.059242737    -1.031948588
    -0.780987012    -0.508197461     7.631766473
    -0.571624709     0.445429710     4.539717468
    -0.710495776     0.401575764    -1.659407327
     1.274156681     0.485016827    23.197619549
     0.641665700    -0.519425839     0.812508650
     0.775751971    -0.020687572     0.616624027
    -0.855902879     0.623846313    -1.009294698
    -0.705246109     0.549563728    -2.392227890
     1.450891536    -0.455469246     0.516674863
     0.586742034    -0.576856411    -0.232026846
    -0.830359553    -0.080088271     2.500881006
     0.844761885    -0.149326295    -1.651507414
    -0.928320670     0.178087313     0.642408198
    -0.784866728     0.540183278    -0.738536821
    -0.066619756     0.495989766     0.008985283
     2.160913965     0.463021270    41.719643570
     0.729662508    -0.081554214     0.968068914
    -0.773871115     0.277690742     1.445305001
    -1.493148596     0.833669375    -1.829139224
     1.240449053    -0.180483088    -1.120859025
     1.075291575    -0.462149178     0.447065416
     1.140298093     1.091402896     3.311328807
     1.847460292     0.506457090    35.439589080
    -1.075780695     1.007464394    -1.687581698
     0.860123566    -0.553001539     0.181618658
    -0.882301030    -0.178305061     6.278365496
     1.371617791     0.530505865    25.729001760
    -1.288901476    -0.165793626     1.791019236
    -0.625613455     0.291447008     1.052602681
     1.781138417     0.545760176    34.400512054
     1.176277322    -0.394502014     0.420718963
     1.725165664    -1.085612339     2.138506134
     2.013921350    -0.982726169     1.937267534
    -0.884639019    -0.321018636     3.423433266
     1.663463734     0.564484152    32.140521259
     1.593859251     0.574402564    30.862951707
     1.296617717    -0.452821330     0.589938862
     0.746994590     0.457458832     0.809771157
     2.023934871     0.926501749    -0.063736147
    -1.008628577    -0.179711771     0.651760068
     1.239936015     0.086952914    -0.333981977
    -1.631128980     0.075818157     0.273295864
     1.835141263     0.594773373    36.024360394
     0.493098394    -0.543901776     0.945007136
    -0.074389544     0.494797666     0.007276549
    -0.591956423     0.520397416    -0.668839501
     0.509284088     0.492010485     1.179791208
    -1.843427828     0.358999567    -0.543908193
     1.037962429    -0.069660083     2.534270729
    -0.954717988     0.101138625     1.766815417
     3.110468971    -0.091953074     4.040485443
    -1.786654214     0.498189924    -2.003455460
     1.649204401     0.091220411    -0.589287872
    -0.082166327     0.493652588     0.008988143
    -1.483196245     0.264986740     0.307324657
     1.390425406    -0.137581013    -0.381118973
     1.357300546     0.559686322    26.210851381
     1.859933380     0.073457049     0.940069987
    -0.833757223     0.120383817    -3.907723293
     0.247730854    -0.739817665     1.700519253
    -1.352117423     0.629050891     0.663917597
     2.087444679    -0.306905893     1.998156105
     1.341514590    -0.238089861    -0.088206046
    -1.341692512     0.374967652    -0.029072962
    -1.299515712     0.307841503     0.069972299
     1.025419248     0.139957068    -1.398822879
    -1.554143247     0.448237040     0.515669765
     0.724113198     0.898506068     3.506392928
     0.497380665    -1.110257892    -1.573518229
    -1.068964123     0.496364416     1.579590221
    -0.840101100     0.109605783     1.591719054
    -1.139012274     0.162589492     1.400949862
     2.144352745     0.189435496     1.229475345
     1.153452556     2.532295060     0.908530114
    -0.089910130     0.492300953     0.008985670
    -0.978810345     0.365399048    -1.042386635
    -0.907462648     0.290022960    -0.516334611
     0.868896120     0.403097769     0.162657415
    -0.097631775     0.490827983     0.008985930
     0.975149505     0.480552835    18.109423488
    -0.806556780     0.411580940    -0.986367073
     1.994668192     1.532829529     0.231469685
    -0.105329338     0.489233910     0.008986240
     0.466976116     0.372190046     0.612701135
     1.246972257     0.341838294    24.211045829
    -0.113000972     0.487519243     0.008989129
     1.707317856     0.260277919    -0.106863826
     0.600130780    -0.512141905     1.102383853
    -0.120644771     0.485683990     0.008986452
    -0.825891440    -0.597688855    10.945276214
    -0.128259206     0.483728901     0.008985953
    -0.135843267     0.481654041     0.008984647
    -0.143386784     0.479372994     0.007270619
    -0.803670802     0.070839099     5.012764558
    -0.150932266     0.477140650     0.008979473
     0.292746401    -1.347361786     5.205852844
     0.741218923     0.775867128     2.423494372
     1.753562829    -0.835564807     2.460101674
    -0.158479051     0.474688264     0.008995844
    -0.166158416     0.472067210     0.009228233
    -0.173838723     0.470112735     0.024599026
    -0.181778458     0.466275251     0.009258187
    -1.129689759    -0.452297803    15.673174852
    -0.195187758     0.460809525     0.008978138
    -0.203131678     0.457630310     0.013869649
     2.189184904     1.377735747     0.354603757
     0.946583751     0.123832681     0.715783328
    -0.119580232    -1.206333296    10.208630086
     1.022043551     0.850427660    21.271037597
    -1.273791399    -0.481882701    18.916359645
    -0.216629703     0.451127119     0.008986602
     2.646562291     0.171037072     2.464264477
    -0.223688077     0.447669194     0.008985733
     0.773798622     1.099312857    19.760408332
    -0.230653147     0.444024296     0.007274857
    -0.237638989     0.440422243     0.008985301
    -0.244527501     0.436635250     0.008985286
     0.772784505    -0.088098870     0.757616672
    -0.251355763     0.432740630     0.008987934
     0.649856834     0.952950805    15.947382925
    -0.258121878     0.428739006     0.008985268
    -0.976225280    -0.211378202     2.540065573
    -0.264824373     0.424631712     0.008985268
    -0.271461599     0.420419757     0.008987920
    -0.277984202     0.416032758     0.007275300
    -0.284484666     0.411615047     0.007275310
    -0.966756250    -0.137587392     5.557675877
     0.691924753     0.928006134    16.448634648
    -0.290964725     0.407165447     0.008987928
    -0.297324228     0.402544834     0.008985273
     0.767430456     0.966627106    18.331202194
     0.812567024     0.462452069     1.590771765
     1.793140204     0.787412219    -0.680599167
     0.323219678     0.403006911     0.011654965
    -0.303610447     0.397825007     0.008985273
    -0.309821755     0.393007023     0.008985272
     0.727447935     0.524989491    -0.375937994
     0.878963900     0.864853771    19.435409058
     0.499659212     0.833430893     4.862425460
    -1.095441888    -0.358248422     1.037148499
     0.488115717     0.536854981     1.731851601
     0.593372072     0.072376483    -0.276503879
     0.540800800     0.808073658    12.716203277
     0.584138976     0.867063562     5.581557863
     0.385344066     0.664483802     0.772189474
     0.684090450    -0.117302523     1.328412187
     1.603678476    -3.548207907     0.498132728
     0.410770047     0.775334509    10.200490328
     0.253511527     0.547697687    -2.346229886
     0.384981731     0.709105748     8.967818246
    -0.315956618     0.388092070     0.008985269
    -0.322013523     0.383081362     0.008985253
     0.076200575     0.934526014     3.680621822
     0.200951451     1.205301494    10.432567738
     0.866751029     0.244209572    -0.452874474
     0.355781613     1.245194126    12.338658048
    -0.327934807     0.377911530     0.007273100
     0.317164088     0.858734818     5.647869262
     0.432630998     0.744100720     5.551273888
     0.254053771     0.803542093     4.851721960
     0.346196123     0.523016525     1.372431178
     0.313819724     0.651570151     1.722773492
     0.499331183     1.184590917     2.693654778
    -0.333887481     0.372777653     0.008985066
    -0.284090086     0.965750012     6.972688650
     0.619900819     0.658491066     1.464223613
     1.486498309     0.621408656    -0.805164309
     1.676894057     0.384272002    -0.894462157
    -0.115531970    -1.477520915     3.252900901
     2.572669034    -2.280650276     2.265167283
    -0.320040720     0.593551578     1.725336410
     0.667460979     2.364706612     0.884125220
     0.141001180    -1.834278094     2.538079706
    -0.126530139     0.847390845     2.840728282
     0.234577286     0.765288227    -0.713541902
    -0.894134294     0.081253752     0.862064669
     0.713416486    -0.865801393    -0.336006223
     0.235779249     0.959038464     1.086448388
    -0.120958615     0.565677672     0.148977367
    -0.339701572     0.367487205     0.008984561
    -0.554369127    -1.042053648    -0.166439464
    -0.345431736     0.362106109     0.008982842
     0.982173535     0.076465748    -0.864374010
     1.478655869     0.264448793    -0.590408891
    -0.351013738     0.356575264     0.007237147
     1.073318203     0.353867444    -1.378857779
    -0.853210910    -0.125048308     4.889888194
     0.375518927     0.636554436     4.080019173
     1.205667320     1.033936656     3.152842257
     0.219458364     0.953139292    10.939057525
     0.374245620     0.894838052     6.269655827
    -0.356633580     0.351077332     0.008960580
     0.668675018     1.152935195     2.218869064
     0.749279801     0.965828649     2.429695895
    -0.242535697     0.552300737     1.009294825
     0.680082339     0.922115763     3.027403067
    -0.899879840    -0.045088392     2.621726947
    -0.362101059     0.345432101     0.008914813
    -0.367476141     0.339700473     0.008807153
    -0.002485641    -1.710326593     2.642929957
    -1.009682909    -0.317338291     2.337344989
     0.133099822     0.863353491     8.570113335
    -0.372757345     0.333881903     0.008608079
     0.622264797     0.878723704     2.940964771
     0.840758598     1.002972532     4.265115758
    -0.035666475     0.846337697     0.267421146
    -0.963410011    -0.556506474    -0.419305094
    -0.240991416    -1.548261586     1.381502310
    -0.057417232     0.648510909    -0.779631851
     0.652705971     0.860984503     1.861448789
    -0.031406443     0.789931590     6.243285630
    -0.225678691     0.711129212     4.923257721
    -1.088913474    -0.308874661     1.044381947
    -0.377947332     0.327976600     0.008361734
     7.355297436    13.673465833     0.488474640
    -0.874876874    -0.023375628     7.680647937
    -0.383051889     0.321990113     0.008232764
    -0.860502004    -0.532719364    10.975853177
    -0.917063742     0.115241166     8.716364667
    -0.783991927    -0.743878347    13.000488308
    -0.373646396     0.669541883     5.405953817
     0.012273894     0.884594681     0.226420703
    -0.055482663     0.656271302    -1.830002869
    -0.441593886     0.623833690     5.497119876
    -0.666944708     0.239602441     2.462462805
     0.065150403     0.682561821     0.371927488
     1.149248756     1.131955061     2.494747044
    -0.388070479     0.315932256     0.008342783
    -0.460465728    -0.610367141     4.928526774
    -0.606173466    -1.692297628    -0.734873854
    -1.328210735    -0.691306707    -0.666624405
    -0.392992887     0.309807680     0.008588989
    -0.551459588    -0.512170416     2.150387833
    -0.397807189     0.303618575     0.008800629
    -0.561672373     0.629024244     7.295513391
    -0.402495375     0.297385222     0.008914606
    -0.515498052     0.702366110    -1.997963340
    -0.407000157     0.291186738     0.008882999
    -0.112186084    -1.675279900     3.538056493
    -0.660116614     0.619764178     8.775145057
    -0.832296001     0.627708004    11.886398609
     1.418676872     1.963304796     1.161056069
    -0.420433707     0.271185442     0.006228621
    -0.428569285     0.258451921     0.009487323
    -0.919471051     0.234477029    12.195954583
     1.039057176    -0.607870734    28.406375810
    -0.433438646     0.249721067     0.004762974
    -0.529103968     0.336648167    -0.199053539
    -0.965417401     0.301587188    12.956558600
    -0.439993402     0.238206168     0.006843476
    -0.491386761     0.672711593    -1.972015007
    -1.156318844     0.223893266    16.976345687
    -0.444020423     0.230659514     0.007264806
     2.371166898    -1.717251879     2.638378851
    -0.447668963     0.223688412     0.008984598
    -1.169283474     0.245568619    17.081219245
    -1.233164801     0.271338509    18.255513189
     2.254004427    -1.593348221     3.143817047
    -0.898733313     0.481021290     0.937296003
    -0.451127675     0.216628666     0.008987652
     1.043819765     0.802236225     1.707821214
    -1.348390822     0.354106708    20.496586431
    -0.603370450     0.511638380    -2.558327238
    -0.359437167     0.823533530    -0.355807711
    -0.454474654     0.209515678     0.008985081
    -0.413783528     0.376918297    -7.691255229
     0.998976721     0.521250521    -0.293838946
    -0.457710001     0.202351210     0.008993631
    -0.460834198     0.195137150     0.009037736
    -0.463850110     0.187875834     0.009189364
    -0.466736685     0.180555634     0.008973893
    -0.039972613     0.748309268    -0.708354007
     0.157181502     0.755241556     6.189941672
    -1.170711341     0.085764519     0.864965026
    -0.469515592     0.173171630     0.008770788
    -0.472912785     0.162431206     0.000952763
    -0.790824786    -0.083249558    10.969946639
    -0.011980831     0.768024157     0.574625957
     0.501144209     0.520812632     0.945428446
     0.470172963     0.518715752     5.183080753
     0.135649035     0.878556579     4.022975126
    -0.980148346    -0.044142122    14.044587895
    -0.849698978    -0.077383297     3.892817449
    -1.145417743    -0.101947206    17.655988842
     0.173428351     1.194081714     2.022921379
    -1.101518484    -0.025911208    16.026586823
    -0.477220972     0.150388724     0.007243590
     0.063474296     0.722353192     0.719765372
    -0.808374306     0.391345485     0.003865812
    -0.039395335     0.709150394     0.082724862
     0.131618119     0.827537844     1.271048120
     0.290873089     1.035784632     3.645641682
    -1.023996237    -0.081189136     0.996101861
    -0.934847012     0.384443483    -1.647151141
    -1.091710158     0.036116914    15.273827610
    -1.150719622     0.117157048    15.950180279
    -0.481662234     0.135816057     0.008994666
     0.747146479     1.068668325     2.093837891
    -0.943442263    -0.146608941    13.641595779
    -1.017391805    -0.060793289    14.040589006
    -1.131507303    -0.016831143    15.832488553
     1.057813289    -0.121776351     1.475478006
    -0.483653660     0.128211566     0.007287222
     0.495308163     1.553327756     3.290947406
     0.073858074     1.378130148     1.516711415
     0.659652125     1.709437845     7.615213744
    -0.909770689    -0.368523866    15.656776699
    -0.986966800    -0.310838677    15.862860988
    -0.485646987     0.120630880     0.008201248
    -0.487451537     0.112982548     0.007586774
    -1.007367729    -0.289026187    15.769190711
    -0.489066294     0.105283116     0.005514446
    -0.490639562     0.097586348     0.005112671
    -0.869944883    -0.299125023     4.486776522
    -0.116451207    -1.802524307     1.295031804
     1.607296942     1.005262206     0.069474605
    -0.233234919     1.573033210    -0.335566752
    -0.492216794     0.089894569     0.007273973
     0.269374683     1.683566881     2.519519713
    -0.959226054    -0.135814370     4.411735602
    -1.012648147    -0.001578393     3.738176315
    -1.019331693    -0.282616441    15.755321810
    -0.035823770     1.653566204     0.568908531
    -0.109532441     1.910997134     0.483939279
     0.120954445     1.796743986     1.688434439
     1.526889803    -2.488726953     1.157744964
    -0.917655338    -0.014125040     2.041715443
     0.639899433     1.872708763     2.755876675
    -1.128325580    -0.401976403    19.036174726
    -0.505003451    -1.907853863    -0.266033383
    -0.627755925     1.958186794    -0.524178550
    -0.493652449     0.082166292     0.008985282
    -0.494882159     0.074402203     0.008985272
    -0.047953820     1.297029189     0.186948893
    -0.495989898     0.066619771     0.008987931
    -0.997933905    -0.252745483    14.616028516
    -1.013617428    -0.275527088    15.048377879
    -0.496890090     0.058810814     0.007275317
    -1.074983655    -0.364331779    17.114373437
     2.383651341    -3.074191950     1.158995429
    -0.960033956    -0.214480320    13.112975875
    -0.247169022     2.176340868     0.761501240
     0.522352017     2.009449655     1.524728206
    -0.104274370     0.646431858    -0.753028840
    -0.963752953    -0.252825072    13.526030089
     0.983286440     2.107337882     1.525325491
    -1.224051392     0.037964489     0.627072724
    -0.108517018     0.560740302    -1.294799574
    -0.924557309     1.803484087    -0.691961621
    -0.719443675     0.131878693     5.494375129
    -1.205193242     0.207336481     1.757591512
     2.285089397    -2.337321298     1.590269930
    -0.693325543     0.209835186     4.904901378
    -0.121165200     2.085474639     1.505363120
    -1.205826410     0.045750233     1.324026116
    -0.497752468     0.050998742     0.007273688
    -1.092828193    -0.091602456     2.331477067
    -0.745990659     0.069718852     6.032484474
    -0.649409616     0.320306206     4.507160103
    -0.498577375     0.043181480     0.008985273
    -0.883770386    -0.353547656     8.327243105
    -0.701552413     0.092978648     4.854802443
    -0.499194132     0.035344840     0.008985269
    -1.199008812     2.009279343    -0.099201954
    -0.499687721     0.027499479     0.008985273
    -0.410531057     1.927452734    -0.140008613
    -2.664418112     1.141161590    -2.227007889
    -0.499972505     0.019643973     0.007273685
    -0.500110759     0.011785760     0.005100687
    -1.431310497     2.024885993    -0.562378999
    -0.500234184     0.003928909     0.005100682
    -1.056341325     2.456724464    -0.066259600
    -0.500342831    -0.003929764     0.007273685
    -0.769498936     0.387478753     7.222166807
    -0.728627190     0.377397502     6.408694770
    -0.739933813     0.342508044     6.298355210
    -2.682171915     1.558644594    -2.101715990
    -2.383081790     1.469651127    -1.198784620
    -0.731274311     0.362227647     6.322048312
    -0.500304934    -0.011790339     0.008985273
    -0.754661671     0.339599475     6.549270033
    -2.738838371     1.331109780    -0.454035351
    -0.661964558     0.182101775     4.002283292
    -0.773431010     0.265108088     6.351041174
    -2.015014957     1.542478138    -2.062526234
    -1.768669846     1.736113630    -0.899736934
    -1.673291428     1.629354720    -2.942704988
     0.003664759    -3.189048618    -0.559178870
    -0.500058151    -0.019647338     0.008987934
    -1.302873105     1.869788534    -2.530387995
    -1.186444944     2.165424214     0.521042427
    -0.499687721    -0.027499479     0.008985273
    -0.520066255     0.465675693     0.739464440
     3.863836325    -0.677426388     2.444089030
    -0.499108767    -0.035338796     0.007273685
    -2.491560089     0.997932199    -2.605208297
    -0.498577375    -0.043181480     0.008985273
     0.525038770    -0.774417187     2.338045458
    -0.497837602    -0.051007466     0.008985273
    -0.764660078     2.605076470     0.683068161
     0.547246204    -2.839801144    -0.725057008
    -0.496890008    -0.058810808     0.007273685
    -0.495904948    -0.066608362     0.007273685
    -0.200564321     0.754454710    -1.480748745
    -2.870385981    -0.026914637    -2.277686195
    -0.494882159    -0.074402204     0.008985273
    -1.067897578    -0.197613571    12.813799010
    -0.493652579    -0.082166318     0.008987932
    -0.492216828    -0.089894755     0.007275313
    -0.490828085    -0.097631776     0.008987932
    -1.158953572    -0.515479208    17.670545734
    -0.489150286    -0.105311301     0.007275313
    -0.487519073    -0.113000854     0.008985273
    -0.485683989    -0.120644530     0.008985269
    -1.139276473    -0.997046677    -0.882384684
    -0.483646348    -0.128236506     0.007273685
    -0.481654797    -0.135840702     0.008985273
    -0.479461811    -0.143389486     0.008987934
    -0.477150519    -0.150902894     0.008990507
    -0.474721375    -0.158379032     0.008990507
    -0.472174978    -0.165816050     0.008987934
    -0.469512077    -0.173212150     0.008985273
    -0.466733456    -0.180565556     0.008985273
    -3.215415729     0.672766358     1.369295009
     0.319168558    -2.028982146     2.370383535
    -1.819124328     1.833659770    -0.400521700
     0.161324993    -1.970706669     1.710739627
    -0.463839676    -0.187874411     0.008985273
    -0.868354817    -1.114837242    23.491865033
    -1.138053246    -1.119845383    25.921333152
    -0.460831450    -0.195136910     0.008985273
    -1.378431329    -0.875932484    25.007450488
    -0.457709521    -0.202351263     0.008985273
    -0.454396941    -0.209479859     0.007273685
    -0.451050590    -0.216591408     0.007275314
    -0.447669476    -0.223687758     0.008987934
    -0.444024723    -0.230652375     0.007275314
    -0.440422376    -0.237639020     0.008987934
     1.689668950    -0.981058668     1.897268866
    -0.436635254    -0.244527492     0.008985273
    -2.617472970     0.578766945    -2.828448357
    -0.432740517    -0.251355693     0.008985273
    -0.428665690    -0.258077736     0.007273685
    -1.342496630    -0.815467607     2.766542489
    -0.810737401    -1.233104854    24.758566569
    -1.137601012    -1.264591090    27.867960102
    -1.539297637    -1.355820112    33.889358323
    -0.424559098    -0.264779085     0.007273686
    -2.009019680     0.620829853    -2.121922987
    -0.420419646    -0.271461527     0.008985273
    -0.416032760    -0.277984196     0.007275270
    -0.411685492    -0.284533352     0.008987932
    -0.407095805    -0.290914910     0.007275446
    -0.137803347    -2.026651678    39.712559081
    -0.581697479    -2.115004969    40.840267480
    -0.402544839    -0.297324221     0.008985281
    -1.051216818    -2.189623856    -1.017635159
    -0.976352550    -2.367098318    -1.177712186
    -1.038393498    -2.051366706    40.980010660
     2.715006091    -0.527809694     2.957784889
    -0.397825130    -0.303610507     0.008987958
    -0.630795177    -1.957539194    -1.138161016
    -0.393007085    -0.309821687     0.008985407
     1.385366990     0.570447851    -0.841560485
    -0.267499425    -2.147626877    41.194943421
    -0.987868616    -2.138551412    42.012330424
     0.748646954    -0.223972923     0.272736557
    -0.388092281    -0.315956390     0.008985669
    -0.383082088    -0.322012756     0.008986503
     0.379657708    -2.241713663    45.658300461
    -0.377978708    -0.327988475     0.008991340
    -0.298686660    -2.388777175    45.292462397
    -0.372787081    -0.333879948     0.009025006
    -0.266272498    -1.614517491    29.203137530
    -0.367516692    -0.339673343     0.009034445
     0.714538453    -2.383453286    50.400242042
    -0.090214187    -2.224176627    41.715529959
    -0.362204783    -0.345335412     0.009081804
     0.326742949    -2.112915685     1.621313554
     0.884250974    -1.598256439    38.817425277
    -0.263875663    -2.059779565     0.268932094
     0.654741656    -2.261725497    47.003590438
     0.563287744    -2.455403232    49.576198331
     0.480516208    -2.441322344    48.489359152
     1.723085243    -1.324783743     3.153682923
     0.413535851    -2.477582058    48.521078136
     0.324682495    -2.512499827    48.435626222
     0.241244258    -2.602386567    49.536635999
     1.009045507    -1.894345631     4.008628067
     0.138621982    -2.732094829    51.429609428
    -0.073989550    -2.865184276    53.183423797
     1.615687865    -2.760017331     1.048797347
     0.928771497     1.840076234    11.286258882
    -0.525624405    -3.352847185    62.459986849
    -0.353105858    -0.354405206     0.006023769
    -0.346771216    -0.360647603     0.006523784
    -0.231242793    -2.633957160    -0.431871528
    -0.737579099    -2.402281847    -0.685413030
     1.342124503    -1.127604949     1.570500375
    -0.339891609    -0.367300075     0.008819071
     0.881310001    -1.781480976     0.546829356
    -0.334015637    -0.372534107     0.007069455
     1.885087523    -3.980905629    87.882023068
    -0.328007655    -0.377960318     0.008964984
    -0.322018538    -0.383076824     0.008980317
     1.886084635    -2.308288234    61.509796104
     1.216888308    -2.702492531    58.402730433
     0.507506162    -3.212715338    61.435960654
    -0.315958082    -0.388090705     0.008982592
     0.635775067    -1.213313638    -0.679326337
     0.610421372    -1.805309704     4.233635601
    -0.309822271    -0.393006729     0.008987047
     2.163115521    -2.334597643    65.385755186
     2.109585167    -1.248082934     2.816817183
    -0.303610733    -0.397825098     0.008990198
     2.246152083    -1.966546325    62.153533196
     1.868562241    -1.753021874     2.126917260
    -0.297324466    -0.402545072     0.008991938
     1.594663698    -2.148989053     1.633680710
     1.412468113    -2.025377723     0.894783702
     2.990290976    -1.162765251    69.516603365
     2.563260980    -1.480134561    63.051438615
     2.217984141    -1.345249239    55.388409088
     2.097113060    -1.369620666    53.138140008
     1.915581789    -1.256390216    48.691265925
     1.847443046    -1.179581807    46.677823363
    -0.290964811    -0.407165542     0.008990472
    -0.284533429    -0.411685594     0.008990495
     0.611082149     1.664621518     3.990042634
    -0.278031849    -0.416104064     0.008990503
     2.294496920    -1.343622402     2.840158325
     0.955277276    -2.373578955     0.025778633
     2.575367684    -1.024587379     3.196105175
    -0.271461669    -0.420419866     0.008990506
    -0.264824443    -0.424631825     0.008987934
     1.673840011    -1.101073370    42.628029774
     1.127229102    -2.422072498     1.353575137
     0.877709548    -2.964174838     1.414161758
    -0.258077780    -0.428665758     0.007275309
     3.086046949    -2.111575820    77.005815443
     2.499388033    -0.234490200     2.758409191
     0.540731502     0.241313534    21.251108324
    -0.251355760    -0.432740632     0.008987934
     0.902329994    -2.775782695    -0.738506577
    -0.244527557    -0.436635370     0.008987934
    -0.237638956    -0.440422259     0.008985273
    -0.230691787    -0.444100595     0.008985273
    -0.223687698    -0.447669357     0.008985273
     2.484572477    -0.523363551     5.386995539
    -0.216628476    -0.451127782     0.008987932
     0.175271571    -0.974315768     4.078736210
    -0.209515688    -0.454474659     0.008985269
    -0.202351263    -0.457709521     0.008985273
    -0.195136962    -0.460831573     0.008987934
     0.997139490    -0.896914431    -0.053479320
     1.137212730    -1.196167318     0.830282417
     2.242836322     0.307515187     0.241237382
    -0.226451905     0.647707343    18.419384107
     3.033336813    -1.321578780     3.066655577
    -0.187874509    -0.463839919     0.008990507
     1.385366292    -1.384450049     0.780099352
    -0.180565604    -0.466733580     0.008987934
    -0.173182558    -0.469431864     0.007275314
    -0.165816006    -0.472174853     0.008985273
     3.618555496    -2.583022986     1.703410935
    -0.158351866    -0.474639946     0.007273685
    -0.683166018     0.575972679    17.729133142
     2.377228073    -0.896163120     2.965418614
     1.639519531    -1.994167204     1.931255016
    -0.150844248    -0.476965080     0.005100675
    -0.393379407     0.501826906    14.809277221
    -0.391130800     0.572300996    16.706456035
    -0.376398396     0.603333431    17.610746086
    -0.523691254     0.739059834    21.096102679
     1.749039040    -1.594900645     1.555239415
    -0.618132049     0.820643175    23.399936205
     2.941805006    -0.760302733     3.069924076
     2.323562622    -0.581690696     2.206117318
     0.744612240     0.677687875    -1.881500353
     2.013031549    -0.175708610     3.516290615
    -0.723007471     0.911845500    26.038358426
    -0.785380640     0.977075514    27.923095396
     2.429533457    -0.174695644     3.405686663
    -1.575446268     0.093346098     0.605965829
     0.639725857     0.317395877     0.706159334
    -0.829575817     1.047252927    29.789697923
    -0.143333797    -0.479275597     0.005100675
     0.514579649     0.343874543     0.835741820
    -0.135817472    -0.481572430     0.007273685
    -0.883393840     1.161060438    32.581307475
    -1.258020708    -0.430805661    -0.086376945
    -0.854346884     1.402014562    37.331611954
    -0.128258439    -0.483729069     0.008985273
     0.941019842     1.640799546     2.365215444
    -0.120623918    -0.485601012     0.007275312
    -0.113000884    -0.487519203     0.008987932
     2.141556294    -0.620308855     4.528574783
     0.308999434     1.011370889     4.216988961
     2.060118981    -0.969601334     2.045656829
    -0.100979277     0.600930933    -1.717790655
     0.742863676    -0.253715773    -1.487520920
     0.943802008    -0.695089812     1.298414586
     1.766887559    -1.309059822     1.353635666
    -1.471928471     0.690065597    31.635410242
    -1.399577707     0.900699809    33.900352596
     0.084484049    -1.019990244     8.829226738
    -1.275052925     0.921507665    32.771395688
    -1.143452602     0.915025630    31.237097368
     0.600648378    -0.553731691     0.432188389
    -0.105329296    -0.489233869     0.008985273
     1.404066711    -0.466131929     0.582539113
    -1.127294522     0.959758691    32.008045990
    -1.137051313     1.004697988    33.073761207
    -0.810928918     0.900430121    28.185286845
    -0.715500347     0.947543423    28.613450566
     2.241573797     0.090544472     1.913549342
    -0.813410490     1.101152885    32.473721715
    -0.823178940     1.255765571    35.726721174
     0.464790202    -0.903949772     5.706773027
     1.948845620    -0.212267044     4.491222379
     2.045264849    -0.491599818     4.537927584
     1.144813164    -0.763105856    -0.631341936
    -0.943392658     1.616728193    43.678179208
     1.971296353    -0.509319012     2.715424439
     2.014686064    -0.717882828     1.938846241
    -0.967450255     0.943120903     0.092537495
    -0.545623308     1.012119685    -1.831386214
    -0.097631776    -0.490828085     0.008987934
    -0.768434687     1.245648959    -1.290721867
    -0.999704830     1.511473948    42.290451119
    -0.089910162    -0.492301192     0.008990507
    -0.269664724     1.101155888    -0.609795959
    -0.082152272    -0.493568191     0.007276954
    -0.400096482     1.398023668    -0.025745722
     2.101051710    -0.834474998     2.206531881
    -0.074373327    -0.494690088     0.005100675
    -0.066593898    -0.495797265     0.005100675
    -0.058798038    -0.496782111     0.005100675
    -0.050998752    -0.497752549     0.007275311
    -0.043181492    -0.498577508     0.008987930
    -0.035338802    -0.499108848     0.007275311
    -1.909278494     0.423886638    38.707981196
     1.903481729    -1.313114308     3.758331096
    -0.027494777    -0.499602270     0.007273679
    -2.158399654     0.066739957    41.231369734
     1.465797694    -0.138649819    -0.237836797
    -0.727282975     1.270706118    -0.837468638
    -1.982099329     0.602714622    42.265353449
    -0.019647333    -0.500058018     0.008985264
    -0.011788323    -0.500219378     0.007273679
    -1.970943029     1.049100688    47.543567190
    -1.911610153     1.694628597    56.276015307
    -0.003928911    -0.500234184     0.005100675
     0.003928911    -0.500234184     0.005100675
     0.011785763    -0.500110758     0.005100675
     0.019639708    -0.499863938     0.005100675
     0.027488806    -0.499493784     0.005100675
     0.035338802    -0.499108848     0.007275311
     0.043181492    -0.498577508     0.008987930
     0.050998752    -0.497752549     0.007275311
     0.058798038    -0.496782111     0.005100675
    -2.369669004    -0.027809742    46.416225753
     1.239450832     0.162169924     0.252293298
     0.066608362    -0.495904948     0.007273679
     0.074402204    -0.494882159     0.008985264
     0.082152245    -0.493568029     0.007273679
     0.089894769    -0.492216909     0.007276954
     0.097631801    -0.490828211     0.008990507
     0.105311319    -0.489150367     0.007276954
    -2.269789601    -0.180552668    44.354430847
     0.112981530    -0.487435704     0.007273679
     0.120644530    -0.485683988     0.008985264
     0.128236506    -0.483646348     0.007273679
     0.135787982    -0.481467859     0.005100686
     0.143333800    -0.479275597     0.005100696
     0.150844253    -0.476965081     0.005100714
     0.158317491    -0.474536880     0.005100747
     0.165751670    -0.471991594     0.005100802
     0.173182530    -0.469431787     0.007273684
     0.180565556    -0.466733456     0.008985269
     0.187874461    -0.463839799     0.008987932
     0.195137013    -0.460831691     0.008990509
    -1.920700049    -1.244401491    41.075359949
     0.202351317    -0.457709643     0.008987937
     0.209515689    -0.454474659     0.008985278
     0.216591464    -0.451050574     0.007275506
     0.223687772    -0.447669472     0.008987988
     0.230691832    -0.444100582     0.008985445
     0.237639168    -0.440422333     0.008988589
    -1.440471899    -1.423481188    34.604504703
     0.244488470    -0.436559913     0.007289235
     0.251307585    -0.432559599     0.005373259
     0.258096354    -0.428662245     0.007406731
    -1.318202720    -1.279444157    31.306614914
     0.264839839    -0.424630076     0.009121203
     0.271526218    -0.420341058     0.008367045
     0.278148921    -0.416110736     0.010402635
     0.284797921    -0.411730705     0.012741765
     0.291453274    -0.407267414     0.016332697
    -1.373213188    -1.222004057    32.109218622
     0.298210112    -0.402467015     0.018282791
     0.305455105    -0.398960128     0.049438881
     0.312091893    -0.391594671     0.015192774
     0.322004972    -0.383088224     0.008980278
     0.334460878    -0.374351139     0.040093295
     0.339143932    -0.368037097     0.009514467
     0.345292781    -0.362240094     0.009005012
     0.351130963    -0.356590176     0.009094629
     0.356989515    -0.350794127     0.010068181
     0.363153603    -0.346359001     0.036942575
     0.367246215    -0.340046807     0.010139135
    -0.618000608    -2.175342464    37.236037313
    -0.678260680    -1.870170651    32.348710319
    -0.731279152    -1.727204341    30.549740028
    -0.753473752    -1.606766048    28.924448848
    -0.733467676    -1.385809341    25.285374366
     0.372813860    -0.333856462     0.009110634
     0.726705402    -1.399392088     0.137344892
     0.378411620    -0.327384081     0.007630476
    -0.530438411    -1.675253370    27.960453766
    -0.484626012    -1.423892485    23.160348390
    -0.839376257    -1.382929456    27.291494066
     0.384356467    -0.321633657     0.023667378
     0.392413521    -0.314353333     0.056391558
     0.397494364    -0.304599985     0.015774030
     0.030441368    -1.399474994    19.393716604
    -0.192475442    -1.726475218     0.799980656
    -0.032240119    -1.517116834    22.150391217
     0.407570979    -0.291338345     0.019931559
    -0.062529819    -1.414096025    20.338446535
     0.377588551    -1.120862001    -1.079712150
     0.636263911    -1.473936172     1.695860069
     0.321625503    -0.646216497     0.305780757
     0.413105649    -0.285684481     0.045444038
    -0.258607706    -1.510997520    23.615776131
     0.496367645    -1.773926239     7.288134823
     0.251099095    -1.114844327    13.694717136
     0.261289309    -1.642187831     5.787701601
     0.437315253    -1.644483078     5.815548182
     0.351954458    -1.002686510    11.734625437
     0.416578496    -0.277763718     0.013910157
     0.521971437    -0.822816230     9.551787572
     0.423987244    -0.781653489     7.985345295
     0.425502920    -0.266384858     0.040314987
     0.295576587    -0.931836853    10.427543546
     0.225390698    -0.981356734    11.455375703
     0.097940515    -1.096692593    14.193212724
     0.145880556    -1.047770548    13.124716151
     0.216454739    -0.971359310    11.498825688
     0.296532464    -0.889414921     9.897140764
     0.240871732    -0.935280466    10.991157965
     0.431872485    -0.260375145     0.085923356
     0.435450602    -0.253528736     0.077693713
     0.311302946    -0.858523942     9.599313063
     0.376026575    -0.768746664     8.033937381
     0.308806943    -0.798916201     8.531532557
     0.284873031    -0.943254245    11.679200848
     0.162814457    -1.024011624    13.718823817
     0.193594773    -0.934119267    11.795432125
     0.097980579    -1.066210431     7.073385795
     0.189406399    -1.030850899     6.697007106
     0.440446568    -0.237765019     0.010610771
     0.373632799    -0.776379682     8.690521917
     0.366396732    -0.764878672     8.516665148
     0.406131656    -0.696814515     7.353915179
     0.399431628    -0.726319865     8.085904611
     0.446966725    -0.231490931     0.067236642
     0.333386897    -0.874769874    11.146201584
     0.369359340    -0.792918464     9.561698875
     0.479021511    -0.624152329     6.806914128
     0.510432287    -0.357370293     2.643374599
     0.568590695    -0.262920449     2.526083636
    -0.238801500    -1.248927863    15.635005742
     0.429535023    -0.492802409     3.598330460
     0.889780694    -0.177808861    -1.538339820
     0.723342723    -1.748072467     4.965985468
     0.807989058    -1.807948566     3.671679167
     0.452458754    -0.217756241     0.042755436
     0.958468970    -1.597140684     2.548196578
    -0.198314865    -1.285184887    17.929939113
    -0.416761396    -1.069867193    11.263692367
     0.750529090    -1.803282981     4.191955662
     0.879309097    -1.715500412     3.433323904
    -0.355824044    -1.063890586     8.725447959
     0.649616518    -1.795838289     5.131853072
     0.454407557    -0.209118469     0.004444933
     1.160589466    -1.299410703     0.335670099
     0.457717376    -0.202285678     0.008598734
     0.923571624    -1.565011209     3.400598008
     0.842504206    -1.674493622     3.846811654
     0.460835069    -0.195116974     0.008896460
     0.846256115    -1.616857575     4.651752623
     1.047051239    -1.138591220    -0.145576083
     1.193388913    -1.031527480     0.400587532
     1.540774237    -0.966855960     1.464341792
     1.542264668    -0.872887406     1.113155283
    -0.099025024    -1.691245611     3.258532433
     0.197134541    -1.728608354     5.244294311
     1.556842023    -1.194684509     1.745521538
     0.636781580    -1.491785118     4.984139392
    -0.322924529    -1.121238758     7.588703375
     0.776189987    -1.443032465     1.831025507
    -0.221069333    -1.202760545     5.942309223
     0.163339257    -1.004581536    10.692441673
    -0.187228290    -1.104217136     5.414384882
     0.463843588    -0.187869736     0.009022683
     0.080933031    -1.448151504     5.502080070
     0.466736721    -0.180564968     0.009041919
     0.469514372    -0.173212449     0.009030409
     0.472176034    -0.165816272     0.009009322
     0.604552489    -0.184573850     2.671111902
     0.327224450    -0.865064658     8.475151890
     0.094388201    -1.378058714     5.571480113
    -0.037523165    -1.289511132     4.457480281
     0.600442281     0.300250201     0.245864546
     0.543064004    -0.136663879    -0.336392880
     0.480414245     0.293460894     0.415195927
     0.617121483    -0.062549082     0.132103762
    -0.058990607    -1.193311913     3.638999525
     0.936493828     0.192505278    -1.732681588
     1.007641033     0.342686013     0.465001374
     0.051780446    -1.579477975     5.016137178
     0.532862632    -1.855060351     3.778200253
     0.421545731    -1.903672526     4.984517342
    -0.458208419    -2.109637914    -0.304561163
     0.561414178    -1.802372824     5.615582059
     0.306316544    -1.712123227     5.635668947
    -0.113849945    -1.429301516     3.113932494
     0.583284696    -0.256235945     2.739978525
     0.474721013    -0.158378909     0.008982878
     0.658771562    -1.258959093    -0.612597854
     1.063875629    -1.268773344     0.142998677
     0.973248061    -1.732239530     2.946268960
     0.848698628    -1.598829172     4.599706635
     1.268914745    -1.591521934     1.517925016
     1.174252463    -1.549169829     1.746431730
     0.583964101    -0.264239295     2.831608641
    -0.150121357    -1.337383244     7.196317655
    -0.357936774    -1.102409308     6.853965536
     0.725693252    -0.166581459     2.346578869
     0.645583605     0.073603185     0.628594061
     0.874276118     0.132732286    -0.380920473
     0.719815093     0.244803312    -0.868076273
     0.688565498    -0.176070584     2.666451583
     0.935925386    -0.015485280     0.268636300
     0.642827421    -0.071258827     3.148740688
     0.619255075    -0.124240687     2.680678147
     0.748474533     0.612400521     0.984140283
     0.688357323     0.123676208     5.055671269
     0.862697886     0.789958414     1.119605151
     0.706556351     0.220789151     6.419972457
     0.603748544     0.437414198     0.699740976
     1.185880058     0.999501604     1.938629017
     0.993890920     0.874031991     1.649265307
     0.299665179    -1.120005481    -2.060006872
    11.664771549     0.517181772     1.009627811
     0.325876728    -1.516768205     5.023140138
     0.686355252    -1.638691642     8.626398447
     0.268635871    -1.564981577     5.000132156
     0.080021217    -1.221183350     4.442429973
     0.663906325    -1.801651159     7.774823283
     0.528232474    -1.601935540     3.577436276
     0.724128751     0.326136551     8.115515562
     0.719946952     0.430513360     9.568374693
     0.768764144     0.739267926    15.738012967
     0.743994737     0.741813762    15.439174882
     0.735856935     0.802302105    16.442301597
     0.721181344     0.765877877    15.336956330
     0.683782168     0.627219355    12.147571945
     0.670171920     0.640584895    12.169916529
     0.674000140     0.876633752    16.855557938
     0.662998456     0.978931001    18.769570513
     0.647354074     1.055692847    20.150551387
     0.624864202     1.058036454    19.966388704
     0.593280673     0.814212105    14.575318496
     0.579136150     1.290862747    24.414196792
     0.566149890     1.257186561    23.536437899
     0.477150066    -0.150902856     0.008981637
     0.479461270    -0.143389588     0.008978164
     0.481653957    -0.135840960     0.008970514
     0.483727517    -0.128258716     0.008956683
     0.485681644    -0.120644513     0.008939691
     0.487516434    -0.113000256     0.008931150
     0.489231734    -0.105328291     0.008939288
     0.490826663    -0.097630814     0.008956292
     0.492300271    -0.089909509     0.008970039
     0.493652080    -0.082166004     0.008977048
     0.494881884    -0.074402157     0.008979697
     0.495990135    -0.066620103     0.008993520
     0.496974338    -0.058821796     0.008974429
     0.497835514    -0.051010051     0.008949012
     0.498571087    -0.043187802     0.008870891
     0.499176945    -0.035357484     0.008660257
     0.499649050    -0.027516820     0.008232102
     0.499995317    -0.019656662     0.007739545
     0.500240631    -0.011780135     0.007694748
     0.500387680    -0.003911183     0.008167739
     9.386288997    -1.478533317     1.260614341
     9.562824390    -1.652503077     1.254836943
     9.521151170    -1.865665929     1.316250791
     9.355923842    -2.020254054     1.236538458
     9.316151892    -2.070685101     1.131252408
    10.027650644    -0.343534832     0.999820580
     9.487395383    -2.063863193     1.238489842
     9.515637436    -1.967848745     1.269754402
    11.520574918    -0.076935114     0.984646456
    10.880865526     0.710416594     1.010406462
     8.841147040    -1.783979615     1.186529792
    10.783067502     0.851453772     1.026034520
     9.455063761    -1.660225113     1.291827364
     9.264356460    -2.162563077     1.121859066
     9.375617477    -1.560242340     1.272281715
    10.832491605     0.687623563     0.992072923
    10.368322157     0.170513784     1.004223484
     9.752921942    -1.766827746     1.189036363
    11.542011788    -0.135562741     1.010658462
     9.325214725    -1.503626738     1.305261227
    11.526111189    -0.265439526     1.042545679
    11.632832769     0.062292254     0.978314317
     9.604527972    -2.026944947     1.274744573
     9.077792358    -1.528906056     1.222712111
     9.579981294    -1.910140696     1.291293379
     9.720288530    -1.834739698     1.241845407
    10.667433042    -0.586276918     1.011538979
     9.028351060    -1.805325868     1.133714380
     9.521769018    -2.053176153     1.238480415
     9.132694736    -1.970883333     1.143826885
    11.637320955    -0.250421126     1.040403169
     9.677243609    -1.792061537     1.286267767
     9.529831744    -2.100000343     1.238461041
     9.497917544    -2.035472822     1.231450907
     9.165973372    -1.886042811     1.231691023
     9.170550225    -1.389357236     1.143805233
     9.209718299    -1.442850023     1.227268435
     9.549424850    -1.859303795     1.319561012
     9.622606685    -1.943920513     1.258893221
    11.287626137    -0.800935493     1.080413440
    11.506759381    -0.865138878     1.113242623
    11.475222801    -0.820656088     1.086364209
     9.284076251    -1.383904317     1.128866476
     9.248154849    -1.537657960     1.275881327
     9.335000594    -2.116432803     1.069875440
     9.304399265    -2.126058289     1.057848710
     9.710728016    -1.876980157     1.258772475
    11.554869494    -0.513177152     1.053063719
    11.729670089    -0.306856091     1.048237299
     9.444424258    -1.811591324     1.348332702
     9.462074961    -1.866104887     1.307161315
     9.562541090    -1.841202557     1.292947632
     9.278426600    -0.638300631     1.002263607
     9.149557596    -2.109960469     1.065927690
     9.369885890    -0.667492722     0.998773120
    11.450187559    -0.518965953     1.028527123
    11.589862728    -0.031720410     0.990661054
     9.353778806    -0.705627410     1.011651497
     9.332068925    -0.784964097     1.061531627
    11.228486602    -0.493261711     1.035284769
    10.554116561    -0.310635003     1.025460805
     9.383479539    -0.481516279     1.019705546
    11.658011305    -0.190740122     1.006776089
    11.176459323    -0.556938065     1.062156804
    11.464735273    -0.887020652     1.109829898
    11.401402220    -0.547187522     1.046611535
    11.545196444    -0.834777971     1.097178043
     8.816571815    -1.838766943     1.113759449
     9.173884912    -1.708022563     1.350221028
    11.477722276    -0.656412510     1.071242468
     9.382871473    -1.392797866     1.112933400
    10.300105921    -0.751995263     1.158045958
    10.882805079    -0.620884462     1.034571050
    10.815746389    -0.631478870     1.051462924
    10.877229956    -0.682118638     1.099675372
     9.396305896    -1.645012830     1.335320108
     9.291664584    -2.007868735     1.173362793
    10.415111063    -0.654331488     1.032472716
    10.452693767    -0.780244435     1.162228569
     9.376409815    -1.627512396     1.337933425
     8.933058779    -1.759617881     1.140450773
     9.446273562    -1.693570089     1.355254023
     9.563710249    -1.634480657     1.220713226
    10.130406796    -0.540303297     1.022189848
    10.917810525    -0.669769928     1.080538165
     9.477693968    -2.077962999     1.234704802
    10.337015571    -0.807548789     1.172557343
    10.270825374    -0.574909554     1.003946115
    10.403476398    -0.732556790     1.116050367
    10.527542437    -0.737287568     1.087333540
     9.671293645    -1.753890962     1.210690702
    10.029947305    -0.842119460     1.085284111
     9.126098390    -1.347424660     1.130880711
    11.277052076    -0.967094282     1.143495325
     9.491713576    -1.954042633     1.277005904
    10.153316788    -0.436547421     0.957932395
     9.473355468    -1.869400788     1.313901727
     9.243165044    -1.735632828     1.379762605
     9.336187484    -1.195554730     0.973078673
    10.313461566    -0.706143415     1.099472931
    10.432513153    -0.578258603     0.981422986
    10.362158611    -0.655686220     1.052089814
     9.358354469    -0.923381707     1.093148085
     9.569007771    -0.753728272     1.028185832
    10.464811750    -0.718459075     1.069547018
    10.219764759    -0.590688773     1.029734956
    10.792052109    -0.729650781     1.043799569
    10.365258705    -0.493759905     0.947588300
     9.628744438    -1.716737334     1.218178362
     9.469727732    -0.744613617     1.036728727
    10.098948512    -0.898039945     1.078736100
     8.861014346    -1.881828469     1.117678540
     8.906112115    -1.926763690     1.167396056
     9.295694187    -1.021483359     1.043380686
     9.682893703    -0.737923830     1.038437795
     9.305576031    -2.151223250     1.125012242
     9.325686239    -1.754315000     1.363017299
     9.151015942    -1.592476625     1.288683917
     9.442767033    -1.203558385     0.941168503
    10.220156416    -0.345086908     0.954652702
    10.200434330    -0.662879154     1.094631712
     9.116996601    -2.028408232     1.107231247
    10.257134611    -0.704592070     1.110154943
     9.714515943    -1.751031871     1.179240224
    10.241205096    -0.496273452     0.952745308
    10.505367452    -0.811862489     1.148955882
     8.978596913    -1.799861915     1.134455967
     9.698924090    -1.637371584     1.140480971
     9.537542520    -1.490219535     1.088100292
     9.249752942    -1.852263395     1.253517570
     9.635262521    -1.563781999     1.137198217
     9.473451592    -0.894468478     1.018937711
    10.242399600    -0.796367935     1.158562425
    10.399152701    -0.237290131     0.985979340
     9.498260359    -1.331324495     0.988529321
     9.342161061    -1.458352910     1.210352507
     9.446582053    -1.470556264     1.149122491
    10.354285703    -0.608953922     0.984348306
     9.724206350    -1.511808796     1.064569549
     9.420741624    -0.947866318     1.058091609
     9.415271533    -1.291401340     0.997934680
     9.674068242    -1.591183395     1.061520295
     9.625638904    -1.496270941     1.068075530
     9.498949922    -0.843467172     1.070672518
    10.610290832    -0.511752583     0.979084188
     9.702527041    -1.512891785     1.070587687
    10.064084204    -0.914476132     1.096812037
     9.336949367    -1.378246044     1.120024209
     9.411842487    -1.346150423     1.060493741
     9.139887842    -1.307889902     1.113360469
     9.491046980    -0.947552047     1.026600125
     9.675925802    -1.875812438     1.247152618
     9.045739747    -1.539911297     1.226930317
     9.499567677    -0.990789928     1.035388012
     9.108501249    -1.816815519     1.173570629
     9.306562753    -1.481449545     1.257496259
     9.617722625    -0.872086008     1.066504251
     9.375673503    -0.960570811     1.057559977
     9.722103673    -1.887539911     1.241370367
     9.656527234    -1.611110828     1.099346368
     9.602874974    -1.385591656     0.986430461
     9.493705516    -1.451374044     1.093050696
     9.400152082    -1.393729099     1.109824827
     9.325229799    -1.313292366     1.055057652
     8.946189630    -1.868371507     1.135548213
     9.384321109    -1.452368709     1.178600352
     9.358762880    -1.288373843     1.005519325
     9.577264332    -1.446042854     1.047965259
     9.271039476    -1.314857622     1.081823559
     9.046287086    -1.770369342     1.131519355
    10.286736876    -0.309210352     0.960473301
     9.364825488    -1.597720060     1.315820325
    10.155368183    -0.488837032     0.969695088
     9.351770224    -1.339692284     1.069463037
     9.516283325    -1.396272861     1.044878334
     9.551260450    -1.625499661     1.222986441
     9.599631201    -0.816158715     1.050035227
     9.454265325    -1.265451940     0.965272708
     9.614991680    -1.792678456     1.278345056
     9.628892337    -1.980546581     1.277950774
     9.690023647    -1.925449139     1.265737939
     9.266930835    -1.277981807     1.023021648
     9.404252159    -1.238705820     0.956259303
     9.190939766    -1.416072593     1.185899643
     9.321014864    -1.422287502     1.172468851
     9.255003387    -2.102711639     1.071002797
     9.583026778    -1.844151027     1.303412005
     9.349932086    -2.110457209     1.117220206
     9.528033763    -1.788487556     1.315472781
     9.466520952    -1.337977318     1.005132237
     9.262728343    -1.407658052     1.178856186
     9.615182178    -1.959203203     1.268216491
     9.464438276    -1.368641874     1.077586916
     9.239297356    -2.040108528     1.157127809
    11.270469521    -0.993639128     1.148677991
     9.607984475    -1.629163440     1.174047020
     9.435898443    -1.531291105     1.217037965
     9.213907021    -1.557746585     1.275209867
     9.482118471    -1.630029107     1.278100046
     9.137025799    -1.897618692     1.181096294
     9.629738831    -2.034000544     1.271660493
     9.538452311    -1.336542329     0.983453503
     9.586395421    -1.517369731     1.128744526
     9.311930385    -1.248180738     0.984655318
    11.397837096    -0.438902540     1.028092244
     9.496211442    -1.534084991     1.186639600
     9.424255949    -1.581449758     1.285004734
     9.288571765    -1.342874627     1.110969873
     9.484085134    -1.264838024     0.958681318
     9.661394610    -1.638308684     1.203117160
    11.716196014     0.096022686     0.989728486
     9.357292823    -0.985566943     1.045818437
     9.644631367    -1.593453158     1.102713675
    10.569404696    -0.350478635     0.978745440
     9.299579504    -0.793162611     1.070340566
     9.404975454    -1.430787082     1.115796471
     9.341553728    -2.024703322     1.208180791
     9.756988699    -1.849387885     1.231328568
     9.417809110    -1.508208226     1.222221888
     9.375210172    -1.416477670     1.119261139
     9.544151254    -1.471598437     1.067956926
     9.127306248    -2.069826702     1.036310458
     9.490007971    -1.254043622     0.938353705
     9.471707384    -1.750291638     1.367113127
     9.506372436    -1.597652784     1.243838911
     9.339099919    -1.618993497     1.341664418
     9.525711286    -1.529534290     1.168421797
    10.669579516    -0.328121600     1.011166319
     9.619467597    -1.420697759     1.033521210
     9.535916052    -1.609379170     1.231644688
     9.375108084    -1.044394934     1.025939972
     9.490861879    -1.753649019     1.355178095
     8.803075887    -1.902761857     1.145573913
     9.669421456    -1.921697503     1.266580695
     9.304730085    -1.285400881     1.024758422
     9.335937701    -1.486469120     1.275519834
     9.747724237    -0.784873365     1.052629900
     9.657666863    -1.859476740     1.241233979
     8.917464625    -1.798939679     1.149067205
     8.980004211    -1.517971584     1.198816737
     9.258800128    -2.057577104     1.154901815
     9.606186220    -1.667618988     1.248701189
     9.513027833    -1.675191159     1.285490752
     9.263727705    -1.791905506     1.407050603
     9.146303761    -1.758613072     1.295907266
    10.511649848    -0.769069651     1.148699321
     9.552035001    -1.527462902     1.164316366
     9.301695657    -1.434325969     1.204513859
     9.567217593    -1.782513459     1.280161527
     9.238298452    -1.351973713     1.117914681
     9.564830616    -0.897276002     1.055940178
     9.302629311    -1.171881867     0.997441907
     9.501932871    -1.712699689     1.333951037
     9.309791539    -2.112346615     1.078112575
     9.465626436    -1.226702224     0.954669214
     9.432323574    -0.993030979     1.063229797
     9.606887997    -2.044196598     1.260174420
     9.607878556    -0.774548551     1.032417775
     9.545169112    -1.584772164     1.211182383
     9.449727400    -1.557945975     1.235718534
     9.995040084    -0.858490133     1.086319602
     9.496331498    -2.117631784     1.224904546
     9.601043620    -1.855859257     1.309297070
     9.221743288    -1.998160330     1.170312326
    11.409157628    -0.937761432     1.104499038
     9.247609053    -1.469155505     1.248765274
     9.268163839    -0.650148135     1.036190597
    10.444313372    -0.238233925     0.992722706
     9.004653775    -1.488749672     1.189379392
    10.810950993    -0.720046482     1.059512094
     9.380180149    -1.684779149     1.346647454
     9.301495687    -0.633356238     1.005606238
     8.878475613    -1.794926091     1.166526130
    10.091019174    -0.847990479     1.082577442
     9.099501999    -1.778816828     1.198136267
     9.272231168    -1.680228229     1.317306431
     9.271550915    -1.494614370     1.275340677
    11.165360715    -0.691866156     1.072976078
     9.205696465    -1.760552594     1.351014430
     9.611435655    -1.881857987     1.283512644
    10.198878623    -0.894407752     1.121175882
     9.183389059    -2.067799178     1.060322264
     9.193284555    -1.931019275     1.181269569
    10.619214459    -0.381579578     0.976993723
     9.362603683    -1.878549363     1.294353827
     9.032357033    -1.738657085     1.160624266
     9.250069103    -1.816028293     1.334916407
     9.173740714    -1.996075527     1.145105597
     9.347463587    -1.537701957     1.284532924
     9.469547234    -0.860544148     1.041533420
    10.150191991    -0.729290063     1.119296488
    10.192733563    -0.864043041     1.162906354
     9.166696786    -1.229722833     1.083453868
     9.313348031    -0.611791834     1.051162597
     9.458820522    -2.136273557     1.198553223
     9.319071804    -0.657477078     0.995513548
    10.218145368    -0.270718387     0.967705776
     9.211161542    -1.118817205     1.058653400
     9.305956144    -0.680344295     1.014390541
     9.362344071    -0.719367926     1.019178055
     9.228839443    -2.076694566     1.089348892
     8.848049892    -1.822455001     1.138960166
     9.033177202    -1.706297031     1.242370450
     9.403277397    -0.504760392     1.002173882
     9.289920441    -1.903334920     1.256146113
     9.325517203    -0.491781649     1.023882909
     9.331123655    -0.743063665     1.039119512
     8.869624460    -1.754871768     1.181923839
     9.345031552    -1.854586873     1.352883167
     8.811499594    -1.953974012     1.157573162
     9.280657555    -0.973468510     1.048909365
     9.055353886    -1.701193710     1.314162992
     9.224996694    -2.106722496     1.022857281
     9.283195729    -1.639626548     1.343546413
     9.328533935    -2.039421970     1.138211545
     9.105272687    -1.739002149     1.287421522
     9.320582848    -1.941534548     1.199898422
     9.173794375    -1.818136219     1.238145464
     9.260001851    -1.911170073     1.193226898
     8.939227604    -1.715125559     1.181617188
     9.245378747    -2.008172744     1.179620353
     9.199017980    -1.841836166     1.213953353
     9.160317189    -2.052532952     1.070390640
     9.356636454    -0.947901923     1.068324611
     9.395179102    -1.583774274     1.296242757
     9.405981916    -0.650276412     1.001246540
