    10.746992953     0.727042488     1.044308533
     9.858868180    -1.571959568     1.131693117
     9.335448495    -2.022315668     1.092088781
     8.935999381    -1.311330092     1.183130395
     9.473051992    -1.843954274     1.262816357
    10.367756595     0.225149932     1.032664889
     9.439245498    -0.952249298     1.104037833
    10.278226386     0.457305931     1.045683738
     9.739502353    -0.140164860     1.066769010
     9.376853722    -1.825978207     1.271719340
    10.308142430     0.170710389     1.039057568
    10.164882034    -0.057041401     1.046402027
     9.826675364    -2.073767397     1.261547475
     9.604654059    -0.708336508     1.074257239
     9.554032644    -0.526238401     1.069838983
     8.960394392    -1.269576990     1.177323531
     9.769281417    -1.921211816     1.314807612
     9.052471929    -1.771709224     1.215604353
     9.974964057    -0.111216716     1.059384590
     1.448623513     0.055946512     0.753755467
     9.348444727    -2.094259529     1.133994966
     9.585021652    -0.778713075     1.122081826
     8.912547784    -1.240317473     1.184505989
     9.044752450    -1.314221242     1.191258228
     9.131760549    -1.337774634     1.198562937
     9.161082050    -1.436418154     1.212216228
     9.491786061    -1.622619051     1.375406198
     9.427442917    -1.703250021     1.382564122
     9.362663647    -1.547237954     1.291413105
     8.908878321    -1.172005287     1.176664020
     8.942950856    -1.257644505     1.180614178
     9.140142253    -1.395976586     1.208660315
     7.936784619    -1.111445463     1.225075112
     8.255481909    -1.091167467     1.204220294
     8.900497888    -1.139381891     1.184629386
     1.424337393    -1.212091057     0.562932924
     0.117702679    -1.257750410    15.571523694
     4.885287146    -0.509718539     1.738688559
     0.756993619     0.306422338     3.093942245
     0.330852994     1.763280969    33.958012998
     1.748333801    -1.040820252     1.189477081
     3.134521431     0.123787940     1.490342308
     1.104949191     1.244497021     1.961814020
     0.804182247    -1.598846083    -3.169335821
     1.275506864     1.647475441     4.957932413
     0.814497100    -2.025269435     0.758311592
     0.439590512     2.059440207    39.797226999
     0.967050430    -1.818078326    -0.732929640
    -0.016867534    -1.034184181    -2.998671012
     3.380860874    -0.273473571     2.091412904
     1.296254188    -1.274330759     1.128996773
     0.808295232     0.384479088    -1.557634054
     1.240195996    -0.598159439     1.632922204
     0.945184864    -0.549976482     0.840602756
     0.566875014     0.127616045     1.586853530
     1.471921647    -1.727114575    -0.841208973
    -0.176891393    -1.262641962     2.294694529
     0.959453936    -0.183322770     0.844794302
     0.856240328     0.591328715    -1.002942501
     1.079797974     0.658900966    -1.940364932
     0.890812502    -0.371498547     3.102708423
     2.481246966    -0.509846417     8.338246375
     0.580723010     0.654324929     1.720039120
     1.624538093    -1.627251281     0.363764458
     1.303856778    -1.326052925     2.643626649
     3.183910433    -1.016406901     4.699708637
     3.516711026    -0.436682081     3.123762217
     0.673074073    -1.224235397    -1.178061821
     3.287226886    -0.490478719     3.341056849
     2.854577383    -1.017142809     5.968134332
     0.500428401     0.003930433     0.008985144
     0.915585742    -1.389514180    -2.474061045
     0.686999407     1.008529061     1.614578887
     0.980416044     0.398491842     1.403178095
     0.988636585    -1.514408604    -2.089120085
     2.080123498    -0.731747417     4.532732898
     1.805237939    -1.150845393     2.392874811
     0.221815533    -1.216137926    -0.503645095
     0.835788679    -1.104566885    -0.100119443
     0.715505783    -0.304341696     0.540201277
     0.531823976     1.114713236     3.343452503
     2.363509023     0.423817610     1.558815288
     0.826683874     0.989720216     1.659937393
     0.670034457    -1.048606015     0.350406054
     1.197434921    -2.159722363     0.464138907
     1.326346769     0.975187748    -0.132487460
     0.462188571     1.365728323    25.257961897
     1.137480302    -0.916835889     0.589109667
     3.435288440    -0.145116012     1.539785466
     0.560070524     1.737625862     5.120533839
     0.533911071     1.066365403     2.762953444
     0.877657236     1.642802037     6.868183402
     3.084081313    -1.123966603     5.339239942
     3.958116333    -0.234103284     1.985258385
     0.651690049    -1.328127922    -3.776069279
     0.447206666     1.275857471    23.214077223
     0.500304922     0.011790332     0.008985016
     0.849960218     1.774993644     2.309808545
     3.755958281    -0.600973211     2.777022221
    -0.146145217    -1.211123665     2.076790774
     1.144257550    -0.853620531     0.822330436
     2.871744854    -0.925839551     6.446744454
     3.929791650    -0.883919778     2.838952649
     0.500057991     0.019647318     0.008984719
     0.565271529    -0.952800272     0.277981016
     0.645301839     0.887398903     2.360906776
     3.449657950    -0.324367139     2.161373660
     0.499687656     0.027499452     0.008983952
     0.431444420     1.262363882    22.782511633
     1.486656244     1.470236532     2.667532444
     0.499193989     0.035344795     0.008982347
     0.413425416     1.349601328    24.482352502
     1.444115888    -1.320403866     2.500801397
     1.271959667     0.387646010     0.066236586
     0.538468907     0.780176014     2.677209904
     2.890365513    -0.071629405     1.631971832
     3.017442932     0.324078512     4.071329694
     2.968517043    -0.521252405     5.414423626
     1.738433248    -0.764196416     4.565971008
     0.498577401     0.043181441     0.008985724
     0.528858895     0.311467952     3.175530609
     3.371150490    -0.580787350     3.573400285
     0.557058709     0.230728313     2.423181646
     1.476917824    -0.832538160     0.733873461
     0.920673390    -1.806658247    -0.161811577
     0.418521014    -0.673819371     2.698842339
     0.497837661     0.051007435     0.008986380
     0.582050905     0.342713844     4.283285566
     1.256639370    -0.818859242     0.864481074
     2.818361733    -1.828967277     3.249493045
     2.813276110     0.044428587     2.266963915
     0.496974887     0.058820837     0.008983075
     0.865023523     1.613245143     4.601048825
     0.495989775     0.066619767     0.008985491
     0.576631044    -1.109687553     0.194896446
     3.405505213    -0.782910722     3.997762751
     1.285503110    -0.355189748     0.818266819
     3.723111636    -0.837071041     3.353359209
     0.618206467     0.724989299     3.455430223
     0.405933346     0.673307870     0.001102338
     1.703116957    -1.654520354     8.095345333
     0.567651840     1.275449236    22.537360789
     1.543989562    -0.683082074     2.116591013
     0.695281661    -1.115883421     0.077833152
     1.380633414    -1.568984361     2.318780816
     2.196544035    -0.530779818     5.638521138
     3.417258304    -0.369511364     2.528286794
     0.494881868     0.074402195     0.008979495
     0.541906588    -0.952295412     0.275408474
     0.493567294     0.082152392     0.007259643
     1.211121016    -1.034133881     1.615108816
     1.365766143    -0.921317413     1.416481787
     3.644213214    -0.815632264     3.293699653
     3.307759894    -0.340960778     2.404682358
     0.608931383     0.513559393     1.317343624
     0.846569117    -1.195346727    -1.958562708
     0.226686324    -1.652124420     2.428733841
     3.554580815    -0.261582766     2.176294982
     0.658919807    -0.919413621     2.679131480
     0.490784205     0.245332488     1.888836040
     2.109552860    -0.709351787     2.755903754
     0.137759492     0.677703317    10.107889387
     2.572879104     0.178336715     1.911103930
     0.492300832     0.089910134     0.008983316
     0.470864668    -0.772446037     2.447315013
     0.288679511     0.485000527     4.589502914
     1.043320719    -1.167791055    -0.033542141
     2.428504150    -0.556463305     8.344135139
     3.284727422    -0.661210780     4.021312056
     1.918417160    -0.847070188     4.126528208
     3.012003519    -0.085115639     1.993549446
     0.490827900     0.097631766     0.008984277
     1.766415344    -1.714548141     2.320993384
     0.552844300    -0.639293351     3.762620911
     1.790789417    -0.504242000     1.626357859
     0.498337070    -0.399405680     2.809354976
     3.053982123    -1.350029006     5.307848670
     2.615231847    -0.669225197     5.965639043
     0.651504376     0.139083937     3.986983508
     2.627482821    -0.671075181     6.306795706
     3.111576325    -0.264950638     2.793255545
     0.489233843     0.105329306     0.008984810
     0.386463294    -1.333829771     0.181714164
     4.086167116    -0.255408043     2.070390097
     3.852398607    -0.259248131     2.086883296
     0.487519060     0.113000858     0.008985046
     3.169484811    -0.845534916     4.958303867
     0.763165096    -2.439300001     0.527477351
     2.872383583     0.360444021     1.749585031
     3.060036220    -0.398752547     4.062344601
     0.451380650     0.227962180     0.290037963
     3.717635334    -0.335756835     2.435675156
     1.102965075    -1.545675236    -0.891214736
    -0.006343679    -1.510814888     3.342877808
     0.354679868    -1.761883511     2.486358151
     1.311116501    -1.118165100     0.066034254
     1.455921897    -1.844849066    -0.497286395
     0.561667769    -1.910771537     2.965425211
     1.521008832    -1.562651435     5.646403033
     0.017077151    -1.537929595     3.917882028
     0.405228573     0.454011773     3.646157511
     1.379882356    -1.216298652     2.024584720
     2.799680146     0.308788248     1.710530133
    -0.116458328    -1.465677517     2.740846278
     0.590198830    -0.478520359     4.038402807
     0.485683982     0.120644528     0.008985141
     0.841723096     1.965448750    40.224640954
     0.617892131     0.835093102     4.559135977
     0.460697408     0.428065400     3.532113754
     2.165354432    -0.366114724     7.937167928
     0.577300451     0.539203501     6.698081506
     3.014959258     0.188987155     3.972042277
     4.071123882     0.826967040     0.737549916
     2.891410910     0.417403156     1.533291712
     0.859761515    -1.421237830    -3.023936975
     0.438358638    -0.879178506     4.035085562
     1.406826065    -1.597900211    -1.040759793
     0.423602651    -0.727336692     2.671475138
     0.921888287     1.266308250     3.453689565
     1.764079558    -0.691519975     4.056527412
     1.860893469    -0.703698833     5.015071747
     2.134366879    -1.065238281     2.503540675
     0.517690717    -0.341812954     2.684320477
     0.290700821    -1.111284722     0.668329129
     2.680777546    -0.979638727     4.300170858
     0.483729064     0.128258423     0.008985084
     0.673512368    -0.836651933     1.315879836
     0.554641910    -0.687516538     0.696366234
    -0.046833089     0.657958617    10.402539664
     0.764228453    -1.211874346    -1.614335483
     0.481654807     0.135840652     0.008985194
     4.434240991     0.141218689     2.465424224
     5.235209807    -0.233461109     1.502131735
     2.807717478    -0.323050669     4.269239470
     3.455336753     0.547220348     1.415760347
     4.474404500    -0.276719797     1.797132418
     0.492372235    -1.421255120    -0.429578490
     0.494382003    -1.789590330     1.833301938
     0.479461738     0.143389281     0.008985363
     0.430372711    -0.938556075     3.588992983
     3.200897631    -0.929930884     4.290975033
     0.159160744    -1.213799966    -0.282326169
    -0.742797440    -1.117981177    -0.337910647
     0.287123231    -1.157435806     1.127103955
     0.477150462     0.150902250     0.008985531
     3.842014904    -0.533700693     2.655255626
     0.950196004    -0.704036910     0.544012905
     0.478456808    -1.323518421    -0.468740894
     0.290219759    -1.009339276     9.758748135
     1.078380277     0.076086073    11.375770183
     0.474721786     0.158377030     0.008985645
     0.795221008    -1.496108389    -0.654548975
     2.669021902    -0.644015635     6.384220884
     0.386611715    -0.892135113     9.760308499
     0.509139352    -0.106449818     2.559944200
     2.785459011     0.139208333     2.535348981
     2.943152012     0.327109877     2.709371332
     0.472100980     0.165768530     0.007276679
     0.322045019    -0.936159333     8.660569405
     0.574010579    -0.066089593     1.315749478
     0.469519693     0.173189971     0.008974676
     0.268945098    -1.466487089     4.579044333
     0.466759418     0.180490994     0.008931729
     0.644857567    -0.346960833     9.011736109
     2.806593098    -0.585409768     6.080785587
     1.066761274    -1.320517079     2.623416917
     0.463923035     0.187629188     0.008691967
     4.136526104     0.635808650     0.999544542
     2.166261332    -0.544598122     4.951255326
     4.579963961     0.161022175     2.364691453
     1.069526750    -1.061186120     2.071423143
     1.200637495    -1.174356996     1.309462189
    -0.073271777    -1.186788727     1.605182850
     2.915262472    -0.133266478     2.621301820
     2.992560257    -0.385512239     3.905769707
     2.887979225    -0.479026950     5.247221451
     0.458057613     0.201705666     0.010153110
     0.093016889    -1.073436485     2.633868473
     0.309644488    -0.929517771     5.019982121
    -0.114300487    -1.245356624     2.862738414
     0.586060872    -0.661723849     1.587880762
     0.914002461    -1.057266373     3.201461864
    -0.074411945    -1.625011562     3.528863365
     0.597522871     0.341059319     3.476051038
     0.674678680    -0.438928629     0.797619671
     1.552379232    -1.410252921     4.784411478
     0.757689484    -0.594520618     3.986698061
     0.415617087    -1.198749242     0.533018685
     0.454554216     0.209224993     0.007999742
     4.270882667     0.539978477     1.436577593
     0.794662693    -0.650643954     0.991234089
     2.838961766    -0.573391891     6.035322484
     0.670456749    -0.378056919    10.056431056
     0.451105672     0.216468011     0.007200817
     0.899632056    -1.721138320     5.570630283
     0.399041359    -0.800492967     8.246917387
     0.470538857    -1.227340429     0.195370938
     0.722949196    -0.444349599    12.094161126
     3.155449196    -0.767434094     4.568552515
     0.713457633    -0.393970688    11.153786591
     1.169075406    -0.727889490     0.399692431
     5.419141614    -1.090667967     1.562543002
     0.694026665    -0.344649375    10.114964823
     4.828830125     0.115725264     1.632874850
     3.739188502     0.653672626     0.952585787
     0.268907137    -1.411649818     0.147313547
     0.616426483     0.602180511     2.279916715
     0.886088082    -1.191427928    -0.077254928
     0.444109148     0.230692044     0.009139437
     3.465866557     0.311452732     0.933710837
     0.543351473     0.589623564     2.148675219
     0.821795458     0.361647238     0.973987116
     0.259789692    -1.364861095     2.656201412
     2.497796177    -0.818969416     6.130615835
     1.095334064    -0.272259935     0.566661814
     5.331258456    -1.393840303     1.755744388
     0.700041996    -0.319327465     9.862396439
     0.191631771    -1.386449823     3.352572927
     0.440424093     0.237643775     0.009063325
     0.264246497    -1.375791505     1.616149940
     0.675399006    -1.636133063     0.603740833
     0.535835457     0.948496751    -0.633523658
     0.879340954     0.563775638     0.192248944
     3.921630964     0.589990251     1.294695708
     0.383816370    -1.125429895     1.646910184
     0.605675513    -1.202149693    -1.028953070
     0.692426246    -0.281947218     9.214345489
     0.428757194    -1.044383363     1.168138603
     0.629184590    -1.907577238     3.093363777
     2.546259114    -0.854714810     6.519450918
     0.850937512     0.758211199    -0.031965079
     1.663464832    -0.681436072     3.483062610
     0.962709603    -1.404018138    -3.295619452
     2.872750167    -0.827019994     6.266951494
     0.436634659     0.244544444     0.009140554
     1.345257387    -1.621954806    -0.110979305
     0.917688892    -0.571610405    17.499983054
     1.650267880    -1.843879828     1.960798267
     0.673204094     1.212840024     3.483882337
     0.432739384     0.251407436     0.009485542
     0.766976902    -1.700648860    -1.273058026
     0.488238180     0.517714078     3.516297176
     0.537801380    -0.857224418     1.858419188
     0.450788311     0.985793761     0.666875169
     0.434635950     0.950294867     4.445679167
     0.865341901    -0.437983168    14.621220851
     0.827735166     0.866118406     0.714772082
     0.871274419    -0.569833015     1.083562680
     0.715274308    -0.704010802     1.159229919
     1.325097667     0.121392016     0.844064709
     2.269071180     0.409283348     6.321990071
     0.775457655    -0.914461869     2.201503439
     0.956360438    -0.537677291    17.696443186
     0.959655168    -0.065155972     1.011367378
     0.831627939     1.460392650     5.623155044
     3.063539975     0.276188737     2.412016590
     2.349611867     0.688343022    -0.712028064
    -0.014961176     0.613624032     2.093234685
     0.339124311    -1.390803469     0.707501060
     4.581698627     0.221004030     1.782663129
     0.428750422     0.258268996     0.010699086
     0.590392403    -0.374041906     2.695062452
     0.075584129     0.765824528     4.838068505
     0.620956482    -0.444188060     2.334676579
     0.671726064    -0.527142374     2.088594948
     5.518619470     0.233993099     1.377004201
     0.424725618     0.265186880     0.014418154
    -0.038498042     0.624012220     2.004244924
     1.002924623    -0.576222097    19.115075668
     0.836709002    -0.535669710     1.981933660
     0.431848904    -0.791784023     5.089508146
     5.749987086    -0.541905153     1.422737873
     0.420802959     0.272126425     0.022643921
     0.991719000    -0.528025953    18.301260092
     0.830932820    -0.716193463     0.931213712
     0.416951635     0.278713286     0.030657184
     0.799619287     0.067552218     1.301002816
     0.936820940     0.861237308     0.052286459
     1.934467847     0.401525037    -0.872189634
     4.507098135     0.045202779     1.891801834
     0.511179738    -0.514345704     5.523797400
     1.968536536     0.754765473    -0.773494665
     0.303858904     0.533364418     1.881959593
     0.175515353    -1.010042064     5.617881453
     2.967229946    -0.102190762     2.254514014
     5.253412124    -1.656877631     1.766309214
     0.904822733     0.195373353     1.330072876
     0.579947255    -1.995301304     3.471989190
     1.992681206     0.543001898    -0.471473416
     1.632591076     2.006454081     2.195123597
     0.245347402     0.811027545     2.922740875
     0.407689202     0.290949698     0.017339820
     0.845000958    -0.309542136    12.749034732
     1.261876217     1.006356799     0.419404496
     1.179924359    -1.251344635     1.361611838
     3.945451282     0.280254042     2.251866219
     0.805818452    -0.235399441    11.111445305
     0.630412052     0.643419954     3.754596445
     0.644274628    -0.026667675     5.509255035
     0.502066906    -1.840296564     2.771680014
     1.013568850    -0.434094486    17.685817516
     1.050624644     0.330875901     0.284563154
     0.738974509    -1.353134487    -2.963849984
     0.537298975    -0.385333506     2.508223066
     3.990366682     0.357789445     2.236294833
     0.752966634     0.841514697     1.442004612
     4.901473211     0.291355501     1.312931430
     3.358560136     0.749621819     0.588987496
     0.608701938    -1.722062966     0.074476811
     0.840783550     1.587911470     4.852701200
     0.635007164     0.020953205     5.036060225
     0.324866031    -1.639766102     2.307868608
     0.402762607     0.297274481     0.011898740
     1.243607321     0.054493544     0.648651391
     0.233415436     0.788302504     5.407846631
     1.036631630    -1.020102999     2.057098284
     0.247602189     0.778296867     1.589083875
     0.261941620     0.851776733     2.928963380
     0.687568500    -0.026577707     6.790580785
     1.305504115     1.225267231     1.432216786
     0.397904740     0.303584844     0.009942463
     0.334034136     0.476652863     1.547840100
     2.824540129    -0.050420616     1.890369350
     0.393036966     0.309813553     0.009354047
     0.388105285     0.315955399     0.009174846
     0.930212515     1.286017714     5.439678367
     0.120146277    -1.166331118    13.363127258
     0.503585506    -0.658706714     6.099370411
     0.045434739     0.752686793    -0.403421184
     0.383088075     0.322013922     0.009093171
     0.717749231    -0.008789534     7.659308396
     0.685963853     0.031779500     6.720575813
     0.907518449    -1.622865853    -1.663635817
     1.783758247     0.173493706     0.198481173
     0.248898384     0.717414450     3.910257228
     0.377980359     0.327992291     0.009066300
     0.394803427     0.582637784     2.937617272
     3.122983848    -0.612225669     4.332264165
     0.680989497     0.053760114     6.530416565
     0.862995510    -0.558275877     0.193547030
     0.372781131     0.333890473     0.009076802
     0.667618866     0.072683374     6.199812531
     0.553945275     0.168825563     3.274633566
     0.367492593     0.339709931     0.009177170
     4.780826440     0.543326591     1.285881056
     0.531606446     0.184379667     2.824738178
     0.547991699     0.141027615     2.752958845
     1.384149135    -0.668644777    -0.104981782
     0.476177457     0.643326960     1.818698219
     0.362101793     0.345441800     0.009059332
     2.045827274    -0.611609159     6.417711294
     2.905688487    -0.890360466     6.274946211
     3.587001477     0.261709937     1.894492803
    -0.010753714    -1.110378605     1.191535795
     0.416993087     0.454482277     1.846788216
     3.243994373     0.220936370     0.868411198
    -0.006355272     0.607905996     1.599019406
     0.184432842     0.706639141     3.574504222
     0.356544005     0.351086666     0.007815045
     0.615021972     0.116107635     5.074904866
     2.454062824    -0.577971946     9.230583090
     0.350850601     0.356854633     0.008933987
     0.074596507     0.906936288     2.722204900
     0.345338342     0.362464090     0.012877992
     0.409113498     0.874378772     1.067623160
     0.561725478     0.164069884     3.738726488
     0.339852389     0.368060610     0.019456442
     3.250416063     0.272597137    -0.079370952
     0.620184169     0.167232536     5.109313262
     0.334423212     0.373348515     0.024638307
     0.328508727     0.378164865     0.018625686
     0.322240772     0.383119912     0.012500843
     0.315981678     0.388192660     0.010861915
     3.657617251     0.291497407     2.190912860
     0.665512094     0.139603252     6.341341697
     0.775099260     0.070005614     9.278400359
     2.993189113     0.211489946     3.748929656
     3.207589539     0.279670793     1.004893014
     0.309700937     0.393373209     0.013244890
     0.303482121     0.398894692     0.024457490
     0.480054614     0.457454117    -0.590172163
     0.699730953     0.127498090     7.376458226
     0.731365850    -0.991860052     1.398600969
     0.298075665     0.404455702     0.048666480
    -0.157638021    -1.583603385     4.032169639
     3.738929349     0.032443176     1.712032882
     1.053108541    -1.533609025    -1.106416652
    -0.154340945    -1.332935405     1.803576448
     2.404565450     0.004744685     2.632546441
     0.285393831     0.411778217     0.020315354
     4.386959452     0.264942177     2.041775936
     0.671448402     0.154091559     6.716118113
     5.322329020    -1.669358681     1.766754039
     0.637272890     0.182600447     5.933559832
    -0.232918209    -1.562089686     3.855726727
     0.278328635     0.416077058     0.011841860
     0.271518097     0.420422957     0.009654704
     0.264711834     0.424710542     0.009132709
     0.257645173     0.429037019     0.009186603
     0.249700343     0.433816142     0.011114162
     0.239135576     0.439632797     0.009417693
     3.488158892     0.270179498     1.494061791
     1.170478666     0.973629177     1.515986784
     0.231047677     0.444272395     0.015317775
    -0.059027871    -1.709863373     3.384140101
     2.888886095     0.580772302     0.175996130
     0.223089132     0.448711744     0.022323551
     3.725202419    -0.591034661     2.769799192
     0.441032673     0.310228946     1.900396136
     0.530332471     0.493888305     0.574339391
     0.877840921     1.465998762     5.470262096
     0.394907614     0.330800873     1.130919348
     0.209684379     0.454399505     0.009034093
     0.202401203     0.457691445     0.009058589
     0.988556159    -2.063036763     0.518555547
     0.195151746     0.460825829     0.008997447
     0.187878745     0.463837838     0.008983748
     0.619311976     0.233364539     6.112091671
     1.135613273     0.024303246     1.950245626
    -0.167546831     0.808053163     5.716502357
    -0.382597552     0.707374306     1.861172868
    -0.428827087     0.817966839     0.912686943
     0.180566839     0.466732946     0.008985019
    -0.641689400     0.588287217    -4.811358788
     0.173212506     0.469511972     0.008985764
     0.167963818    -1.384785652     0.297138823
     0.165816035     0.472174936     0.008987034
    -0.750289500     0.858110595    -0.835504911
    -0.762885210     0.907704897    -2.281704069
    -0.908633441     0.893242924    -4.348079907
    -1.164219830     0.875041819    -4.264494767
     0.585975003     0.244107713     5.440246163
     1.762691530    -1.620831721     2.472174345
    -1.160054203     1.172186494    -0.005650783
    -1.364457866     1.253239703     0.911233710
     3.190562266     0.223923993     1.220838049
     0.158351042     0.474641652     0.007300835
    -0.677548289     0.193991189     3.356305895
     0.150902381     0.477151153     0.008999506
     0.143388675     0.479463750     0.009020439
     0.567567561     0.345697802     1.474831672
    -1.246190639     1.172931239    -0.668575567
     0.698663982     0.186615581     8.439046408
     0.884162290     0.098067167    13.173356400
     0.456441593     0.486792042     3.077424087
     0.135839715     0.481658996     0.009060758
     0.128257867     0.483736181     0.009119827
     2.484332348     0.430051243     0.814667895
     1.063277779    -0.007150538    17.865025820
     3.001383352     0.076253761     2.298792872
     1.386210529     1.292848955     2.104404934
     2.708232902    -0.077968620     2.979089998
    -0.150281241     0.877844461     3.464192351
     2.363449871    -0.380528933     7.670873970
     2.494885292     0.573157857    -0.045536456
     0.120645378     0.485693578     0.009175483
     0.401406872     0.828149809     3.778651757
     0.586900321     0.589819781     0.869910339
     0.376101593     0.652746097    -0.298663510
     3.099726792     0.090057431     1.272221489
     0.113003537     0.487529037     0.009191517
    -1.515051004     1.190093929    -3.105473854
     0.679354640    -0.901231927     1.769045152
    -1.009247486     1.163804193    -3.825387364
     1.024051254    -0.140269703    18.668187551
     0.105332870     0.489241849     0.009156335
     0.139712945    -1.410428234    -0.251597338
     0.258679772    -1.475019314     0.570808942
     0.097634623     0.490833224     0.009099853
     1.497395207     0.411217139    25.619210356
     0.089911089     0.492304652     0.009061900
     0.082164415     0.493657073     0.009070352
     0.501495734     0.937868887     0.794934591
     1.437990066     0.289066687    24.633752547
     1.404675271     0.267013026    24.128611268
    -0.959476968     0.795223937     0.042196780
     0.597168389     0.533518632     0.631768000
     2.067059946    -0.538195393     6.071466596
     1.507748477     0.235449451    26.493290913
     2.707464575     0.485617476     0.273939944
    -0.592372239     1.096372041    -1.652888054
     0.532433248    -0.960587775     1.919069733
     2.599491403     0.422619400     0.866250982
     1.654962913     0.208719693    29.752087991
    -0.445008360     0.782066851    -2.155263754
     1.989806383     0.309596372    -0.846949980
     0.074395915     0.494891887     0.009158962
    -1.386035391     1.580576668    -1.338355095
    -0.447564417     1.101682962    -2.486056539
     2.290258785     0.532940374    -0.550405129
     1.782643013     0.198502845    32.548017927
     1.163061541     0.929320194     0.794937870
     1.024126787     1.656151824     4.615756505
     1.350847087     1.449742461     3.317070412
     1.017141472     1.506506650     4.672074971
    -0.468427490     0.614126793    -2.233529013
     1.223975450     1.695316569     5.778299614
     2.627433750    -0.106998039     3.409807122
    -1.129255529     1.257404063    -1.832983015
     3.440044596    -0.225426470     2.280703819
     1.614790365    -0.627981500     3.079555365
     1.784251321     0.222181191    32.661104838
     1.882972532     0.228611024    34.814453214
     2.504254996    -0.192303825     4.609875418
    -1.881801671     0.572448853     3.029434793
     1.808948877     0.269601842    33.348623107
    -0.445928847     0.684531065    -5.762728438
     1.929610388     0.277114092    35.958022363
     1.720531345     0.337070694    31.701601135
     3.024117874     0.141590732     1.763349281
    -0.890393065     1.270400867     0.062503795
     0.142541958    -1.464772921     1.754874237
     1.012444551     0.787148489    -0.843519759
     1.152242393    -0.948785881     0.799878210
     0.799841589    -0.133117865     0.836906870
     0.819690846     1.712407138     4.840808545
     3.262940209     0.249691540     0.218227222
     0.436846472     0.402259031     1.225090576
     1.153742936     1.516779793     2.054456322
    -2.108202726    -0.097128072    -2.824431743
     0.808240310    -1.024701487     0.402365203
     0.622938583     1.160220478     3.945130484
     1.026981632     0.240067671    -0.517584218
    -1.811710234     0.855652160    -2.677603313
    -0.069262092     1.002794500     1.751357336
     0.434251290    -1.726239622     1.548229653
    -1.219924645     0.345631614    -1.180778209
     2.809986382     0.442473775     0.742934835
     3.458611816    -0.062913142     1.202897425
     0.545899805     0.320727356     1.912007317
    -1.365210017     0.517751576    -1.704131811
    -0.320402179     1.377665862     0.451563687
     2.022231067     0.314658014    38.089584557
     2.383626101    -0.857535766     7.483194346
     0.066606927     0.496012249     0.009396784
     1.443186790    -0.781613784     2.018158905
     0.058801908     0.497022187     0.009878031
    -1.142333695     0.906307976    -1.543940333
     0.966151738    -0.466877392     1.310862400
     1.894738242     0.369119805    35.552360724
     0.050991694     0.497918217     0.010557053
    -1.068760136    -0.119864546    -2.121295560
     0.658530085     1.738588027     4.594765017
     0.281490916    -1.102359214     1.227136507
     0.873440650    -0.871200243     0.803488743
     0.234033775     1.174430275     2.901128056
     0.573147748    -0.897091112     2.041861747
     0.872354905     1.539691261     5.412897969
     1.745501313     0.416465726    32.586881737
     0.043185319     0.498678958     0.011015976
     2.446376760    -0.599836602     9.244976867
    -1.597087145     0.005144492    -0.882923120
     0.487300732     0.719271786     1.366739151
     0.554804289     0.580405122     4.376135635
     1.778928741    -0.663648909     4.524994672
     1.495073279     1.170699321     0.149734663
     0.400057250    -1.475452769     0.364325084
     1.912729407     0.432412844    36.179324345
     1.189792572    -0.437604817     1.746760747
     2.309748887    -0.511977836     7.460614185
     0.386943687     1.924535666     3.527767744
     2.526618351    -0.301562711     6.404511362
     0.927365333    -0.700322691     0.575889796
     1.322698129    -0.340177770     1.343803708
     1.722200878    -0.403962745     4.128262902
    -0.845897105    -0.501933025     4.000485496
     0.035369985     0.499282536     0.010784460
    -1.247832530     0.838553877    -0.536561807
     2.096060656     0.465632989    40.087964009
     0.024109675     0.947554132     2.864348580
    -0.835788361    -0.323502422     8.784056457
     0.599185632    -0.710762893    -0.422087429
    -1.576915041     0.144845337    -2.343867672
     2.493537778     0.040600054     2.639065899
     3.458464965    -0.009980145     1.717679352
     2.565542788    -0.545920873     7.296727679
     0.466670410     1.260129028     4.142455711
     0.511242213    -1.850779540     3.184488202
     0.027527578     0.499742373     0.010107571
     1.125234255    -0.385505629     0.323476165
     1.883215333    -0.630666031     4.178858561
     2.601546575    -0.175094664     4.408534328
    -0.131001145     0.824251125     3.601291729
     2.096099186     0.046737391     2.471488754
     0.637835948     1.134436189     2.611971180
     0.726633810    -0.208084948     1.341058162
     0.646055398     0.758878391     3.265438438
     0.120820765    -1.100127106     1.912724417
     0.454574997     0.870052179     3.194376401
    -0.919917491     0.540412322    -3.737552879
     0.443895433     1.067124071     4.065278481
    -1.356195440     0.204710495     0.832479604
     1.443602981     0.507313208    26.770717108
     1.351619840    -0.231683518     1.962879536
     0.669236929     1.313289349     5.795872855
     0.442474067    -1.968267723     2.869571000
     0.421991604     0.712124940     4.843952642
    -1.056821680    -0.564813527    -2.062440229
    -0.895200274     0.738829637    -2.492507418
    11.353252460     4.403984007     0.994309118
     0.362164494     0.551763241     2.633287027
     1.454140400     0.781512356    -1.622190390
     1.312908261     0.254669520     1.005991449
     0.203801520     2.104400351     1.611931484
     2.188010415    -0.598811551     7.148060193
     0.483888621    -1.072117640     1.627188105
     0.498327135    -1.682329429     1.741897139
     0.019663054     0.500085927     0.009555372
     1.051922873    -0.929381296     0.874506174
     0.011788000     0.500323853     0.009362437
     0.423418363     0.928176294     1.144494267
    -0.965364010    -0.441339090    13.104197981
     0.812365222     0.519228862    -1.193479346
     1.544868580     0.523779138    29.041494423
    -0.219739530    -1.463002517     2.012330716
     0.315239995    -1.375041164     2.892001904
     0.994488464    -0.776990754     0.424244168
     0.003904055     0.500459635     0.009605683
    -0.918460928     0.843022604    -2.501095943
     0.568882550    -0.730266709    -0.062104731
     1.393923667    -1.022942496     1.385791963
     1.718663332     0.550586727    32.816770018
    -1.335877052     0.001222331     2.162535485
    -1.375807026     0.288810562     3.438338071
     0.094153703    -1.276205468     1.569209125
    -1.023112481     0.002780530    -1.510696566
     1.997366385    -0.224218866     4.202422247
     0.934206118    -0.856106217     0.206000894
    -0.003989130     0.500504648     0.010519391
     1.539807142    -0.399248467     3.498818093
    -0.829695334    -0.003216652     1.212912647
    -0.957779837     0.280841627    -2.824889643
     1.842731604    -0.333745096     3.990389262
    -0.846341335     0.501315753    -2.745253677
    -0.011872848     0.500468748     0.012299764
    -1.219297994     0.482413173    -2.299222253
     0.221585123     0.779676726     1.160721463
     2.260101344     0.267474022     1.592818895
     1.374937869     0.574784710    25.872098876
     2.036410512    -0.378462642     5.270537028
    -0.019709486     0.500316593     0.014201689
     0.019880221     0.792172272     3.268571572
     2.884397372    -0.201025817     3.214483930
     1.984635020    -0.043919548     1.706918335
     1.665585334     0.603170034    32.095325067
     2.010769577    -0.125861688     3.364039313
    -0.027506541     0.499976037     0.014750656
     1.511176005     0.636116185    29.127325359
    -0.754289585    -0.346330713     2.202490095
     1.431537251     0.650112845    27.667204548
    -1.100123609    -0.665455887    -0.139092976
    -0.965507139    -0.655871122    14.030009712
     1.325631840    -0.537824151     3.078247593
    -0.167784652    -0.979745216     2.357270318
     0.288471111    -1.020702920    10.681679769
     0.292975821     0.777004104     3.962986161
    -1.031351940     0.258874374    -3.591548369
     2.075713644    -0.619903461     5.426666830
    -0.193099354    -1.261028601     2.113086372
    -0.675876605    -0.659479490     0.686681874
    -0.111871063    -1.202548596    14.296790425
    -0.996133375    -0.033117724     1.759561625
    -0.479534334     0.648935467     4.452600021
    -0.843253709     0.194570555    -2.159074305
     1.837779490    -0.114598703     1.300709169
     0.367469800    -0.867531241     6.801476013
    -0.865870200    -0.506133615     6.113005982
    -0.070594822     1.288939498     1.858464485
     0.892648745    -0.643684436    -0.005042811
     1.028409174    -0.662171873     0.454781680
     1.320454791    -0.045032059     0.914087953
     1.639871494    -0.269281983     2.195734799
     0.221730701     1.415016194     3.399490259
     2.219650392    -0.319943130     4.869918690
    -1.078126777    -1.782175088    -2.017209900
     1.331634457    -0.430820645     1.920982005
     1.523051305     0.676064946    29.775244077
    -0.860774775    -0.331045186     0.636390680
    -0.035312258     0.499438288     0.013810262
     2.441630966    -0.370701138     7.244140629
     2.882132683    -1.073633999     6.651042372
     3.006614613    -1.349261578     5.537062123
    -1.127212613    -0.346043015    -0.597324642
    -0.773618254     0.202837248    -1.599452920
     1.541942020    -0.511900023     4.001169396
     1.154683659     0.668747776    22.295250588
     0.351385801     0.590927832     5.620811282
     1.901562794     0.721525332    -0.635690536
    -1.054247525    -0.085126405     0.195861435
     0.923334386    -0.602299562    -0.059221811
     1.011237729     0.608209105    19.343426628
     1.397831055    -0.403945651     1.798523277
    -0.261409605    -1.148240774     1.533121720
     1.081321065     0.471640859    20.698605646
    -0.803316796    -0.110194149     3.768155660
     0.780742360     0.304449123     3.775687052
     2.281396117     0.431512565     0.353951872
     0.603218549    -0.547278930     1.427591305
     2.093268635     0.202866586     1.265822151
     3.539122869     0.029225063     1.915540056
    -0.719616332    -0.675160363     7.041238324
     2.208121798     0.334845385     4.922713804
     2.344579150    -0.345920659     6.089683113
    -0.043141708     0.498753094     0.012418020
    -0.630870888     0.938773011    -2.365873616
     1.215361136    -0.584428191     1.406616638
     1.095830093    -0.528914860     2.028087879
     2.249358573     0.021142807     2.643853174
    -0.926738430    -0.666621652     2.286492299
    -0.009751189    -1.531716125     2.457727838
     0.081589893     1.018748537     1.455838069
     2.930306113    -0.250825857     3.896915227
     1.521881821    -0.647446074     2.214002303
    -0.374666625     0.804797903     0.362873821
    -0.727832061     0.631181760    -0.559250080
     0.581337899    -0.350977613     1.283931325
    -0.782544052    -0.539700361     6.184743697
     0.988857784    -0.127568492     1.044424906
     0.956953312    -1.046742528     0.878270577
    -0.226032938     0.820877546     1.323935959
    -0.925079240     0.142324402    -1.721214895
    -0.667235847     0.362753678    -1.194783192
     2.320615164     0.379374548     1.269679602
     1.374657621     2.633051282     1.314816758
    -0.822309024    -0.118616982    -0.923620364
     0.827075643     1.139205055    21.020431051
    -0.854724011    -0.184888458     3.080523980
    -0.050974305     0.497955863     0.011270652
    -0.809940902    -0.049267476     5.729637592
     0.633454834    -0.284157884     0.564038516
    -0.881859487    -0.395521708     9.163177334
     2.043678188     1.309111534    -0.058033745
     2.359630337    -0.091552268     3.580646792
    -0.909257533    -0.494281750    10.181867595
     1.503854168    -0.579415635     3.454221254
    -0.871927520    -0.464386288     1.604857904
     1.063778375     1.015037064    23.780156917
    -0.890849944    -0.625916914    13.383674766
    -0.828698455    -0.444790298     7.035310089
    -1.060929015    -0.294855554    12.487685342
     1.538909823     0.806902481    -1.697110941
    -0.992221953    -0.298368772    -0.349848903
     1.581440780     0.478520107    -0.977014379
    -0.829787234    -0.573835908     1.583369044
    -1.193211755    -1.263280714    28.702559370
     1.166046224    -1.574225836    -0.392090157
     0.555891567    -0.015470809    -0.772791343
     2.735062234    -0.937626790     5.376179081
    -0.058794462     0.497048576     0.010384684
    -0.066552361     0.496017045     0.009346771
    -0.074390775     0.494900601     0.009316040
    -0.082160549     0.493659946     0.009114340
     1.848737703     0.798435540    -1.264585125
     0.672921369     0.874025170    15.356582394
     0.684383022     0.754426301    14.414243623
    -0.089907605     0.492303703     0.009030707
    -0.097630804     0.490829041     0.009002888
     1.857166157     0.617595929    -0.527084252
     0.546837050     1.190286788    18.281205278
     0.623054965    -1.751889455    -1.474399151
     1.781102324     0.469439216     0.109266831
    -1.356043508    -0.009538003     1.276034949
    -0.105309421     0.489152374     0.007308209
     2.948577864     0.492154387     1.457818239
     0.419065294     1.056081815    14.584910023
     0.342017725     1.008508808    12.960301548
    -0.113000888     0.487519236     0.008988611
     1.661056710     0.612510523    -1.685052731
     0.805155944     0.494896250    -0.330166865
    -0.120644900     0.485684215     0.008991452
     0.703392812     0.780375889     4.016100475
     0.939553563     0.015545790     5.522554418
     0.526538234     0.501435288     0.352237329
     0.290269587     0.986823721    12.097641872
     0.515995951     0.087927643     0.415303479
     1.504214757     0.357457433    -0.043381671
     0.590123407     1.042161064     2.908129466
     0.581618727     1.035636899     1.691695696
    -0.128259394     0.483729630     0.009001005
     1.130989658     0.070002179     2.297587108
     0.257036704     0.979127964    11.699254752
     0.616705755     1.045376552     5.031372401
     1.071489844    -0.087845211     1.067630293
     0.163157470     0.957236815    10.520551668
     0.068671306     0.936086438     9.534629184
    -0.135842751     0.481656192     0.009023252
     0.794382937     1.158576230     4.357241636
    -0.143393336     0.479464727     0.009065876
     0.571229099    -0.043371286     0.316249823
     0.983181785    -0.156854031     0.948789963
    -0.095875328     0.891721594     8.193022858
     0.591891904     0.144224309     3.053496959
     1.311888121     0.294764585     0.341212397
     0.687399066     0.206420888     3.711370272
    -0.150909661     0.477155883     0.009133605
    -0.158391721     0.474730601     0.009245876
     0.658380049     0.260578978    -0.618921334
     0.297934625    -1.027283162     2.447113515
     1.763725391    -3.626163700     0.399800342
    -0.165843137     0.472184756     0.009351963
    -0.173333581     0.469450931     0.008679253
     1.080811001     0.377187082    -0.064438962
     0.546693639     0.966810785     1.510855880
    -0.181258927     0.466516785     0.009968256
     0.605355130     0.644962749     3.062123056
     1.452265068     1.527183639     3.437793670
     0.539920521    -0.588629978     6.224618353
    -0.188515852     0.463389262     0.005475333
     0.610834938     0.381394839     1.758932831
     0.684867878     1.355793688     5.211350325
     0.833383631     0.375725169     0.777915820
    -0.197131050     0.460080719     0.010891549
     0.718720816     1.000793196     4.687298301
     0.807305324     1.279609560     4.790569730
     0.879516915     0.374450919    -0.359702599
     0.979200583     0.547430877    -1.397265465
     0.599751041     0.126861614     2.660719524
     0.869784110     1.588174403     6.607493126
     0.477970380     0.533791092    -0.634061021
     1.264449321     0.462037377    -0.004485209
     2.270424150    -0.399524820     6.859746295
     0.891755038    -1.740677173    -1.859485789
    -0.414144425     0.753045882     7.216923809
    -0.561051987     0.520034336     4.061666502
     0.975526145     2.461701317     1.348290460
    -0.491526824     0.749280214     8.023814421
     0.689686954     0.937947523     1.014549750
     0.509423961     0.941001065     1.002445968
     0.584032196     0.904543373     2.869660808
     0.657557793     0.758183805     0.151634366
     0.453723292    -1.128708874     0.850093170
    -0.413125978     0.814705670     8.264074460
    -0.692156303     0.710508559    10.303327093
    -0.338694477    -1.614686808     1.037932337
     0.568554030     0.659844694     0.187457820
    -0.878222022     0.645650343    12.821919993
     0.292704848     0.609781385    -2.006232321
    -0.998224306     0.616803196    14.794913101
     0.688082064     0.482039872     0.282369496
     0.923250986    -0.345848953     3.619186142
    -1.014148398    -0.355943292     0.067699947
    -1.091530734     0.677986996    16.937007423
     1.438166020    -0.290797760     1.914693132
     0.552332816     0.468390129     1.969884907
    -0.209519405     0.454473151     0.008989012
    -0.219869503     0.451726609     0.048124795
    -0.985571107     0.132502756    13.630892951
     0.279489289     0.827299450    -2.184463546
     0.488769408     0.950487576     4.237214677
    -0.944938461    -0.278770205    -0.211627384
     0.519259093     0.608598975     1.888194517
     0.854890680     0.222803949     1.406488880
     0.938414049    -2.032158841     0.742992592
    -0.996305659     0.180184333    -3.253134265
     0.694306561     1.074563039     2.849876271
     0.903195741     0.419836700     1.046401627
     0.949673465     0.282604893    -0.209544703
     1.091724485     0.179375901    -0.374669948
     0.544840999     0.356087608     2.941892025
    -0.230691881     0.444100554     0.008985414
     0.173314887     0.803118558     1.704679513
    -0.237638984     0.440422246     0.008985321
     0.873190748     0.429673929    -0.527315462
     0.587503828     0.380447965     2.332656672
    -1.059873683     0.259662479    14.659132931
    -1.150836158     0.318978968    16.406612394
     0.483649512     0.873044419     2.123351286
     0.887554753     1.185521604     5.053239225
     7.533854167    13.688154726     0.514586908
    -0.244527500     0.436635251     0.008985288
     0.438420547     0.697326631     1.052819154
    -1.241453019     0.451294206    18.350845091
    -0.251312782     0.432666570     0.007275357
    -0.258121946     0.428739121     0.008987930
    -0.264824371     0.424631712     0.008985258
     0.514605477     0.663822759     1.879181604
     0.596208412     0.274900180     0.245411116
    -0.272082354     0.816015541     6.670552939
     0.197325880     0.790667793     2.434630700
     0.875776348     0.157685200     1.628605310
     0.805307816     0.534273886     3.882452776
    -0.864536983     0.121293435    10.565816835
    -0.647871433    -1.240319347     0.291674981
    -0.181762181     0.873705179     4.623749968
    -0.271461523     0.420419646     0.008985227
    -0.880516991    -0.923526246    -0.361318464
     0.606335196     0.577604305     1.554617314
    -0.278031767     0.416103957     0.008987805
     0.054262087     0.751614138     1.122026672
     0.646022299     0.433158772     1.661368112
    -1.057010908     0.214658340    14.141939243
    -0.196097881     0.891474156     0.922795705
    -1.265446068     0.287607952    18.269790134
    -0.284484448     0.411615002     0.007272079
    -0.760261256     0.037364634     0.041857081
    -0.676892798     0.274687775     0.056527079
    -0.737660970     0.094867689     2.049859365
     0.430797266     0.934707074     2.486614534
    -0.290964598     0.407165325     0.008984457
     0.603263971     0.802022676     4.274128751
    -0.297324127     0.402544796     0.008983479
    -0.793202079    -0.372368839     5.144038887
    -0.303610268     0.397824921     0.008981746
    -0.817973581    -0.936558561    -0.190096820
    -0.757631732    -0.091882089     0.469066611
     0.692673578    -0.599057211    -1.148790124
    -0.309767139     0.392938815     0.007237746
    -1.016948941     0.509103876    -2.424133284
    -0.802627732    -0.362505738     1.462581671
    -0.315956255     0.388091788     0.008976309
    -0.322013126     0.383080968     0.008974120
    -0.327990706     0.377975781     0.008976377
    -0.588551285     0.408724900     0.220788960
    -0.615680875    -1.050568637    -0.116788803
    -1.034488314     0.659650949    -1.664914044
    -0.512014232    -1.131354322     0.438103661
    -0.333887239     0.372777212     0.008975250
    -0.339701490     0.367486834     0.008978005
    -0.990824320     0.945000906     4.579798943
    -1.404613732     1.027283966    24.392295423
    -0.443900714    -1.219941785     1.214867812
    -0.345431901     0.362105808     0.008980780
     0.539204201     0.602059908     0.756669033
    -0.351077046     0.356635420     0.008982790
    -0.356635547     0.351077011     0.008984101
     0.350437699     0.524288574    -2.358635222
    -1.079961546     0.776318071    -1.488560792
     0.731131467    -0.130692128     1.231670464
     0.674810569     0.434235226     2.152603576
    -0.192018678    -1.051303831     0.890868304
    -0.932887231    -0.085591713    13.152570802
     0.492741764    -1.725147111     3.166428178
    -1.022980162     0.039102169    13.746330598
     0.402648424     1.107579403     6.531986465
    -1.115365129     0.033860047    15.532554554
    -0.897862788    -0.283875924    -1.306494354
    -0.362044093     0.345372616     0.007269245
    -0.367424392     0.339643470     0.007273265
    -0.372777743     0.333887591     0.008987865
     0.570810011     0.477796312     0.430979800
     0.623917223     1.342881037     5.451371058
     0.821949623     1.506621017     5.488626992
    -1.159713153     0.044493419    16.252655679
    -0.377911556     0.327934920     0.007274974
    -0.383081359     0.322013526     0.008985262
    -0.388092168     0.315956708     0.008987931
    -1.216927978     0.049732261    17.270396561
    -1.280593428     0.058925518    18.404740706
    -0.896150975    -0.341190131    -0.591877703
    -1.047530940     0.348715793    -3.302154995
    -1.365825781     0.088594149    19.905379411
     0.738930837     0.297210019     3.353043447
     0.584623597     0.848576466     2.693897945
    -0.392939797     0.309768968     0.007275800
    -0.397756639     0.303558841     0.007272133
    -0.402544687     0.297324451     0.008985566
    -1.514613797     0.209866890    22.552756981
    -0.407164915     0.290965457     0.008987775
    -0.411610670     0.284492563     0.007293083
     1.150816400     0.090611699     1.299002563
    -0.416098142     0.278040480     0.008987938
    -0.968827840    -0.695263362    -0.373346240
    -0.420317282     0.271472324     0.007382656
     0.480673105    -0.670266017     2.450004225
    -0.425378295     0.263762753     0.010486264
    -1.152301210    -0.176121953    16.953720136
    -0.956923096    -0.374809388    15.769031359
    -0.432721476     0.250975120     0.004837080
    -0.440045401     0.238408122     0.009686233
    -0.443870679     0.230731845     0.005274776
    -1.022709051     0.335744991    -3.686299023
    -0.447636462     0.223751837     0.008970329
    -1.217661466    -0.195750465     0.263311920
    -1.194922078    -0.147401407    17.150942305
    -0.918352838    -0.771023218     0.203050675
     1.529889317    -0.043482773     0.670112684
     1.126338588     1.738042570     4.450013586
    -0.451122044     0.216644149     0.009020175
     1.337781790     1.781669496     2.819977977
    -1.093344448    -0.446335841    -0.623093521
    -1.007093572    -0.173351234     0.617632231
    -0.929006850    -0.451817410    -0.611820939
     1.190632934     1.778567678     4.463242724
     0.649664516     2.100750834     2.325014824
     0.946029868     1.944851858     2.170287488
    -0.457734098     0.202307944     0.009084619
     1.408693528     1.934388665     2.607463367
    -1.386237987     0.152158656     2.631579776
     0.283081350    -2.198335613     1.307680393
    -0.460902498     0.194968988     0.008985518
    -0.993093257    -0.946398869    25.710541980
    -0.962274673    -0.399710871     0.850506984
     1.195639834     1.057896031     1.470001736
    -0.464753141     0.185083076     0.005303241
    -0.736628459    -0.170703876     8.267182621
    -0.469596811     0.172983745     0.008996475
    -0.472141785     0.165623003     0.007083463
     2.622926196    -3.243380527     1.165552322
    -0.474601431     0.158135833     0.005177080
    -0.884020599    -0.548048102    12.198741380
     1.130421927     2.049817657     1.840662015
    -0.476992160     0.150755935     0.005084810
    -0.901141930    -0.006422343     9.495891183
     1.464729066     2.200886882     1.988934614
    -0.705560890     0.157326358     4.925255917
    -0.479381075     0.143358212     0.007261709
    -0.766077629     0.061041115     6.275712287
    -1.042998750    -0.757057904     0.459426206
    -0.481654570     0.135840337     0.008978933
     2.660085461    -2.564891461     1.897571371
    -0.712972520     0.281039526     5.389217082
    -0.483643254     0.128235771     0.007210096
    -0.985670986     0.404515120    -2.770957569
    -0.485682833     0.120644404     0.008962235
    -0.487517928     0.113000607     0.008961859
    -0.489145845     0.105310145     0.007183605
    -0.206419608     0.866655357     3.655139658
    -0.784954327    -0.688242082     9.789147983
    -1.237123913    -0.295652372    -0.552963565
    -0.490827011     0.097631527     0.008965904
    -0.492299958     0.089910348     0.008966891
    -0.493650698     0.082167500     0.008954713
     0.362841498     1.056365867     1.389534263
     0.414563311     0.898816143     3.522542493
    -0.494877952     0.074405285     0.008911230
     0.412881044     0.807122913     3.438437779
     0.573268162     1.604239772     4.186757244
    -1.091724144     2.051856487    -0.157033114
     0.508923391     0.802921039     2.174097025
    -1.093734429     2.481361187     0.586598430
     1.285298609     1.454136296     3.145167862
    -0.789754032    -0.621637679     7.225724250
    -0.869120807    -0.123333392     1.237948438
    -0.797309132    -0.023828093     0.540621675
    -2.459266685     1.248326513    -3.509595282
    -1.846702318     1.523295509    -2.804362456
    -0.495979766     0.066625938     0.008803516
    -1.002184325    -0.637518196    15.294656777
    -0.718860734     0.219091274     5.161081485
    -0.731198328     0.215173647     5.365273434
    -2.028828480     1.213018267    -3.738890007
    -1.052326263    -0.537422303    -1.600410168
    -0.496908857     0.058830030     0.007693234
    -0.961233654     1.634525120    -2.155073623
     0.280055312     0.862156112     1.946611794
    -0.497707740     0.051015620     0.006418198
     0.221189547    -3.160881300    -0.107483516
     0.140577484     1.989623557     3.559080648
    -0.588618918     1.966305799    -0.099983233
    -0.498390310     0.043172332     0.005242132
     0.889848616     1.697275378     2.493281168
    -0.499148227     0.035332790     0.008052448
    -0.755263588     0.189662542     5.737910506
    -0.764890227     0.194368190     5.915214403
    -1.559123082     1.340576668    -3.237981955
    -0.725381920     0.286589612     5.592965057
    -0.118632548    -1.297302897     1.709551355
    -0.499658991     0.027484229     0.008394801
    -0.500044374     0.019636388     0.008704002
    -0.500299629     0.011784618     0.008876505
     0.205896914     0.952597609     1.425933374
    -0.500336826     0.003921541     0.007152310
    -2.320485479     0.136501600    -3.289173532
    -0.342501301     1.358447834     1.428795596
     0.101346983     1.310056842     2.141177313
    -0.500427958    -0.003931384     0.008976421
    -0.500218585    -0.011789970     0.007258585
    -1.429590238     0.012731623     0.084628971
    -0.331593359     2.304977876     3.933430259
    -0.500057965    -0.019647447     0.008984294
    -1.036190866     1.766708418    -1.861889626
    -0.499687705    -0.027499516     0.008985003
    -0.167326696     1.692926616     0.412577830
    -0.499194128    -0.035344852     0.008985200
    -0.008819790     1.720209367     2.726433904
    -0.498577374    -0.043181484     0.008985254
    -0.497837734    -0.051007481     0.008987927
    -0.672833899     2.167958739     0.108154730
     0.448151238     1.806890202     3.908805891
    -0.608921945     2.348086727     1.317954760
    -0.496974994    -0.058820867     0.008985267
    -0.495989766    -0.066619754     0.008985268
    -1.454436389     1.823427166    -1.440193570
     1.133605310    -2.246825313     0.644966131
    -0.629499592     2.524189508     1.940390748
    -1.128446582    -0.644045728    18.967663587
    -0.494882159    -0.074402204     0.008985273
    -0.172233290     1.872231454     1.662701498
    -0.493652579    -0.082166318     0.008987932
     0.327247021     2.797450254     1.343430868
    -0.963654335    -0.233808707     0.524076855
    -0.492216828    -0.089894755     0.007275312
    -1.256487074    -0.368374040    -1.310992746
    -0.490827954    -0.097631750     0.008985273
    -1.934509613     1.831159139     0.199360965
    -0.184984261     1.278548786     1.424235250
    -1.593323867     2.035047996    -1.862638188
    -0.172579705     2.085452821     3.162331502
    -0.489150207    -0.105311284     0.007273685
    -0.487519073    -0.113000854     0.008985273
    -0.485600933    -0.120623899     0.007273685
     0.279718576     2.084765513     2.063286707
    -1.074396453    -0.824601925    20.850584430
    -1.259409259    -0.866831017    23.828532103
    -1.032430336    -0.900863334    -0.745190830
    -0.786563970     1.273014911    -2.328355259
    -2.248090620     1.269417455    -3.224495229
    -1.305679728     2.054870254    -0.482765020
    -1.173643511    -0.989038294    -0.905260961
    -0.483729069    -0.128258439     0.008985273
     0.829206466    -2.337768351     1.184279387
    -0.481572509    -0.135817494     0.007275314
    -0.328122113     2.020391900     0.334228910
    -0.648813288    -1.968535628    -1.692250920
    -0.145428755    -1.440530445     1.642949317
    -0.496042318    -2.051328851    -0.347888372
    -1.374473169    -0.822728416    -1.615458693
    -0.479461811    -0.143389486     0.008987934
    -0.477068751    -0.150877034     0.007275314
    -0.474536880    -0.158317480     0.005100676
    -0.903384117    -1.285570929    27.378395291
    -1.047227018    -1.404224542    30.589713379
    -0.729237884    -2.100162084    -1.377499901
    -1.712202878     1.741896456    -1.013117778
    -0.472094184    -0.165787677     0.007275312
    -1.084672765    -1.361532615    29.948864800
    -0.950907225     1.899538052    -0.538743110
    -0.469512202    -0.173212196     0.008987932
    -0.466653718    -0.180534708     0.007275312
    -0.463839799    -0.187874461     0.008987932
     0.885097393    -1.971035756     2.434590607
    -1.135585086    -1.498896372    32.818931016
    -1.133839549    -1.648707535    35.496712232
    -0.460752720    -0.195103572     0.007275312
    -0.457531878    -0.202272726     0.005100679
    -0.454396941    -0.209479859     0.007273685
    -0.411322464     2.161508308     1.462004554
    -0.451127663    -0.216628418     0.008985273
    -0.843823024    -1.706894911    34.290815107
    -0.887316003     2.066185753     0.409741559
     1.138405297    -2.493677674    -0.034871126
     1.323495736    -2.378392380     0.718027968
    -0.465246389    -2.370249681    -0.506040289
    -1.044826918    -1.760780568    36.322679725
    -1.178382646    -1.853030761    38.884367927
     0.739667929    -2.579777536     0.126790459
    -1.430891306    -1.859079598    41.003435805
    -1.192659164    -2.094697968    -1.809043372
    -0.447669357    -0.223687698     0.008985273
    -1.097544461    -2.107499512    42.831440507
    -2.985592706     1.284590790    -2.571936182
     0.664948775    -2.336360318     0.498414390
    -1.562845434    -1.838615788    -2.016389420
    -0.444024651    -0.230652337     0.007273685
    -0.440422258    -0.237638956     0.008985264
    -0.237829851    -2.401290606    46.884038964
    -0.424447377    -3.344231043    65.617255779
    -0.436635254    -0.244527491     0.008985269
    -0.682436099    -2.364227364    45.767013788
    -0.773544921    -2.332732381    45.194586009
    -3.181666341     1.258283082    -2.193144834
    -0.074392510    -2.203274082     0.533312548
    -0.821208857    -2.393649557    46.416719939
     2.299481756    -2.377280315     1.167236927
     1.580890358    -2.814967566     0.539193321
    -2.689429240     1.398038134    -2.033999478
    -0.436694358    -2.244781631    -0.353722816
    -0.432740517    -0.251355693     0.008985273
    -2.396589783     1.485787166    -1.755323632
     1.089323299    -2.796857885    -0.121413760
    -0.889074510    -2.447566345    47.581557272
    -2.502289929     1.723299579    -0.587314210
    -0.428665691    -0.258077734     0.007273691
    -2.087439252     1.573955525    -2.320018975
    -0.982362728    -2.542180017    49.689257148
    -1.149353586    -2.586346212    51.225353498
    -2.019477634     1.702063214    -0.851192416
    -1.541397058    -2.373251670    49.842909462
    -0.424631712    -0.264824372     0.008985269
     0.350669735    -2.565496085    -0.052930628
     2.785758798    -1.691510990     3.004602464
    -0.420347763    -0.271415091     0.007273724
     2.845583669    -1.476688124     4.944901186
    -0.416103850    -0.278031700     0.008985279
    -1.176149284    -2.121171736    42.040562603
    -0.411685388    -0.284533270     0.008985292
    -0.079145993    -2.783550583    -0.554906022
    -0.518707844    -3.051454879    -1.151828189
    -1.615418580     2.201799726     0.988551200
     1.659406537    -2.372383175     0.865963296
    -0.695939141    -2.709280275    51.329923874
    -2.301699571     1.048544622    -5.085347250
    -0.407095944    -0.290914619     0.007274310
    -0.240076426    -3.503093494    -0.594304795
    -0.402476625    -0.297272646     0.007275052
    -0.397825258    -0.303610161     0.008985797
    -0.486798197    -2.780840245    52.267579867
    -0.392944566    -0.309763468     0.007282609
     2.913636898     0.035994127     2.201788416
    -0.495466463    -2.825107246    52.884125766
     1.685066358    -0.845805014     3.719605519
    -0.388095100    -0.315953464     0.008992443
     1.420440127    -1.129622589     0.325796880
    -0.383091678    -0.322002938     0.009006990
     1.456900912    -1.469044740     3.556830924
    -0.378012876    -0.327961319     0.009151593
    -3.127961945    -0.423916125    -2.445373900
    -3.415397150     0.941390242    -2.843600169
    -0.372972704    -0.333559021     0.007513655
     1.048415763    -1.576507062    -1.702429495
     1.100576354    -1.705630706    -0.306418045
    -0.363530691    -0.343902570     0.008662862
     0.548961706    -2.677111048    53.149235599
    -0.351243460    -0.356464528     0.008884280
    -0.345487099    -0.362088893     0.009498104
     1.106110597    -2.102789343     0.196886727
    -0.339727712    -0.367493272     0.009428556
    -0.327992243    -0.377974898     0.008983185
    -0.321961180    -0.383013624     0.007274611
     0.400135396    -2.767518817    53.534960526
    -0.035559651    -1.783668543     2.422514104
     2.753190221    -1.940632713     3.160586046
     2.452478143    -2.145821265     2.287623779
    -0.016270989    -1.914120067     1.897933589
    -0.315956813    -0.388092067     0.008987682
    -0.309821788    -0.393006991     0.008985197
    -0.303610537    -0.397825103     0.008987904
     0.037296329    -1.896654290     4.473380451
    -0.297324230    -0.402544831     0.008985261
    -0.290964649    -0.407165338     0.008985271
    -0.284533353    -0.411685491     0.008987933
     2.836400195    -1.370725902     6.726391432
     2.535089809    -1.314057880     2.423642678
    -0.278031702    -0.416103848     0.008985273
     2.092280618    -2.340233142    65.566915992
     1.083434921    -2.940806578    61.577955085
    -0.271461527    -0.420419646     0.008985273
    -0.264824373    -0.424631712     0.008985273
    -0.937402422     0.760233475    -0.338922686
     2.142890342    -2.359436087    66.149917917
     1.465699383    -2.731760388    61.821815427
     0.639174576    -0.291312615     3.784291694
     0.451519571    -1.650437022     1.490202246
     2.099348891    -1.506204745     3.026029547
    -0.258121945    -0.428739121     0.008987934
     0.784308591    -3.128364757    61.732159251
    -0.251312751    -0.432666586     0.007275314
    -0.244527492    -0.436635254     0.008985273
    -0.237638956    -0.440422259     0.008985273
    -0.230691787    -0.444100595     0.008985273
    -0.223687698    -0.447669357     0.008985269
     1.716020404    -2.706674986    64.170384490
    -0.216628418    -0.451127663     0.008985273
    -0.209515688    -0.454474659     0.008985273
     0.166401672     1.031068188     1.653250898
    -0.202351263    -0.457709521     0.008985273
    -0.195136910    -0.460831450     0.008985273
     0.771509912    -1.347758191    -2.503612679
    -0.187874411    -0.463839676     0.008985273
     0.300541108     0.765401796     3.197695174
     0.607042001    -2.018660365     4.308546152
    -0.180534678    -0.466653642     0.007273685
     0.211584675     1.358579779     3.353036012
    -0.173212150    -0.469512077     0.008985273
     0.848815241    -1.656188850    -0.121511841
     0.873845520    -1.961566039     0.490290075
     0.275848316     0.996296510     2.633335465
     2.111387002    -2.097030342    61.502466899
     1.264727929    -2.918026649    61.659328404
    -0.165816006    -0.472174853     0.008985273
    -0.409447853     0.744049673    -0.422057251
    -0.158351866    -0.474639946     0.007273685
     0.374871759     1.598445344     3.702592446
     0.088846705    -1.195698326    -1.005321836
     1.262383935    -1.462708972     0.113728680
    -0.150877010    -0.477068674     0.007273685
     1.254156069    -1.604767296     3.298718143
    -0.143389448    -0.479461683     0.008985273
    -0.135840702    -0.481654797     0.008985273
    -0.128236506    -0.483646348     0.007273685
     1.315000007    -1.205782451     0.464034502
     2.448908123    -1.668923377    62.425671474
     1.168619264    -1.029052412    -2.548435558
    -0.120644530    -0.485683989     0.008985273
    -0.113000854    -0.487519073     0.008985273
     2.130344808    -0.646317139    50.116236682
     0.625221674     1.651662071     5.288403280
     1.005639778    -1.124757881     0.902419057
    -0.180471937     1.109751438    -0.365207211
    -0.306923082     1.163295981    -2.610448049
    -0.105329324    -0.489233999     0.008987934
    -0.097615071    -0.490744099     0.007275314
     0.942869583    -1.256658984    -0.739156517
    -0.089894740    -0.492216748     0.007273682
     1.189869389    -1.302424972    -1.189028805
     0.833592873    -1.566892666    -0.049128930
    -0.829230098     0.923039540    -3.997615466
     2.020592911    -1.426735787    52.009190015
     1.269644492    -1.602178804    40.435987404
    -1.507638517     0.774038601    -1.229644841
     1.880150665    -0.693058519     4.346100160
     0.104778720     2.255808467     2.989247311
    -0.919732402     1.239951584    -0.054585795
     1.018042846    -1.585921558     0.236456105
     1.898544042    -0.966067226     2.403766825
    -0.082166296    -0.493652448     0.008985269
    -0.074389481    -0.494797531     0.007273682
     1.564571365     1.040277871    47.420871544
     0.318586336     1.193502177    33.416481887
    -0.066619754    -0.495989766     0.008985269
     1.542451679    -1.557982904     2.114042539
     2.437843884    -0.980518638     7.814340545
     2.683883343    -0.862822685     5.786798851
     2.381059220    -0.728442671     7.209074014
     0.735235219     0.845800809    32.412923924
    -0.308176580     1.444136814    35.311606918
     1.867501487    -1.737002540     3.690134908
     1.467706353    -0.675457175     4.565587223
     1.667342516    -0.985661753     1.171403144
    -0.058810808    -0.496890008     0.007273682
     1.613174611    -1.583252617     1.460310928
     1.212945585    -0.567608117     1.893047977
     0.113336327     1.255037130    33.322002756
    -0.880029064     0.541805730    -3.808813319
    -0.717617532     0.563565987    -1.135741823
     1.755948456    -1.742692063     2.068681258
     1.596553942    -1.702313942    -0.713919911
    -0.669314275     0.591598232    -1.164687457
    -0.050987670    -0.497644384     0.005100675
     1.775555431    -1.993357118     1.163900999
    -0.043164721    -0.498383870     0.005100675
    -0.035331122    -0.499000387     0.005100675
     0.653614811    -0.703480147     1.230749450
    -0.027488806    -0.499493784     0.005100675
    -0.221424633     0.772344669    21.788152886
    -0.175220231     0.852145458    23.850528426
    -0.309593590     0.977685610    26.261867205
    -1.745671544    -1.042143840    -1.308650677
    -0.019639708    -0.499863938     0.005100675
    -0.011785763    -0.500110758     0.005100675
    -0.413303572     1.048595935    27.851716008
     0.589162642     0.116279117     2.435156498
     2.614937871    -1.330626336     2.462345774
    -0.003929764    -0.500342831     0.007273682
    -1.276413893    -1.277721505    -1.513755051
    -0.517636838     1.131953512    29.879517068
     1.960214342    -1.658389971     2.351125551
     1.206367334    -1.951106581     0.034863379
    -1.649802893     0.392064699    -2.829577100
    -0.638052162     1.211810164    32.023953253
    -1.592287147     0.757702659    -1.977826031
     0.003930436    -0.500428407     0.008985269
    -1.442657466     1.072898096    -0.533207877
    -0.663658904     1.231125223    32.659121716
    -0.724484961     1.311100398    34.692751518
    -1.439765110     1.176486635    -1.666165072
    -1.335737384     1.340619199    -1.886348198
    -1.569922900     1.514723154    -0.995587246
     0.011790339    -0.500304934     0.008985273
    -0.783489614     1.442109044    37.757912078
     0.019643973    -0.499972505     0.007273685
     0.027488806    -0.499493784     0.005100675
     2.506691103    -0.387723624     6.453496795
     2.567110309    -0.639654890     7.634490540
     2.475425832    -0.676544489     8.491853418
    -1.934437506     0.696216491    -2.936690014
     2.254700987    -0.604232746     5.294407532
     2.270858635    -0.873177672     4.385886151
     2.183457460    -0.788617266     3.053504184
     2.054730228    -0.982999059     1.326964269
     2.151371353    -1.067766458     2.813081025
     1.849958386    -1.292486889     2.253979770
    -0.764440422     1.715225051    43.286875791
     0.035331122    -0.499000387     0.005100675
     0.043164721    -0.498383870     0.005100675
     1.940163594    -0.436835879     2.523476899
    -1.368923153     0.823826102    32.266569050
     2.019799898    -0.813561928     6.819614522
     1.742673974    -0.884566693     2.978491864
    -1.188723187     1.020323469    33.461882313
    -1.059021285     1.055382560    32.903859309
     1.673874355    -1.488291402     5.462301000
    -1.039946843     1.109229345    33.881575795
     1.559750001    -0.658940803     0.508474013
    -0.981626809     1.135225823    34.006570250
    -1.727679918    -1.210022293    -2.043522982
    -0.750386622     1.091259992    31.602604540
    -0.665034561     1.143769298    32.340603418
    -0.713202170     1.306165774    35.982856445
     1.455534319    -0.419145806     3.199789267
    -0.656257746     1.608563949    41.915726575
    -1.489853038    -0.733300144    -1.506531434
     0.050987670    -0.497644384     0.005100675
     1.424763578    -0.468561606     2.502833963
     0.058810808    -0.496890008     0.007273682
     0.066619754    -0.495989766     0.008985269
    -1.048425828     1.044942223    33.779917889
    -0.925091065     1.676575517    44.963442681
     0.074389481    -0.494797531     0.007273682
     0.082134407    -0.493460854     0.005100675
     0.089875221    -0.492109865     0.005100676
    -1.758352174     0.660148278    38.249426837
    -1.666085806     1.412585127    47.843751079
     0.097593859    -0.490637456     0.005100676
    -1.256795328    -1.524235928    -2.023393077
     0.105288419    -0.489043990     0.005100678
    -1.996612004     0.691544200    43.158763617
     0.685385318     0.014689241     0.415095688
    -1.823039884     1.253157126    47.905107655
    -1.724089921     1.902975418    57.192633652
     0.112957002    -0.487329859     0.005100683
     0.120623918    -0.485601012     0.007275312
     0.667583010     0.062035349     1.525354185
    -2.066781056     0.988501791    48.597606786
     0.128258473    -0.483729198     0.008987932
     0.135817494    -0.481572509     0.007275313
    -2.136502489     1.129525076    51.792551409
     0.143364928    -0.479379692     0.007273685
     0.150902815    -0.477150269     0.008985269
     0.158351872    -0.474639945     0.007273708
     0.165787694    -0.472094183     0.007275390
     0.173212199    -0.469512202     0.008987946
     0.180534821    -0.466653711     0.007276011
     0.187806914    -0.463659498     0.005138489
     0.195071625    -0.460652658     0.005183347
     0.202292542    -0.457532852     0.005278753
     0.209471079    -0.454302062     0.005476927
     0.216610155    -0.450963905     0.005874881
     0.223670920    -0.447598538     0.007568285
    -2.165773260    -1.102276620    44.133145211
    -2.178117022     0.040014308    43.989249444
     0.230704833    -0.444105713     0.009196381
     0.237670614    -0.440386821     0.008662257
     0.244567808    -0.436667307     0.009938605
     0.251402711    -0.432795810     0.010413834
     0.258159425    -0.428807829     0.010551828
     0.264844122    -0.424692444     0.010224927
     0.271471055    -0.420457068     0.009717409
    -1.548106059    -1.193631203    34.094844937
     0.278048436    -0.416112886     0.009321508
     0.284584079    -0.411573583     0.007723991
     0.291169933    -0.407023651     0.009069305
     0.298064556    -0.401936234     0.008027910
     0.305424129    -0.399604361     0.059286797
     0.310288119    -0.392680271     0.009640590
     0.322000839    -0.383090792     0.008966419
    -1.391151640    -1.498710713    35.552496544
     0.333600515    -0.373352364     0.013732096
     0.339627602    -0.367830600     0.013026896
     0.345340079    -0.362196138     0.009021034
     0.351050172    -0.356662033     0.008985095
     0.356627898    -0.351084922     0.008986084
     0.362103445    -0.345433394     0.008967197
    -0.982536700    -1.578399468    30.677885458
     0.367432804    -0.339651846     0.007510530
     0.372781217    -0.333883512     0.008985202
    -0.848355171    -1.476122100    27.636640167
     0.377991841    -0.327979360     0.009070265
     0.383107381    -0.322069112     0.010099011
     0.388081014    -0.315971366     0.009000034
     0.392998068    -0.309821615     0.008842899
     0.397780554    -0.303578189     0.007887124
     0.402545302    -0.297323716     0.008986714
     0.407167438    -0.290961469     0.008982480
     0.411692708    -0.284522088     0.008978585
     0.416128726    -0.277993528     0.008974889
     0.420503835    -0.271331192     0.008986786
    -0.168593063    -1.765261724    27.064193745
     0.424922367    -0.264380864     0.009235065
    -0.018124844    -1.935188576    30.018945172
    -0.035222138    -1.673984168    24.941409207
     0.000614566    -1.529672390    22.018068188
     0.175857352    -1.324515834    17.606922051
     0.010650582    -1.334948085    18.249806716
    -0.024495713    -1.222799744    16.251860998
     0.430164884    -0.258888705     0.041327374
     0.013828116    -1.487994247    21.565789080
     0.432718037    -0.251286179     0.007898304
     0.510213086    -1.002750691    12.658166489
     0.489646270    -0.916647767    10.957457369
     0.508597133    -0.865575989    10.199900098
     0.654564894    -0.603503524     2.573992390
     0.440521671    -0.237500832     0.009424401
     0.391622196    -0.921623075    10.555812620
     0.369227788    -0.917239910    10.423190583
     0.211831485    -1.053315352    13.029301474
     0.224793630    -1.036693035    12.760317724
     0.268460252    -0.975086231    11.567739731
     0.969130666    -1.641358082    -1.621762769
     0.269771091    -1.011882608    12.414342665
     0.445293116    -0.231026222     0.033236314
     0.325125958    -0.900312889    10.408418546
     0.354062379    -0.854513299     9.618695721
     0.305469710    -0.905037902    10.637750834
     2.086702322    -1.192549511     2.530341169
     0.397463332    -0.822034431     9.278407364
     0.449029330    -0.223139144     0.028460640
     0.345020501    -0.862019206    10.059176108
     0.312961286    -0.915411404    11.207898881
     0.340965951    -0.879202416    10.577307247
     0.395122285    -0.809077074     9.442644260
     0.456009402    -0.714973577     7.931443495
     0.499456361    -0.638173570     6.861006467
     0.455129362    -0.217247476     0.086546226
     0.269499686    -1.063188714    15.166094064
     0.521495225    -0.645534959     7.429405991
     0.569270523    -0.553684513     6.397428496
     0.576799535    -0.551944943     6.506097330
     0.650904754    -0.434332223     5.790971144
     0.745976641    -0.372035380     6.682428974
     0.458413778    -0.209664337     0.081866216
     0.519712171    -0.226955649     1.342329407
     0.608512971    -1.315739043    -2.112985973
    11.866446017     0.554067499     1.035707704
     1.091647424    -1.585673104    -0.344251350
     1.634296510    -1.362039579     1.280069342
     1.259218013    -1.546186943    -0.093358846
     1.817050326    -1.516313659     2.618954159
     1.624538811    -1.556432935     3.612308230
     0.460792044    -0.195067483     0.007718195
     0.463714319    -0.187775384     0.005918054
     0.466715966    -0.180569605     0.008688249
     0.580498002    -0.245993641     2.611735971
     0.605971808    -0.240564780     3.038728960
     0.660897026    -0.120265905     3.526854675
     0.651321558    -0.196285986     3.597020817
     0.674217566    -0.066608383     3.725101939
     0.700897202     0.115913120     5.147616982
     0.622298728    -0.221183300     3.235554916
     0.914128969     0.087722528     0.681763254
     0.469465394    -0.173262628     0.008458913
     0.780101166     0.660961488     0.133769399
     0.472020237    -0.165975404     0.007125549
     1.164495426     0.799470662    -1.127095104
    -0.571436028    -1.287122597     0.561832587
     0.474206765    -0.158771198     0.001721002
    -0.267304192    -1.398595211     2.083421647
    -0.131772763    -1.607669608     3.306130295
     0.146247917    -1.627948876     2.661794583
     0.103242831    -1.715688666     3.634820059
     0.323244678    -1.850363015     3.149550440
     0.091355291    -1.862038778     4.264434535
     0.698987785     0.205257436     1.807251233
    -0.667988119    -0.760430915    11.571677363
     0.593361292    -1.470114954    -1.060973680
     0.276115078    -1.721043532     2.589785455
     0.393165887    -1.724825471     1.801236600
     0.594659935    -1.754916355     1.335735135
     0.807587706    -1.463601347    -2.980079698
     0.433724512    -1.974946151     1.339225079
     0.577854208     0.147470003     0.521236932
     1.138386908    -1.303344407     1.877147136
     1.403154705    -1.717321966    -0.000763979
     1.547744203    -1.461298942     1.862828818
     0.588888098     0.876463928     2.357831582
     0.905702917     0.365303958     0.358739620
     0.669306760     0.639755229     0.802434400
     0.699746581     1.129378645     4.061866815
     0.393230610     0.553680807    -1.535278829
     0.717794032     0.854547721     2.392143193
     0.816918364     0.557392910    12.998697294
     0.881925497     1.150992388     2.748494211
     0.934625961     1.153860284     1.763068505
     1.101348860     1.065433070     2.388338087
     1.001775474     1.070694848     6.228867492
     1.132091413     0.909635153     0.706715397
     1.012312792     1.313236341     2.722352948
    -0.583213436    -0.674200582     7.956845617
    -0.799613144    -0.769790925    14.495144065
    -0.866274161    -0.705823298    15.676021205
    -0.683797750    -0.664976428    11.452153077
    -0.403596737    -0.764840370     3.968435520
    -0.291189540    -0.937025645     1.495289702
    -0.234546435    -1.049129835     0.825834238
     0.871225522     0.897055690    19.704988062
    -0.207136501    -1.338241071     2.407466577
    -0.341018825    -1.226993464     1.873173952
     0.827441682     1.048745651    22.169753805
     0.506618021    -1.559128744     1.505977191
     0.365274660    -1.555636007     1.412169422
     0.251606088    -1.511644208     1.053367426
     0.115999193    -1.466611042     0.445634848
     0.061891500    -1.304350428    -0.671542222
    -0.012146526    -1.396793096     1.259568586
     0.018581763    -1.671371671     3.516402807
     0.557397503    -1.511110052     0.274222357
     0.969564396    -2.002429228     6.076843032
     0.802474770    -1.994122484     3.631299879
     1.119970875     1.198250533    27.262128233
     0.483446505    -0.127643588     0.000382047
     0.485533006    -0.120429195     0.005017636
     0.878983937     0.850554210    18.137883503
     0.956568842     1.049870022    22.454223828
     1.171156230     1.167806712    26.627830353
     0.487379723    -0.112890132     0.005770470
     0.196228967     1.429426017    28.042342970
     0.396449243     1.276207946    24.135640917
     0.463767706     1.750154636    33.876080369
     0.577246802     1.949144925    37.889815411
     0.489152661    -0.105243549     0.007036724
     0.490798359    -0.097583392     0.008216117
     0.492254282    -0.089875459     0.007942885
     0.493650278    -0.082158937     0.008918297
     0.494881424    -0.074399716     0.008963336
     0.495913251    -0.066606873     0.007434302
     0.496974964    -0.058820625     0.008984095
     0.497837595    -0.051007393     0.008984977
     0.498577506    -0.043181470     0.008987857
     0.499108844    -0.035338741     0.007275153
     0.499687719    -0.027499477     0.008985230
     0.500058016    -0.019647333     0.008985215
     0.500304934    -0.011790340     0.008985257
     0.500428406    -0.003930438     0.008985239
     9.600317373    -2.035935722     1.204672490
    10.230566157    -0.313994100     1.033906060
     9.743001717    -2.061552215     1.261500566
     9.776128416    -1.967999359     1.289689104
    11.719186449    -0.044907609     1.011665365
    11.081961814     0.747307810     1.038562841
     9.090959661    -1.758955560     1.221920045
    10.986836369     0.892464114     1.056512055
     9.720214105    -1.663862022     1.332098671
     9.498973803    -2.156179825     1.153718988
     9.637319673    -1.572509859     1.329553698
    11.030291558     0.733425383     1.027887133
    10.569913902     0.212232403     1.036203588
    10.004386930    -1.704745100     1.193664209
    11.746017010    -0.099475044     1.037246147
     9.592919362    -1.511099437     1.352358236
    11.737041295    -0.230700453     1.069761669
    11.829551893     0.104728190     1.004180706
     9.869386436    -2.015584263     1.300811666
     9.330532482    -1.524603821     1.269343095
     9.846542622    -1.901005675     1.314076884
     9.982833467    -1.786315142     1.261790924
    10.873853512    -0.539780650     1.038250141
     9.269667969    -1.771423182     1.174531245
     9.778317840    -2.044716222     1.259599702
     9.378932493    -1.935101239     1.193206761
    11.847578023    -0.208224334     1.064851441
     9.945436565    -1.751249733     1.293233413
     9.787537852    -2.089810414     1.263255983
     9.751627215    -2.033635769     1.253196260
     9.421902592    -1.870725542     1.253886453
     9.406261870    -1.399872081     1.205462208
     9.461971452    -1.452136847     1.283592580
     9.820680719    -1.857527106     1.348287345
     9.883959604    -1.927870513     1.280633879
    11.508518967    -0.764054757     1.107351251
    11.734569633    -0.823773091     1.137814665
    11.697175394    -0.782540449     1.110754941
     9.517103139    -1.392468489     1.191154486
     9.511175849    -1.543739808     1.331489635
     9.564621812    -2.095962953     1.122973416
     9.525037519    -2.119849921     1.088698085
     9.978011845    -1.825809606     1.282940462
    11.769022463    -0.471713870     1.079153603
    11.941741607    -0.261476441     1.071983703
     9.717644030    -1.823317279     1.367673248
     9.726735007    -1.877021849     1.321238399
     9.830241219    -1.837589237     1.334306404
     9.484433466    -0.603792160     1.047167769
     9.377639693    -2.080849759     1.098979356
     9.574311951    -0.641892224     1.038086559
    11.659115222    -0.479224459     1.052539320
    11.789395946     0.008050913     1.016399021
     9.561262779    -0.685778977     1.056740407
     9.549837023    -0.766450294     1.106385793
    11.438925302    -0.455398094     1.062380778
    10.762842542    -0.262736688     1.060626819
     9.591317937    -0.448936957     1.057397756
    11.861257517    -0.145947131     1.030770815
    11.392732586    -0.520820004     1.091222978
    11.691937746    -0.848689455     1.135785773
    11.614412405    -0.511593267     1.074778770
    11.769712826    -0.793803785     1.122794194
     9.054846655    -1.808535373     1.164104733
     9.453574133    -1.702581263     1.395378559
    11.696113313    -0.616722090     1.097277643
     9.614358687    -1.389676209     1.175605437
    10.536988853    -0.719299027     1.192142898
    11.094238469    -0.576506715     1.063663698
    11.030806161    -0.591505264     1.083837378
    11.101718378    -0.641860006     1.127756351
     9.669073551    -1.657781760     1.377503498
     9.531263648    -2.008163756     1.180981031
    10.625173781    -0.597673568     1.047106411
    10.689774904    -0.728495094     1.179869548
     9.649557459    -1.642835089     1.382538645
     9.173926249    -1.735532538     1.183789073
     9.722532432    -1.701696246     1.385871077
     9.821914562    -1.608204637     1.268764137
    10.339361185    -0.519890229     1.064948157
    11.138095727    -0.622715754     1.103398339
     9.732682022    -2.075246844     1.257461228
    10.576958713    -0.768740070     1.202264142
    10.475287035    -0.535851943     1.031241384
    10.631521675    -0.687810777     1.142126602
    10.749330479    -0.677125162     1.101412137
     9.926455628    -1.716843451     1.244501876
    10.252434064    -0.810885176     1.118624964
     9.358524529    -1.349958709     1.179498726
    11.511436542    -0.930966577     1.170685679
     9.752420514    -1.957870875     1.293289386
    10.348875067    -0.407831718     0.996929756
     9.739061097    -1.874231855     1.316433427
     9.523914821    -1.751877745     1.414096503
     9.538475258    -1.186091561     1.028512264
    10.538334278    -0.670797882     1.132473094
    10.632412422    -0.521894391     1.001288534
    10.576937406    -0.611539859     1.078501347
     9.582420988    -0.902810032     1.130358125
     9.779907052    -0.720578377     1.063718350
    10.682543776    -0.662099112     1.082620248
    10.431093553    -0.565686857     1.075678788
    11.008633481    -0.673078581     1.088675421
    10.558499232    -0.445835311     0.975793756
     9.882224461    -1.689357751     1.242841407
     9.682205986    -0.712107562     1.072122411
    10.320403912    -0.860511405     1.107613933
     9.097268025    -1.864546272     1.162999926
     9.153751255    -1.900447850     1.205391287
     9.510858958    -0.999801052     1.084565166
     9.895903627    -0.699997944     1.072293208
     9.540835436    -2.139442327     1.147798109
     9.602710951    -1.770052108     1.394656883
     9.417126240    -1.593035552     1.338875194
     9.639217241    -1.175586578     0.983455255
    10.414433757    -0.306558413     0.989223186
    10.424488008    -0.640917649     1.137132295
     9.356001583    -1.991991228     1.153571029
    10.484719388    -0.678839755     1.152721274
     9.962115579    -1.694907580     1.178352717
    10.436048495    -0.461369337     0.989942922
    10.740366838    -0.757452868     1.168347622
     9.219881555    -1.770194442     1.180002938
     9.939184906    -1.575547127     1.144168500
     9.765834917    -1.461757018     1.131539254
     9.506510756    -1.850476808     1.272536139
     9.873964699    -1.511356646     1.150075592
     9.682470613    -0.866857864     1.051599807
    10.479602522    -0.769361849     1.196098495
    10.598933768    -0.188793511     1.016635092
     9.704234312    -1.291938623     1.012558979
     9.591802676    -1.465035073     1.269622438
     9.685833516    -1.457226080     1.200138473
    10.556161815    -0.566339234     1.019476118
     9.948254529    -1.438927328     1.060362117
     9.637966270    -0.926768839     1.095658330
     9.623187635    -1.271407962     1.043917507
     9.902067320    -1.531584703     1.103460075
     9.849192681    -1.437443237     1.070968233
     9.717601137    -0.819685134     1.102271813
    10.809697029    -0.463929964     1.004727520
     9.928173953    -1.445651223     1.075340376
    10.289789144    -0.882568868     1.133613918
     9.569231863    -1.379378669     1.182496755
     9.632208485    -1.330756116     1.107599717
     9.368800085    -1.309406613     1.162382536
     9.702669024    -0.918314520     1.063824661
     9.937549449    -1.842870680     1.270626694
     9.299418363    -1.533189659     1.270418556
     9.713366229    -0.961805614     1.073983418
     9.357603099    -1.788610600     1.219393803
     9.566213540    -1.496704727     1.328701000
     9.837301070    -0.836014648     1.102099827
     9.591728720    -0.945579758     1.091372387
     9.984139103    -1.839768340     1.255058664
     9.889337431    -1.565274076     1.132470970
     9.810385247    -1.335404510     1.011107915
     9.721481359    -1.425196359     1.128788093
     9.630296521    -1.382893802     1.158330585
     9.544423709    -1.315229054     1.121065648
     9.187892173    -1.838661336     1.177334419
     9.627999673    -1.448573959     1.230213654
     9.568072504    -1.282169407     1.064943322
     9.797049668    -1.403975220     1.075353001
     9.494896717    -1.324945564     1.150699493
     9.284196952    -1.741152521     1.158844826
    10.481841979    -0.267143408     0.992843060
     9.634362348    -1.613961224     1.369193879
    10.353512445    -0.462793270     1.009752767
     9.573968886    -1.335982462     1.129276802
     9.734849420    -1.360672095     1.078010175
     9.807149144    -1.600712948     1.257837588
     9.815542947    -0.780715001     1.086062414
     9.655704542    -1.233248719     1.001365844
     9.880576035    -1.772255330     1.305517803
     9.895293923    -1.960634977     1.300808791
     9.955571836    -1.882063553     1.271917065
     9.479484243    -1.287324401     1.096741298
     9.603290332    -1.222768610     1.005358079
     9.434775757    -1.426191400     1.243546215
     9.563734089    -1.431019137     1.240816715
     9.475107614    -2.100428175     1.082917751
     9.852230623    -1.828964233     1.324198528
     9.584401767    -2.098188273     1.147596766
     9.798455695    -1.786777645     1.348291132
     9.677193894    -1.311717723     1.052800068
     9.506576955    -1.420182682     1.250445680
     9.876741850    -1.951662284     1.292424609
     9.688415939    -1.341508440     1.110847811
     9.476974524    -2.037330461     1.168376738
    11.506004470    -0.957690782     1.175713577
     9.853822008    -1.594524858     1.201369748
     9.687796363    -1.529265666     1.268642132
     9.477000169    -1.559857314     1.326728460
     9.745073320    -1.623701171     1.309886769
     9.389146653    -1.866457173     1.229794269
     9.895744970    -2.015285703     1.299493659
     9.744215564    -1.289072467     1.004624880
     9.822276012    -1.473507347     1.145715109
     9.516620309    -1.246858596     1.047252113
    11.606545438    -0.402975315     1.055139051
     9.743934044    -1.520724698     1.239188935
     9.688558703    -1.585734694     1.331160653
     9.518430733    -1.349622961     1.176174851
     9.684303902    -1.224377109     0.987480399
     9.912661985    -1.590238964     1.212157518
    11.915047395     0.139114978     1.015225154
     9.572583688    -0.962690926     1.084677928
     9.875110036    -1.553452475     1.121239969
    10.767936274    -0.303218725     1.005612698
     9.518781931    -0.776173470     1.113239895
     9.635600671    -1.417836468     1.156877142
     9.585133153    -2.031105902     1.199077686
    10.017692236    -1.796294521     1.246551556
     9.670112133    -1.508457151     1.270994626
     9.607585601    -1.414253631     1.179615966
     9.768587087    -1.440069077     1.110629769
     9.351775149    -2.037028066     1.085028435
     9.686004722    -1.212513966     0.966076340
     9.749584000    -1.759931254     1.393717496
     9.763966254    -1.580142012     1.274209989
     9.613184102    -1.639498900     1.394575013
     9.768069849    -1.502236062     1.192028284
    10.874089563    -0.290164774     1.036565791
     9.836646160    -1.361140611     1.046115681
     9.791256315    -1.581280999     1.247677674
     9.586699120    -1.022796641     1.065684709
     9.765655128    -1.752749836     1.361248660
     9.045460053    -1.881879606     1.186413450
     9.936467703    -1.895042499     1.306232026
     9.517114243    -1.287170703     1.086214134
     9.598417528    -1.490334042     1.325562191
     9.963870420    -0.746787224     1.086293495
     9.917213983    -1.840149042     1.282155678
     9.158955058    -1.779333557     1.187367430
     9.227788682    -1.507284078     1.236340539
     9.490644872    -2.063605185     1.138178207
     9.863881586    -1.637648540     1.256879809
     9.777191454    -1.660730692     1.305461742
     9.547775811    -1.814978716     1.427212848
     9.418716169    -1.744624314     1.356372103
    10.746111239    -0.712106696     1.164948263
     9.795116484    -1.493695576     1.193224803
     9.551328240    -1.449016311     1.282512127
     9.831735355    -1.771430614     1.310136614
     9.469421740    -1.365644325     1.189472788
     9.782318744    -0.864793074     1.093030995
     9.509123360    -1.163172422     1.048712240
     9.774494665    -1.704800615     1.349266314
     9.534066549    -2.104312459     1.099859535
     9.665128861    -1.189545144     0.989302571
     9.650724550    -0.972586203     1.100634918
     9.868134280    -2.030644090     1.276113827
     9.819916990    -0.735077137     1.065396909
     9.796581756    -1.553120373     1.227484540
     9.704920615    -1.552451606     1.278679866
    10.217775291    -0.829444583     1.120619171
     9.750849351    -2.109704979     1.248978489
     9.872370398    -1.833433626     1.324962147
     9.466059859    -1.987149844     1.199624450
    11.635395007    -0.901728521     1.130536354
     9.504630740    -1.480868373     1.309790513
     9.480030234    -0.623067219     1.074059607
    10.645426971    -0.187581082     1.022767424
     9.250145277    -1.480305475     1.228284425
    11.029810378    -0.668221252     1.100167624
     9.654556029    -1.700297180     1.386068015
     9.508054003    -0.601606280     1.049813490
     9.122062366    -1.780588795     1.201383087
    10.312854086    -0.814079420     1.113095933
     9.351399229    -1.757052945     1.238917421
     9.542837390    -1.690091306     1.366184953
     9.534141647    -1.510897003     1.342518467
    11.384446238    -0.653151037     1.100930188
     9.484656771    -1.761382081     1.394130380
     9.878353494    -1.863891958     1.310964222
    10.428942500    -0.860437498     1.153366401
     9.409169066    -2.042156592     1.093472750
     9.441508405    -1.913614202     1.219242609
    10.817286768    -0.340776874     1.003095061
     9.620398712    -1.896961381     1.286202094
     9.278966188    -1.708655731     1.215381114
     9.523769965    -1.824559415     1.372703482
     9.417051743    -1.971685076     1.186041374
     9.611223930    -1.549702252     1.338458036
     9.682723478    -0.834671934     1.073946432
    10.379351100    -0.707246502     1.160971957
    10.432277483    -0.832040798     1.206201271
     9.389332575    -1.227162713     1.129066208
     9.527238936    -0.587407693     1.084532296
     9.708319248    -2.127694318     1.223005650
     9.523034344    -0.633860229     1.038272886
    10.414591737    -0.231168579     1.001492216
     9.428873488    -1.107080386     1.100179638
     9.513858340    -0.656795398     1.057158103
     9.571949020    -0.700793879     1.069667699
     9.455277082    -2.065631129     1.106558131
     9.087643508    -1.803285455     1.176987906
     9.301341301    -1.680645753     1.336206257
     9.607216795    -0.475131612     1.036923371
     9.545997771    -1.908548058     1.273551099
     9.534373236    -0.458826362     1.062658429
     9.544289936    -0.724961458     1.084940875
     9.117571195    -1.733232404     1.218043725
     9.620210454    -1.867740803     1.377909822
     9.056789368    -1.932521572     1.197623522
     9.496427339    -0.952738382     1.088964897
     9.320165467    -1.697049630     1.299642324
     9.439568351    -2.088526677     1.040714331
     9.558817589    -1.651820558     1.394399128
     9.565425522    -2.030858823     1.168322773
     9.373603699    -1.728606856     1.333663369
     9.563172244    -1.949095030     1.203278993
     9.436643379    -1.797814800     1.302049557
     9.509814592    -1.902076780     1.236876817
     9.187819236    -1.689903191     1.221320165
     9.486985061    -2.008891047     1.193411275
     9.452406845    -1.830588466     1.254864605
     9.391996271    -2.019745731     1.121709860
     9.576354025    -0.926409201     1.108953994
     9.661702419    -1.596594336     1.353272207
     9.611032969    -0.619096289     1.039358434
