     0.521765740     0.002463469     0.078193122
     0.521443322     0.008898465     0.072803858
     0.521350736     0.015312718     0.073247998
     0.521132338     0.021738478     0.073821590
     0.520802266     0.028175681     0.074168934
     0.520404734     0.034610511     0.074334761
     0.519973225     0.040990912     0.073987661
     0.519482177     0.047374623     0.074263612
     0.518894501     0.053770340     0.074687767
     0.518209690     0.060145254     0.074666164
     0.517438476     0.066517397     0.074708898
     0.516576942     0.072885466     0.074737111
     0.515662069     0.079258355     0.075512116
     0.514678540     0.085604728     0.076375660
     0.513556526     0.091977866     0.076632745
     0.512340354     0.098392335     0.076980931
     0.511132986     0.104641263     0.076869178
     0.509846646     0.110884577     0.076646569
     0.508504564     0.117176364     0.077550259
     0.507100303     0.123430336     0.078584446
     0.505557180     0.129668106     0.078599507
     0.503930909     0.135896244     0.078714525
     0.502212695     0.142112822     0.078753766
     0.500468915     0.148343810     0.080140657
     0.498659977     0.154523716     0.081503552
     0.496678464     0.160732586     0.081724965
     0.494586905     0.166991635     0.081921392
     0.492557033     0.172982888     0.081689884
     0.490509961     0.179027348     0.083089206
     0.488348595     0.185121861     0.084630215
     0.486059872     0.191129946     0.084684142
     0.483693982     0.197131550     0.084973814
     0.481244802     0.203115639     0.085313696
     0.478698862     0.209075802     0.085411270
     0.476149946     0.215062013     0.087389265
     0.473551967     0.220976330     0.089400608
     0.470747114     0.226887335     0.089548540
     0.467854541     0.232795621     0.089824710
     0.464703030     0.238629511     0.086364957
     0.461240833     0.243991314     0.073663429
     0.458406471     0.249748503     0.077413319
     0.455954393     0.255842901     0.092982498
     0.452858437     0.261532709     0.094884156
     0.449600756     0.267170403     0.095152486
     0.446072944     0.272672404     0.091093654
     0.442129637     0.277952474     0.079330864
     0.438766030     0.283619703     0.083226244
     0.435213618     0.289135400     0.084063594
     0.431593350     0.294592182     0.084851754
     0.428487073     0.300345012     0.098995084
     0.424835432     0.305895346     0.103703643
     0.420712797     0.311181311     0.099385773
     0.416282472     0.316167153     0.087865816
     0.412448473     0.321515323     0.091494270
     0.408530550     0.326683991     0.093047160
     0.404423179     0.331834918     0.093270738
     0.400247596     0.336972715     0.094071775
     0.396017468     0.342076168     0.095338430
     0.391732064     0.347152860     0.097156166
     0.387385881     0.352199251     0.099402663
     0.382975173     0.357212617     0.101994796
     0.378496414     0.362189999     0.104850880
     0.373931333     0.367111439     0.107443484
     0.369226583     0.371914905     0.108157268
     0.364453532     0.376679769     0.109124686
     0.359604794     0.381414537     0.110368039
     0.354759794     0.386061799     0.112057809
     0.349777854     0.390715620     0.113863292
     0.344733984     0.395320735     0.115929459
     0.339600777     0.399893437     0.118117607
     0.334439137     0.404395356     0.120511890
     0.329289911     0.408803789     0.123213628
     0.324037606     0.413181904     0.125916628
     0.318702781     0.417485617     0.128268909
     0.313191272     0.421732452     0.129505954
     0.307683468     0.425891277     0.131163800
     0.302090809     0.430001576     0.132882462
     0.296424755     0.434057600     0.134742601
     0.290686295     0.438056063     0.136724278
     0.284888468     0.442018712     0.139352211
     0.279032925     0.445950549     0.142749040
     0.273074840     0.449765875     0.145017830
     0.267043214     0.453514853     0.147331111
     0.260937909     0.457195714     0.149678370
     0.254758380     0.460805687     0.152028028
     0.248504443     0.464342677     0.154363980
     0.242176633     0.467806024     0.156702352
     0.235774797     0.471193497     0.159025644
     0.229299017     0.474503267     0.161325841
     0.222749430     0.477733517     0.163595939
     0.216126221     0.480882437     0.165829800
     0.209429623     0.483948222     0.168022009
     0.202659910     0.486929059     0.170167743
     0.195817400     0.489823129     0.172262632
     0.188902451     0.492628596     0.174302599
     0.181915456     0.495343593     0.176283642
     0.174856855     0.497966213     0.178201529
     0.167727150     0.500494472     0.180051438
     0.160526973     0.502926294     0.181828016
     0.153257232     0.505259592     0.183527826
     0.145919361     0.507494154     0.185186186
     0.138513737     0.509625420     0.186749267
     0.131041165     0.511653693     0.188257580
     0.123502082     0.513577201     0.189710771
     0.115897120     0.515393978     0.191106611
     0.108227092     0.517102026     0.192443748
     0.100492928     0.518699364     0.193722085
     0.092695637     0.520184032     0.194942561
     0.084836294     0.521554089     0.196106929
     0.076916033     0.522807602     0.197217608
     0.068936043     0.523942650     0.198277583
     0.060897568     0.524957314     0.199290310
     0.052801907     0.525849675     0.200259619
     0.044650412     0.526617814     0.201189578
     0.036444487     0.527259794     0.202084328
     0.028185589     0.527773659     0.202947847
     0.019875226     0.528157417     0.203783664
     0.011515155     0.528407137     0.204557406
     0.003106672     0.528524258     0.205340606
    -0.005348384     0.528504880     0.206099915
    -0.013847903     0.528343984     0.206779682
    -0.022384027     0.527997920     0.206555319
    -0.030959623     0.527507762     0.206284050
    -0.039573036     0.526871790     0.205975283
    -0.048223504     0.526088265     0.205638402
    -0.056917676     0.525155140     0.205279288
    -0.065587336     0.524081392     0.204928971
    -0.074343674     0.522844257     0.204556380
    -0.083121514     0.521452367     0.204194953
    -0.091946302     0.519900133     0.203813118
    -0.100749630     0.518209227     0.203500746
    -0.109515361     0.516385763     0.203281623
    -0.118307746     0.514353090     0.202104751
    -0.127103124     0.512142195     0.200588152
    -0.135958710     0.509745909     0.198998932
    -0.144771981     0.507208600     0.197593123
    -0.153597932     0.504503468     0.196237155
    -0.162425611     0.501631944     0.194975608
    -0.171250670     0.498593153     0.193825490
    -0.180069495     0.495385486     0.192790366
    -0.188878399     0.492006666     0.191858993
    -0.197651292     0.488411179     0.190058584
    -0.206392895     0.484618060     0.187825738
    -0.215111720     0.480648880     0.185673507
    -0.223811068     0.476500963     0.183627900
    -0.232442233     0.472200886     0.181714231
    -0.241083235     0.467697686     0.179952076
    -0.249705304     0.463005958     0.178316001
    -0.258239165     0.458154500     0.176378405
    -0.266635741     0.453166185     0.173876076
    -0.275000066     0.447956727     0.170861565
    -0.283313037     0.442570285     0.168050347
    -0.291598919     0.436975795     0.165387024
    -0.299795662     0.431238027     0.163098339
    -0.307924904     0.425311968     0.160839198
    -0.315952158     0.419174788     0.157914465
    -0.323914172     0.412881439     0.155694852
    -0.331799099     0.406448426     0.154369729
    -0.339628581     0.399969107     0.155747536
    -0.347371607     0.393267321     0.156404137
    -0.354811895     0.386002830     0.148795443
    -0.362204515     0.378518455     0.141450776
    -0.369537550     0.371233694     0.139499177
    -0.376793158     0.363917013     0.139893333
    -0.384002309     0.356419680     0.141230106
    -0.390973921     0.348538897     0.138263609
    -0.397826540     0.340509144     0.135709922
    -0.404362939     0.332128537     0.128077191
    -0.410753980     0.323583357     0.120569524
    -0.417293711     0.315211179     0.122283520
    -0.423683241     0.306695529     0.124159639
    -0.429760875     0.297847444     0.121627845
    -0.435686055     0.288838177     0.119312916
    -0.441474818     0.279644908     0.117283850
    -0.446989647     0.270432128     0.113285295
    -0.452365852     0.261036566     0.109454020
    -0.457632396     0.251568260     0.107217331
    -0.462704408     0.241926202     0.104748665
    -0.467581128     0.232158353     0.102393302
    -0.472277014     0.222257654     0.100598439
    -0.476717785     0.212202542     0.097894736
    -0.480946040     0.202040328     0.095273480
    -0.485016753     0.191758283     0.094100525
    -0.488858142     0.181364356     0.092669004
    -0.492511739     0.170890913     0.091391160
    -0.495940688     0.160397732     0.088695913
    -0.499175114     0.149831897     0.085772494
    -0.502232616     0.139166747     0.083959588
    -0.505043695     0.128392616     0.082245419
    -0.507637166     0.117553399     0.081018090
    -0.509994177     0.106640473     0.080119568
    -0.512080252     0.095656456     0.078911478
    -0.513924411     0.084623115     0.077824990
    -0.515544179     0.073534183     0.077661380
    -0.516933904     0.062408296     0.077675868
    -0.518132209     0.051280449     0.077013759
    -0.519144882     0.040141590     0.075598112
    -0.519904933     0.028957103     0.074313876
    -0.520445337     0.017737116     0.074185508
    -0.520458013     0.006493165     0.068585361
    -0.520707776    -0.004726534     0.073135975
    -0.520481775    -0.015923069     0.073524918
    -0.520006574    -0.027125431     0.074051407
    -0.519290213    -0.038306993     0.075293308
    -0.518312585    -0.049445883     0.076557243
    -0.517149222    -0.060575718     0.077142681
    -0.515793891    -0.071703002     0.077099554
    -0.514210695    -0.082800287     0.077096023
    -0.512410498    -0.093841690     0.078163108
    -0.510368700    -0.104833725     0.079356250
    -0.508049519    -0.115755223     0.080116793
    -0.505493419    -0.126604806     0.081208043
    -0.502715953    -0.137376109     0.082870934
    -0.499698450    -0.148067343     0.084466227
    -0.496503473    -0.158639767     0.087346446
    -0.493112637    -0.169138889     0.090025964
    -0.489492154    -0.179623468     0.091196047
    -0.485686818    -0.190029847     0.092580547
    -0.481652155    -0.200330336     0.093665577
    -0.477465324    -0.210508285     0.096279933
    -0.473067001    -0.220579289     0.098993077
    -0.468405362    -0.230496957     0.100662282
    -0.463565189    -0.240283500     0.102952333
    -0.458532116    -0.249945348     0.105409685
    -0.453336193    -0.259444307     0.108327413
    -0.447727016    -0.268679832     0.105632993
    -0.442299545    -0.277937675     0.110843236
    -0.436730038    -0.287288238     0.117463262
    -0.430817566    -0.296316624     0.119359137
    -0.424772112    -0.305194610     0.121924329
    -0.418380652    -0.313724304     0.119416907
    -0.411854629    -0.322116195     0.117332689
    -0.405500291    -0.330690433     0.124935620
    -0.399036553    -0.339109456     0.133303913
    -0.392212614    -0.347158627     0.135713126
    -0.385271832    -0.355069279     0.138716684
    -0.378053077    -0.362581190     0.136658879
    -0.370807211    -0.369917794     0.135905698
    -0.363498219    -0.377213385     0.137677416
    -0.356141345    -0.384738254     0.145294505
    -0.348779082    -0.392048027     0.153779559
    -0.341005253    -0.398790836     0.152435779
    -0.333205098    -0.405257349     0.150625998
    -0.325337604    -0.411729077     0.152018688
    -0.317394216    -0.418053936     0.154205782
    -0.309385231    -0.424222007     0.157090312
    -0.301274475    -0.430184205     0.159408146
    -0.293085225    -0.435959915     0.161688975
    -0.284836079    -0.441556257     0.164186890
    -0.276495448    -0.447000824     0.166851137
    -0.268143361    -0.452221271     0.169455390
    -0.259760839    -0.457235315     0.171838490
    -0.251252371    -0.462104718     0.173695396
    -0.242636170    -0.466828150     0.175253566
    -0.234003533    -0.471359766     0.176908953
    -0.225380921    -0.475686172     0.178692878
    -0.216691435    -0.479862287     0.180654498
    -0.207982597    -0.483859716     0.182731881
    -0.199251067    -0.487681435     0.184903001
    -0.190490391    -0.491311064     0.186765372
    -0.181688937    -0.494717242     0.187606082
    -0.172877430    -0.497952435     0.188559229
    -0.164059515    -0.501018966     0.189636516
    -0.155238741    -0.503918465     0.190834475
    -0.146419362    -0.506651763     0.192134979
    -0.137612086    -0.509217039     0.193486024
    -0.128762881    -0.511643444     0.195063727
    -0.119972420    -0.513882750     0.196542148
    -0.111185502    -0.515949425     0.197798327
    -0.102418207    -0.517799354     0.197939821
    -0.093629437    -0.519513466     0.198192164
    -0.084804277    -0.521096343     0.198586792
    -0.076027901    -0.522516878     0.198933084
    -0.067273135    -0.523782797     0.199298658
    -0.058604474    -0.524882970     0.199606746
    -0.049911251    -0.525844770     0.199967568
    -0.041261228    -0.526656448     0.200302211
    -0.032647819    -0.527320463     0.200612029
    -0.024071773    -0.527838605     0.200888582
    -0.015534728    -0.528212589     0.201122404
    -0.007033780    -0.528405063     0.200530174
     0.001423813    -0.528451066     0.199766081
     0.009835247    -0.528360468     0.198982220
     0.018198689    -0.528137195     0.198212546
     0.026512859    -0.527779722     0.197383870
     0.034776006    -0.527292001     0.196531151
     0.042986630    -0.526676006     0.195650669
     0.051143283    -0.525933678     0.194738237
     0.059244569    -0.525066929     0.193789490
     0.067289146    -0.524077660     0.192800101
     0.075275728    -0.522967762     0.191765948
     0.083203081    -0.521739121     0.190683222
     0.091070032    -0.520393625     0.189548477
     0.098875465    -0.518933152     0.188358643
     0.106618323    -0.517359577     0.187110965
     0.114297606    -0.515674753     0.185802843
     0.121912364    -0.513880498     0.184431475
     0.129461657    -0.511978576     0.182993235
     0.136944471    -0.509970702     0.181483268
     0.144359621    -0.507858708     0.179897755
     0.151705640    -0.505643118     0.178206105
     0.158982493    -0.503329665     0.176485430
     0.166189757    -0.500918827     0.174712076
     0.173327107    -0.498412266     0.172885883
     0.180394032    -0.495811632     0.171005452
     0.187389986    -0.493118646     0.169070651
     0.194314456    -0.490335073     0.167082641
     0.201166977    -0.487462698     0.165043556
     0.207947137    -0.484503312     0.162956304
     0.214654576    -0.481458708     0.160824495
     0.221288981    -0.478330679     0.158652430
     0.227850094    -0.475121024     0.156445156
     0.234337703    -0.471831543     0.154208538
     0.240751654    -0.468464050     0.151949366
     0.247091849    -0.465020370     0.149675478
     0.253358444    -0.461502763     0.147404979
     0.259550860    -0.457911823     0.145120181
     0.265669292    -0.454249682     0.142837958
     0.271714269    -0.450519089     0.140589404
     0.277685926    -0.446721811     0.138385009
     0.283561112    -0.442818113     0.135289356
     0.289367179    -0.438862196     0.132484915
     0.295119847    -0.434880705     0.130565856
     0.300800310    -0.430841248     0.128767017
     0.306407533    -0.426747012     0.127106541
     0.311929762    -0.422603230     0.125493505
     0.317457906    -0.418373634     0.124357377
     0.322810205    -0.414087939     0.122139522
     0.328078376    -0.409723746     0.119489749
     0.333245813    -0.405325244     0.116821444
     0.338409404    -0.400844994     0.114450393
     0.343560586    -0.396286529     0.112357055
     0.348619426    -0.391695258     0.110343204
     0.353616538    -0.387055707     0.108599696
     0.358474770    -0.382419793     0.106914115
     0.363338994    -0.377698718     0.105732442
     0.368127407    -0.372946627     0.104815321
     0.372847822    -0.368155477     0.104151857
     0.377433985    -0.363253027     0.101779353
     0.381927928    -0.358287988     0.098967379
     0.386353974    -0.353286536     0.096416960
     0.390715629    -0.348251631     0.094209509
     0.395016600    -0.343186039     0.092428149
     0.399260577    -0.338091925     0.091149558
     0.403451646    -0.332968586     0.090424015
     0.407597483    -0.327808992     0.090304561
     0.411519396    -0.322671346     0.088923640
     0.415379603    -0.317322297     0.085369283
     0.419818704    -0.312359691     0.097037156
     0.423956375    -0.307078704     0.101320721
     0.427605717    -0.301539865     0.096363097
     0.430724786    -0.295804589     0.082298475
     0.434367532    -0.290351343     0.081597254
     0.437951502    -0.284850102     0.081115430
     0.441333589    -0.279190254     0.077274173
     0.445305191    -0.273914738     0.089237727
     0.448843399    -0.268414808     0.093165589
     0.452115298    -0.262786844     0.092907750
     0.455215110    -0.257104513     0.090812686
     0.457679151    -0.251028973     0.075287708
     0.460553550    -0.245279637     0.071992794
     0.464043661    -0.239905364     0.084765616
     0.467190395    -0.234096780     0.088134974
     0.470100184    -0.228195934     0.087901147
     0.472822325    -0.222257415     0.085684951
     0.474805952    -0.216086498     0.070027370
     0.477323599    -0.210095325     0.067099723
     0.480494783    -0.204383057     0.080126378
     0.483124137    -0.198463967     0.083286227
     0.485513154    -0.192466827     0.083130585
     0.487819633    -0.186462800     0.083108931
     0.490007220    -0.180370588     0.081744803
     0.492077995    -0.174323592     0.080453277
     0.494108551    -0.168344413     0.080547719
     0.496213853    -0.162095743     0.080390691
     0.498204183    -0.155886982     0.080008639
     0.500086011    -0.149727992     0.079839407
     0.501852042    -0.143500387     0.078570105
     0.503531682    -0.137270394     0.077387650
     0.505178277    -0.131047769     0.077364733
     0.506734891    -0.124813089     0.077297058
     0.508204624    -0.118572746     0.077271371
     0.509571876    -0.112282461     0.076534874
     0.510833003    -0.106026927     0.075888654
     0.512050267    -0.099796178     0.076108150
     0.513291207    -0.093382701     0.075915604
     0.514430895    -0.087011851     0.075683869
     0.515437014    -0.080667057     0.074945484
     0.516375281    -0.074295708     0.074307845
     0.517252596    -0.067929597     0.074267567
     0.518039919    -0.061558925     0.074217995
     0.518740202    -0.055185108     0.074219472
     0.519351006    -0.048789767     0.073926070
     0.519864328    -0.042405915     0.073764419
     0.520310210    -0.036024743     0.074068991
     0.520717531    -0.029596884     0.073958892
     0.521063454    -0.023159563     0.073595170
     0.521304856    -0.016730942     0.073143181
     0.521328125    -0.010369777     0.075224016
     0.511365989     0.003399355     0.218715434
     0.500432433     0.003932547     0.009066107
     0.500313231     0.011794703     0.009153212
     0.500071455     0.019652798     0.009258091
     0.499674334     0.027493908     0.008711825
     0.499176884     0.035338807     0.008632653
     0.498556325     0.043174895     0.008554467
     0.497812810     0.051000217     0.008477235
     0.496946525     0.058812839     0.008400956
     0.495957684     0.066610836     0.008325600
     0.494846531     0.074392288     0.008251140
     0.493613342     0.082155280     0.008177592
     0.492258426     0.089897905     0.008105062
     0.490782129     0.097618260     0.008033749
     0.489184827     0.105314447     0.007963899
     0.487466926     0.112984570     0.007895740
     0.485628859     0.120626738     0.007829415
     0.483671082     0.128239065     0.007764954
     0.481594076     0.135819674     0.007702295
     0.479398350     0.143366698     0.007641351
     0.477084444     0.150878283     0.007582080
     0.474652928     0.158352584     0.007524540
     0.472104411     0.165787769     0.007468897
     0.469439530     0.173182013     0.007415389
     0.466658953     0.180533501     0.007364258
     0.463763376     0.187840422     0.007315677
     0.460753516     0.195100975     0.007269718
     0.457630115     0.202313371     0.007226339
     0.454393939     0.209475831     0.007185430
     0.451045779     0.216586589     0.007146859
     0.447586458     0.223643888     0.007110481
     0.444016822     0.230645967     0.007075997
     0.440337722     0.237591042     0.007042271
     0.436549902     0.244477365     0.007006025
     0.432654174     0.251303771     0.006970467
     0.428652526     0.258068693     0.006954835
     0.424545553     0.264769452     0.006941875
     0.420333716     0.271404610     0.006923998
     0.416017960     0.277972509     0.006899298
     0.411598998     0.284471901     0.006866093
     0.219261063     0.471088025     0.164754217
     0.212527031     0.474176681     0.164860397
     0.205763148     0.477158909     0.164868179
     0.198973783     0.480044392     0.164982151
     0.192150669     0.482816940     0.164834177
     0.185298834     0.485486195     0.164635903
     0.178419069     0.488053104     0.164406187
     0.171512233     0.490518468     0.164161751
     0.164576628     0.492874031     0.163731079
     0.157618419     0.495138252     0.163499193
     0.150635631     0.497302503     0.163285480
     0.143628976     0.499367082     0.163095626
     0.136599085     0.501332200     0.162933193
     0.129546506     0.503197976     0.162799783
     0.122471710     0.504964426     0.162694837
     0.115375109     0.506631393     0.162614654
     0.108257197     0.508198385     0.162549881
     0.101119316     0.509664576     0.162488282
     0.093963720     0.511031163     0.162460417
     0.086789628     0.512299820     0.162494978
     0.079595797     0.513470024     0.162578087
     0.050627332     0.517142550     0.162998447
     0.028720689     0.518808942     0.163007855
     0.006703850     0.519517514     0.162495509
    -0.015369869     0.519284460     0.161983630
    -0.037481019     0.518122618     0.161898020
    -0.059687586     0.516077494     0.163477590
    -0.074577477     0.514200789     0.165283490
    -0.082038640     0.513075016     0.165787423
    -0.089499164     0.511818865     0.165908888
    -0.096945020     0.510435193     0.165669536
    -0.104357591     0.508918698     0.164898883
    -0.111751353     0.507282509     0.163894452
    -0.119118748     0.505550653     0.163092969
    -0.126465197     0.503739924     0.162833518
    -0.133790623     0.501864910     0.163390879
    -0.141105939     0.499908348     0.164473304
    -0.148437771     0.497838796     0.165614763
    -0.155808828     0.495662208     0.167091940
    -0.163201775     0.493324162     0.167826052
    -0.170598730     0.490826876     0.167824093
    -0.177946087     0.488165365     0.166722091
    -0.185225404     0.485356804     0.164754522
    -0.192429345     0.482438847     0.162597263
    -0.199573654     0.479447520     0.161040560
    -0.206694679     0.476400783     0.160692232
    -0.242693705     0.459387862     0.166993554
    -0.249744382     0.455437127     0.164763271
    -0.283742911     0.435011723     0.165649502
     0.407078623     0.290901973     0.006845416
     0.402458574     0.297260868     0.006844700
     0.397740228     0.303546481     0.006861235
     0.392923946     0.309756368     0.006870840
     0.388010167     0.315889256     0.006864375
     0.382999816     0.321944166     0.006844262
     0.377894917     0.327920460     0.006834091
     0.372697352     0.333816180     0.006837324
     0.367408172     0.339629609     0.006846881
     0.362028511     0.345359311     0.006860073
     0.356559632     0.351003889     0.006876162
     0.351002858     0.356561963     0.006894914
     0.345359548     0.362032164     0.006916215
     0.339631086     0.367413146     0.006939977
     0.333818877     0.372703582     0.006966127
     0.327924348     0.377902169     0.006994599
     0.321948948     0.383007624     0.007025335
     0.315894145     0.388018689     0.007058287
     0.309761425     0.392934130     0.007093412
     0.303552298     0.397752735     0.007130671
     0.297268289     0.402473314     0.007170021
     0.290910944     0.407094705     0.007211421
     0.284481825     0.411615766     0.007254825
     0.277982513     0.416035383     0.007300180
     0.271414606     0.420352463     0.007347429
     0.264779719     0.424565940     0.007396510
     0.258079483     0.428674774     0.007447358
     0.251315547     0.432677948     0.007499902
     0.244489573     0.436574472     0.007554070
     0.237603240     0.440363383     0.007609788
     0.230658242     0.444043744     0.007666980
     0.223656286     0.447614642     0.007725570
     0.216599096     0.451075195     0.007785483
     0.209488408     0.454424545     0.007846642
     0.202325972     0.457661863     0.007908971
     0.195113550     0.460786345     0.007972394
     0.187852918     0.463797218     0.008036838
     0.180545862     0.466693734     0.008102226
     0.173194183     0.469475176     0.008168484
     0.165799689     0.472140852     0.008235539
     0.158364203     0.474690101     0.008303317
     0.150889556     0.477122289     0.008371744
     0.143377589     0.479436812     0.008440748
    -0.518060866     0.005405027     0.125402517
     0.135830154     0.481633094     0.008510258
     0.128249116     0.483710588     0.008580202
     0.120636358     0.485668772     0.008650513
     0.113039511     0.487682393     0.012341901
     0.105364826     0.489396920     0.012322807
     0.097663349     0.490990948     0.012305801
     0.089937900     0.492466059     0.012333861
     0.082191136     0.493820523     0.012382735
     0.074424551     0.495053106     0.012432654
     0.066639686     0.496163530     0.012482700
     0.058838350     0.497151535     0.012532717
     0.051022435     0.498016879     0.012582647
     0.043193860     0.498759344     0.012632446
     0.035354553     0.499378747     0.012682071
     0.027506449     0.499874931     0.012731478
     0.019651483     0.500247769     0.012780626
     0.011791594     0.500497168     0.012829473
     0.003928722     0.500623062     0.012877978
    -0.003935192     0.500625418     0.012926100
    -0.011798208     0.500504231     0.012973799
    -0.019658385     0.500259528     0.013021036
    -0.027513781     0.499891367     0.013067775
    -0.035362459     0.499399837     0.013113977
    -0.043202478     0.498785055     0.013159608
    -0.051031905     0.498047170     0.013204633
    -0.058848806     0.497186363     0.013249017
    -0.066651250     0.496202842     0.013292730
    -0.074437310     0.495096849     0.013335739
    -0.082205062     0.493868654     0.013378004
    -0.089952584     0.492518555     0.013419456
    -0.097677957     0.491046879     0.013459923
    -0.105379270     0.489453972     0.013499084
    -0.113054645     0.487740225     0.013536994
    -0.120702186     0.485906095     0.013574383
    -0.128319960     0.483952040     0.013611082
    -0.135906038     0.481878490     0.013645865
    -0.143458528     0.479685875     0.013676984
    -0.150975603     0.477374685     0.013703631
    -0.158455469     0.474945525     0.013726905
    -0.165896291     0.472399074     0.013748418
    -0.173296210     0.469736013     0.013769053
    -0.180653355     0.466956998     0.013788516
    -0.187965909     0.464062680     0.013806108
    -0.285144400    -0.434054303     0.163766959
    -0.251166958    -0.454590499     0.162590805
    -0.244136562    -0.458561488     0.164855028
    -0.208182760    -0.475705047     0.158781436
    -0.201067209    -0.478770282     0.159033751
    -0.193931624    -0.481779012     0.160497977
    -0.186739352    -0.484715729     0.162604645
    -0.179473034    -0.487546019     0.164581557
    -0.172137910    -0.490232519     0.165747371
    -0.164750896    -0.492757343     0.165848845
    -0.157364844    -0.495123412     0.165213997
    -0.149997725    -0.497327573     0.163822221
    -0.142667048    -0.499420471     0.162681633
    -0.135354960    -0.501402961     0.161668932
    -0.128034676    -0.503298547     0.161088530
    -0.120692577    -0.505129852     0.161321102
    -0.113330726    -0.506883235     0.162118828
    -0.105943360    -0.508542094     0.163143715
    -0.098537112    -0.510082440     0.163957253
    -0.091097073    -0.511491466     0.164265111
    -0.083641400    -0.512773819     0.164225740
    -0.076183849    -0.513926232     0.163810867
    -0.068733882    -0.514951530     0.163088612
    -0.061297718    -0.515855969     0.162179578
    -0.053879412    -0.516657295     0.161424144
    -0.046478862    -0.517367592     0.161041433
    -0.039091554    -0.517975049     0.160769612
    -0.031715552    -0.518491730     0.160830656
    -0.024345326    -0.518900715     0.160867964
    -0.016979796    -0.519210275     0.161036394
    -0.009617677    -0.519418890     0.161297101
    -0.002258828    -0.519524671     0.161606105
     0.005095450    -0.519516608     0.161737588
     0.012444360    -0.519411931     0.162030834
     0.019785613    -0.519200514     0.162276958
     0.027117097    -0.518882139     0.162464468
     0.034436786    -0.518457086     0.162591128
     0.041742877    -0.517926008     0.162661762
     0.049033861    -0.517289789     0.162685852
     0.056308544    -0.516549417     0.162675328
     0.063566027    -0.515705867     0.162642702
     0.070805678    -0.514760014     0.162599468
     0.078027098    -0.513712522     0.162554208
     0.085230033    -0.512563649     0.162508719
     0.092413859    -0.511312988     0.162451419
     0.099576559    -0.509960527     0.162373810
     0.106716260    -0.508508716     0.162315445
     0.113835057    -0.506959264     0.162317152
     0.120933423    -0.505311256     0.162364151
     0.128010873    -0.503564278     0.162448487
     0.135066825    -0.501718160     0.162567068
     0.142100680    -0.499772765     0.162717658
     0.149111800    -0.497727920     0.162897431
     0.156099496    -0.495583396     0.163102314
     0.163063021    -0.493338891     0.163326501
     0.170004317    -0.491002997     0.163749936
     0.176917231    -0.488557345     0.163989458
     0.183803445    -0.486010170     0.164216269
     0.190662095    -0.483360690     0.164414175
     0.197492383    -0.480607985     0.164564844
     0.204289276    -0.477742466     0.164457710
     0.211060982    -0.474780288     0.164459657
    -0.195232084     0.461053774     0.013821995
    -0.202450089     0.457931035     0.013836439
    -0.209618140     0.454695241     0.013849522
    -0.216734464     0.451347190     0.013861251
    -0.223797305     0.447887709     0.013871622
    -0.230804919     0.444317650     0.013880630
    -0.237755575     0.440637894     0.013888275
    -0.244647551     0.436849351     0.013894522
    -0.251479138     0.432952952     0.013899211
    -0.258248640     0.428949643     0.013902043
    -0.264954404     0.424840421     0.013903294
    -0.271594742     0.420626341     0.013903366
    -0.278167909     0.416308422     0.013900672
    -0.284672204     0.411887620     0.013892429
    -0.291106063     0.407364935     0.013877540
    -0.297468011     0.402741529     0.013858110
    -0.303756523     0.398018661     0.013836592
    -0.309970036     0.393197570     0.013814088
    -0.316106978     0.388279464     0.013790340
    -0.322165817     0.383265516     0.013764481
    -0.328145080     0.378156950     0.013736574
    -0.334043289     0.372955035     0.013706720
    -0.339858963     0.367661055     0.013674537
    -0.345590617     0.362276282     0.013638851
    -0.351236843     0.356801958     0.013598473
    -0.356796435     0.351239434     0.013556105
    -0.362268146     0.345590297     0.013516689
    -0.367650519     0.339856126     0.013481290
    -0.372941887     0.334038364     0.013445134
    -0.378140589     0.328138105     0.013398011
    -0.383245518     0.322156473     0.013338074
    -0.388255817     0.316095075     0.013273272
    -0.393170371     0.309955734     0.013209785
    -0.397987861     0.303740060     0.013147157
    -0.402707050     0.297449511     0.013083595
    -0.407326818     0.291085608     0.013019447
    -0.411845989     0.284649982     0.012954796
     0.517688615    -0.005145041     0.126878176
     0.511249773     0.011846913     0.218880918
     0.510983253     0.020296781     0.218862507
     0.510576320     0.028752978     0.218853801
     0.510030174     0.037200771     0.218866868
     0.509345398     0.045631957     0.218898084
     0.508522199     0.054043436     0.218939209
     0.507560181     0.062435049     0.218975698
     0.506458579     0.070810768     0.218999932
     0.505218080     0.079172539     0.219034512
     0.503840864     0.087514812     0.219109686
     0.502326929     0.095829813     0.219198547
     0.500677559     0.104114989     0.219313272
     0.498897130     0.112358527     0.219482468
     0.496983835     0.120554964     0.219631160
     0.494938684     0.128708423     0.219784746
     0.492761967     0.136817120     0.219929435
     0.490449700     0.144889513     0.220030105
     0.488002106     0.152932437     0.220136604
     0.485423891     0.160938888     0.220304095
     0.482718361     0.168894116     0.220499280
     0.479885443     0.176795332     0.220693673
     0.476933800     0.184631698     0.220959050
     0.473866349     0.192388945     0.221218836
     0.470681801     0.200069497     0.221438506
     0.467375030     0.207683962     0.221589122
     0.463941617     0.215246468     0.221703443
     0.460381511     0.222761501     0.221826967
     0.456700490     0.230222228     0.222010325
     0.452907069     0.237610963     0.222237962
     0.448997628     0.244924445     0.222402673
     0.444976231     0.252166700     0.222604683
     0.440864066     0.259313144     0.222939616
     0.436656261     0.266344091     0.223076543
     0.432326728     0.273313891     0.223132821
     0.427903280     0.280201001     0.223336403
     0.423377879     0.286996908     0.223439922
     0.418758055     0.293705690     0.223595204
     0.414048866     0.300310968     0.223667808
     0.409219626     0.306847406     0.223573093
     0.404270046     0.313331031     0.223525160
     0.399208706     0.319756563     0.223618624
     0.394075846     0.326077078     0.223870220
     0.388885166     0.332267314     0.224112497
     0.383650270     0.338309401     0.224243973
     0.378332047     0.344238373     0.224105160
     0.372924401     0.350082775     0.223984012
     0.367427899     0.355841477     0.223872035
     0.361845987     0.361511568     0.223775080
     0.356182784     0.367088710     0.223683414
     0.350441408     0.372569866     0.223587746
     0.344624319     0.377953170     0.223484160
     0.338733705     0.383237289     0.223371426
     0.332771773     0.388421069     0.223250010
     0.326741153     0.393503237     0.223122596
     0.320645085     0.398482075     0.222990562
     0.314485080     0.403356260     0.222838315
     0.308260313     0.408127234     0.222667010
     0.301975191     0.412794526     0.222510066
     0.295639404     0.417352821     0.222377301
     0.289260411     0.421796452     0.222236715
     0.282835601     0.426126036     0.222044766
     0.276357483     0.430348085     0.221811786
     0.269823578     0.434467102     0.221578015
     0.263237810     0.438482197     0.221361212
     0.256602802     0.442391299     0.221142891
     0.249918903     0.446194668     0.220921627
     0.243186936     0.449892626     0.220702870
     0.236408262     0.453485016     0.220489123
     0.229584400     0.456971517     0.220281409
     0.222716864     0.460351809     0.220080426
     0.215807118     0.463625607     0.219886867
     0.208856566     0.466792667     0.219701468
     0.201866561     0.469852771     0.219524994
     0.194838408     0.472805728     0.219358218
     0.187773373     0.475651361     0.219201893
     0.180672688     0.478389504     0.219056745
     0.173537550     0.481019997     0.218923457
     0.166369134     0.483542685     0.218802662
     0.159168587     0.485957411     0.218694938
     0.151937032     0.488264019     0.218600802
     0.144675569     0.490462347     0.218520700
     0.137385270     0.492552233     0.218454998
     0.130067169     0.494533507     0.218403946
     0.122722241     0.496405995     0.218367597
     0.115351310     0.498169499     0.218345125
     0.107954877     0.499823796     0.218334236
     0.100528561     0.501360570     0.218155450
     0.025543719     0.515300140     0.298811520
     0.010198454     0.515830871     0.299008843
     0.002512958     0.515924961     0.299117410
    -0.012877379     0.515769022     0.299350011
    -0.020579619     0.515518358     0.299472106
    -0.035991623     0.514670039     0.299722532
    -0.043698691     0.514071740     0.299848519
    -0.059108097     0.512525253     0.300095688
    -0.066807629     0.511576426     0.300214238
    -0.217102384     0.467861753     0.300734198
    -0.224305704     0.464436608     0.300603598
    -0.231467130     0.460893566     0.300451123
    -0.252676215     0.449560499     0.299842715
    -0.259646286     0.445548355     0.299561811
    -0.266564684     0.441419268     0.299249491
    -0.273424866     0.437178734     0.298947830
    -0.286932830     0.428383892     0.298352322
    -0.293579449     0.423825423     0.297967394
    -0.300163228     0.419153884     0.297525063
    -0.306686641     0.414368253     0.297047434
    -0.313147546     0.409470932     0.296563753
    -0.319540848     0.404464623     0.296071317
    -0.325864002     0.399350008     0.295561903
    -0.332115505     0.394127598     0.295037232
    -0.338293994     0.388796790     0.294484349
    -0.344400403     0.383351471     0.293837775
    -0.350444977     0.377773275     0.292978627
    -0.356433514     0.372082942     0.292336659
    -0.362309392     0.366325660     0.291835374
    -0.368063673     0.360503665     0.291349686
    -0.373699420     0.354595070     0.290572868
    -0.379260851     0.348565411     0.289636960
    -0.384749153     0.342412097     0.288556925
    -0.390170313     0.336147204     0.287622014
    -0.395482870     0.329813290     0.286808120
    -0.400683398     0.323401865     0.285933155
    -0.405778393     0.316913410     0.285091499
    -0.410763902     0.310358360     0.284346938
    -0.415633861     0.303718968     0.283375378
    -0.420425788     0.296939874     0.282119213
    -0.425150064     0.290036973     0.281003808
    -0.429763337     0.283066390     0.280023383
    -0.434250147     0.276027332     0.278908054
    -0.438616983     0.268916430     0.277718300
    -0.442863559     0.261741787     0.276529561
    -0.446983849     0.254512548     0.275320819
    -0.450981405     0.247211341     0.273959196
    -0.454869097     0.239832453     0.272613438
    -0.458640632     0.232388832     0.271308815
    -0.462292984     0.224882191     0.270011649
    -0.465826267     0.217312200     0.268727310
    -0.469238851     0.209678459     0.267433395
    -0.472527796     0.201979133     0.266074200
    -0.475691832     0.194205207     0.264570230
    -0.478733932     0.186354885     0.262986314
    -0.481649206     0.178444694     0.261377635
    -0.484431693     0.170489235     0.259742565
    -0.487079284     0.162499945     0.258110597
    -0.489589746     0.154485701     0.256479453
    -0.491962054     0.146440191     0.254770341
    -0.494203599     0.138351230     0.253045159
    -0.496316054     0.130220512     0.251352906
    -0.498296739     0.122049701     0.249660663
    -0.500143290     0.113840377     0.247941348
    -0.501852527     0.105595316     0.246156137
    -0.503422230     0.097317458     0.244281993
    -0.504851125     0.089007603     0.242302427
    -0.506140801     0.080665356     0.240252810
    -0.507292633     0.072298889     0.238192207
    -0.508305624     0.063918300     0.236129491
    -0.509179403     0.055530702     0.234068822
    -0.509913341     0.047139918     0.231996945
    -0.510506982     0.038744060     0.229893489
    -0.510959938     0.030338147     0.227741032
    -0.511272261     0.021920144     0.225542097
    -0.511445249     0.013492834     0.223327836
    -0.511493596     0.005060650     0.221378485
    -0.511328538    -0.003364814     0.218063439
    -0.511095983    -0.011781407     0.216063172
    -0.510707459    -0.020191044     0.213740925
    -0.510177253    -0.028585329     0.211353471
    -0.509517103    -0.036960428     0.209119485
    -0.508705051    -0.045318910     0.206598391
    -0.507750267    -0.053665521     0.203982772
    -0.506651778    -0.062001391     0.201262106
    -0.505410330    -0.070322512     0.198448223
    -0.504028766    -0.078621521     0.195578972
    -0.502512048    -0.086887263     0.192711258
    -0.500862462    -0.095111759     0.189847685
    -0.499080969    -0.103297880     0.187002580
    -0.497169265    -0.111446197     0.184201945
    -0.495126817    -0.119553627     0.181415456
    -0.492951535    -0.127617774     0.178586221
    -0.490641559    -0.135636261     0.175662406
    -0.488196852    -0.143602812     0.172603420
    -0.485614574    -0.151513508     0.169322568
    -0.482889175    -0.159381982     0.165792368
    -0.480025724    -0.167215986     0.162165498
    -0.477032001    -0.175008577     0.158549192
    -0.473916131    -0.182750844     0.155032231
    -0.470688398    -0.190429369     0.151696259
    -0.467354512    -0.198028311     0.148501834
    -0.463908527    -0.205550559     0.145337126
    -0.460345807    -0.213003948     0.142168152
    -0.456662747    -0.220387082     0.138911632
    -0.452855568    -0.227697044     0.135469324
    -0.448919039    -0.234934291     0.131749660
    -0.444847067    -0.242107570     0.127732307
    -0.440665317    -0.249203200     0.123729918
    -0.436386003    -0.256176748     0.119471121
    -0.431982872    -0.263086210     0.115080058
    -0.427470248    -0.269941105     0.110909955
    -0.422855015    -0.276729952     0.106957554
    -0.418131924    -0.283455763     0.103175724
    -0.413311875    -0.290116222     0.099725700
    -0.408433655    -0.296650944     0.096500147
    -0.403484666    -0.303041365     0.093010543
    -0.398421477    -0.309340125     0.089184225
    -0.393243786    -0.315561336     0.085202394
    -0.387955661    -0.321692649     0.080979708
    -0.382552716    -0.327734595     0.076462569
    -0.377041354    -0.333695811     0.071871357
    -0.371467760    -0.339536797     0.067336192
    -0.365835445    -0.345250790     0.062766218
    -0.360146363    -0.350847115     0.058272782
    -0.354359383    -0.356365966     0.053834729
    -0.348467929    -0.361830779     0.049726862
    -0.342481785    -0.367234239     0.046009750
    -0.336451202    -0.372527799     0.042629732
    -0.330369968    -0.377691734     0.039168625
    -0.324223083    -0.382739958     0.035615858
    -0.318006483    -0.387674605     0.031936688
    -0.311720963    -0.392494409     0.028107719
    -0.305369545    -0.397199921     0.024160711
    -0.298959617    -0.401798423     0.020286522
    -0.292456745    -0.406313461     0.016474660
    -0.286008920    -0.410839453     0.015955359
    -0.416263292     0.278144129     0.012885960
    -0.420577758     0.271569502     0.012813246
    -0.424788470     0.264927863     0.012740782
    -0.428894334     0.258220984     0.012669071
    -0.432894211     0.251450572     0.012596383
    -0.436786934     0.244618297     0.012519460
    -0.440571421     0.237725662     0.012434173
    -0.444247028     0.230774265     0.012344608
    -0.447812915     0.223766065     0.012254214
    -0.451268074     0.216702721     0.012160043
    -0.454611733     0.209585917     0.012062959
    -0.457843124     0.202417438     0.011964307
    -0.460961484     0.195199072     0.011864866
    -0.463966077     0.187932584     0.011765159
    -0.466856282     0.180619779     0.011667597
    -0.469631401     0.173262643     0.011573778
    -0.472290552     0.165863049     0.011480286
    -0.474832953     0.158422783     0.011384304
    -0.477257877     0.150943658     0.011283562
    -0.479564636     0.143427408     0.011175521
    -0.481752781     0.135875718     0.011061478
    -0.483821963     0.128290539     0.010945643
    -0.485771684     0.120673814     0.010828651
    -0.487601506     0.113027425     0.010711360
    -0.489311011     0.105353288     0.010594537
    -0.490899779     0.097653310     0.010478283
    -0.492367408     0.089929406     0.010362422
    -0.493713549     0.082183481     0.010247142
    -0.494937903     0.074417502     0.010133242
    -0.496040095     0.066633437     0.010019334
    -0.497019773     0.058833169     0.009903557
    -0.497876648     0.051018577     0.009784771
    -0.498610496     0.043191530     0.009662560
    -0.499221204     0.035353914     0.009538175
    -0.499708738     0.027507640     0.009413960
    -0.500073079     0.019654604     0.009291963
    -0.500314249     0.011796558     0.009174436
    -0.500432440     0.003934918     0.009066616
    -0.500429446    -0.003928117     0.009005673
    -0.500305295    -0.011789494     0.008992083
    -0.500058158    -0.019647047     0.008987828
    -0.499666690    -0.027491825     0.008556892
    -0.499166999    -0.035336421     0.008432080
    -0.498544140    -0.043172221     0.008307059
    -0.497798381    -0.050997261     0.008184144
    -0.496929974    -0.058809572     0.008064552
    -0.495939126    -0.066607188     0.007948026
    -0.494826036    -0.074388151     0.007833507
    -0.493590893    -0.082150514     0.007719069
    -0.492233923    -0.089892432     0.007603291
    -0.490755486    -0.097612037     0.007486846
    -0.489155965    -0.105307384     0.007369855
     0.099011309    -0.501945040     0.223255354
     0.106431170    -0.500434302     0.223470627
     0.113831413    -0.498805398     0.223543539
     0.121208896    -0.497066501     0.223623511
     0.128561782    -0.495218060     0.223712672
     0.135888785    -0.493260401     0.223812857
     0.143188704    -0.491193761     0.223924544
     0.150460368    -0.489018343     0.224047756
     0.157702618    -0.486734334     0.224182281
     0.164914297    -0.484341906     0.224327764
     0.172094239    -0.481841226     0.224483740
     0.179241266    -0.479232456     0.224649659
     0.186354182    -0.476515755     0.224824896
     0.193431770    -0.473691285     0.225008767
     0.200472787    -0.470759212     0.225200539
     0.207475955    -0.467719713     0.225399444
     0.214439962    -0.464572979     0.225604698
     0.221363449    -0.461319222     0.225815525
     0.228245010    -0.457958686     0.226031184
     0.235083181    -0.454491651     0.226250992
     0.241876449    -0.450918430     0.226474266
     0.248623301    -0.447239335     0.226699984
     0.255322373    -0.443454516     0.226925582
     0.261972826    -0.439563655     0.227145533
     0.268574283    -0.435566513     0.227361231
     0.275124111    -0.431465182     0.227591752
     0.281618247    -0.427260714     0.227820996
     0.288058685    -0.422949015     0.228009363
     0.294452448    -0.418523705     0.228141444
     0.300802784    -0.413983473     0.228254940
     0.307103085    -0.409333633     0.228386739
     0.313343680    -0.404579604     0.228530667
     0.319519948    -0.399721992     0.228653636
     0.325632585    -0.394759391     0.228753337
     0.331680071    -0.389693106     0.228845178
     0.337659154    -0.384524854     0.228928038
     0.343567194    -0.379255907     0.228999396
     0.349401981    -0.373887406     0.229058832
     0.355161335    -0.368420652     0.229107498
     0.360842839    -0.362857422     0.229148944
     0.366443480    -0.357200580     0.229192140
     0.371959068    -0.351454827     0.229251949
     0.377384804    -0.345624551     0.229324097
     0.382718986    -0.339710001     0.229386778
     0.387969837    -0.333680927     0.229155316
     0.393178067    -0.327503743     0.228826116
     0.398330112    -0.321197394     0.228518571
     0.403410126    -0.314788005     0.228381267
     0.408377588    -0.308318891     0.228353857
     0.413224835    -0.301793884     0.228340099
     0.417953371    -0.295196980     0.228145956
     0.422593787    -0.288496876     0.227890455
     0.427140230    -0.281710277     0.227700822
     0.431585005    -0.274833970     0.227431545
     0.435934346    -0.267877031     0.227304629
     0.440160804    -0.260857802     0.227065639
     0.444291540    -0.253723072     0.226619328
     0.448332936    -0.246487621     0.226274822
     0.452266776    -0.239169151     0.225930016
     0.456091873    -0.231778954     0.225692046
     0.459786397    -0.224350088     0.225488330
     0.463357336    -0.216854069     0.225167304
     0.466811235    -0.209298371     0.224917709
     0.470140942    -0.201688222     0.224657216
     0.473348246    -0.194013310     0.224335908
     0.476437290    -0.186263684     0.223966203
     0.479409897    -0.178434136     0.223569021
     0.482264832    -0.170538264     0.223249622
     0.484992233    -0.162594110     0.222964718
     0.487588933    -0.154601043     0.222653873
     0.490057067    -0.146562051     0.222381340
     0.492392994    -0.138489391     0.222152797
     0.494593646    -0.130385983     0.221919651
     0.496659610    -0.122244564     0.221650074
     0.498593210    -0.114056448     0.221351558
     0.500395491    -0.105817076     0.221039444
     0.502067330    -0.097533743     0.220782582
     0.503604144    -0.089220084     0.220558623
     0.505004055    -0.080880046     0.220348804
     0.506266968    -0.072520420     0.220174676
     0.507391061    -0.064145979     0.220011287
     0.508375817    -0.055755444     0.219841140
     0.509221748    -0.047346153     0.219668499
     0.509928930    -0.038917788     0.219498989
     0.510497470    -0.030472146     0.219344332
     0.510927884    -0.022017066     0.219229406
     0.511221724    -0.013565908     0.219191805
    -0.487435741    -0.112976548     0.007251905
    -0.485595263    -0.120617634     0.007133429
    -0.483635048    -0.128228748     0.007015464
    -0.481555591    -0.135808015     0.006898194
    -0.479357394    -0.143353709     0.006782139
    -0.477041197    -0.150864139     0.006672114
    -0.474607684    -0.158337346     0.006569712
    -0.472057352    -0.165771414     0.006472498
    -0.469390725    -0.173164478     0.006378251
    -0.466608337    -0.180514608     0.006283801
    -0.463710683    -0.187819959     0.006185268
    -0.460698531    -0.195078818     0.006084269
    -0.457572790    -0.202289312     0.005983167
    -0.454334284    -0.209449596     0.005882255
    -0.450983835    -0.216557928     0.005781930
    -0.447522266    -0.223612669     0.005682955
    -0.443950450    -0.230612239     0.005587053
    -0.440269252    -0.237555067     0.005495455
    -0.436479644    -0.244439614     0.005411113
    -0.432582631    -0.251264086     0.005334535
    -0.428579007    -0.258026664     0.005261589
    -0.424469644    -0.264725597     0.005189540
    -0.420255518    -0.271359124     0.005116659
    -0.415937720    -0.277925572     0.005043412
    -0.411517571    -0.284423304     0.004973793
    -0.406996343    -0.290850471     0.004907675
    -0.402375003    -0.297205401     0.004841177
    -0.397654618    -0.303486686     0.004774612
    -0.392836314    -0.309692914     0.004708784
    -0.387921105    -0.315822678     0.004642350
    -0.382909939    -0.321874768     0.004575188
    -0.377804007    -0.327848207     0.004513744
    -0.372604833    -0.333741804     0.004466540
    -0.367313819    -0.339553843     0.004432575
    -0.361931933    -0.345282525     0.004402433
    -0.356460278    -0.350926333     0.004371941
    -0.350900224    -0.356483839     0.004341429
    -0.345253420    -0.361953727     0.004316035
    -0.339521580    -0.367334532     0.004298797
    -0.333706086    -0.372624896     0.004288876
    -0.327808022    -0.377823966     0.004288554
    -0.321828031    -0.382931894     0.004309927
    -0.315765676    -0.387951904     0.004400409
    -0.309619844    -0.392901971     0.004835620
    -0.303450489    -0.397838163     0.007254299
    -0.297229760    -0.402600314     0.008755776
    -0.290755116    -0.406970683     0.003381444
    -0.284283049    -0.411365565     0.000877999
    -0.277797893    -0.415769109     0.000820819
    -0.271237028    -0.420075383     0.000765460
    -0.264606222    -0.424280084     0.000709253
    -0.257908835    -0.428380883     0.000651383
    -0.251147304    -0.432376340     0.000593770
    -0.244323693    -0.436265325     0.000538435
    -0.237439859    -0.440046839     0.000486557
    -0.230497572    -0.443719953     0.000438962
    -0.223498567    -0.447283772     0.000396064
    -0.216444569    -0.450737414     0.000357771
    -0.209337299    -0.454080004     0.000323522
    -0.202178484    -0.457310681     0.000292392
    -0.194969860    -0.460428599     0.000263246
    -0.187713172    -0.463432941     0.000234944
    -0.180410194    -0.466322922     0.000206548
    -0.173062734    -0.469097774     0.000177049
    -0.165672587    -0.471756725     0.000144703
    -0.158241517    -0.474299087     0.000108446
    -0.150771323    -0.476724266     0.000068783
    -0.143263872    -0.479031737     0.000027260
    -0.135721106    -0.481220966    -0.000014837
    -0.128144976    -0.483291355    -0.000058210
    -0.120537357    -0.485242290    -0.000104890
    -0.112900075    -0.487073232    -0.000156364
     0.089897307    -0.492222718     0.007400361
     0.097635437    -0.490833385     0.009106185
     0.105335024    -0.489242398     0.009176136
     0.113007862    -0.487530872     0.009246804
     0.120652665    -0.485699076     0.009317345
     0.128267723    -0.483747420     0.009387617
     0.135851209    -0.481676368     0.009457548
     0.143401265    -0.479486425     0.009527069
     0.150916030    -0.477178123     0.009596111
     0.158393650    -0.474752029     0.009664600
     0.165832276    -0.472208736     0.009732465
     0.173230069    -0.469548867     0.009799630
     0.180585202    -0.466773074     0.009866022
     0.187895857    -0.463882038     0.009931566
     0.195160224    -0.460876469     0.009996185
     0.202376508    -0.457757103     0.010059806
     0.209542924    -0.454524708     0.010122351
     0.216657700    -0.451180076     0.010183743
     0.223719074    -0.447724030     0.010243907
     0.230725301    -0.444157418     0.010302764
     0.237674646    -0.440481119     0.010360237
     0.244565389    -0.436696036     0.010416249
     0.251395824    -0.432803100     0.010470723
     0.258164262    -0.428803269     0.010523583
     0.264869025    -0.424697527     0.010574755
     0.271508455    -0.420486887     0.010624166
     0.278080907    -0.416172385     0.010671750
     0.284584754    -0.411755085     0.010717442
     0.291018386    -0.407236075     0.010761182
     0.297380210    -0.402616470     0.010802918
     0.303668649    -0.397897409     0.010842600
     0.309882148    -0.393080058     0.010880183
     0.316019168    -0.388165606     0.010915627
     0.322078188    -0.383155266     0.010948888
     0.328057708    -0.378050276     0.010979924
     0.333956245    -0.372851896     0.011008684
     0.339772339    -0.367561411     0.011035112
     0.345504547    -0.362180126     0.011059141
     0.351151446    -0.356709373     0.011080696
     0.356711636    -0.351150501     0.011099689
     0.362183731    -0.345504888     0.011116006
     0.367566357    -0.339773935     0.011129417
     0.372858122    -0.333959075     0.011139206
     0.378057557    -0.328061740     0.011142778
     0.383163155    -0.322083134     0.011133313
     0.388174254    -0.316024266     0.011114129
     0.393090378    -0.309887456     0.011107988
     0.397910038    -0.303674734     0.011117208
     0.402631323    -0.297387877     0.011132980
     0.407252298    -0.291027580     0.011132066
     0.411772049    -0.284594897     0.011111882
     0.416190057    -0.278091162     0.011079574
     0.420505908    -0.271518735     0.011055267
     0.424718196    -0.264879593     0.011037352
     0.428825794    -0.258175353     0.011023956
     0.432827164    -0.251407869     0.011007897
     0.436720954    -0.244577852     0.010972871
     0.440507196    -0.237687085     0.010937351
     0.444184902    -0.230737765     0.010905468
     0.447753117    -0.223731678     0.010876981
     0.451210603    -0.216670824     0.010847749
     0.454555991    -0.209556254     0.010802150
     0.457789295    -0.202389606     0.010754583
     0.460909703    -0.195173140     0.010708977
     0.463916284    -0.187908631     0.010662299
     0.466808261    -0.180597815     0.010613379
     0.469584920    -0.173242474     0.010561990
     0.472245582    -0.165844419     0.010508232
     0.474789602    -0.158405480     0.010452327
     0.477216364    -0.150927503     0.010394514
     0.479525274    -0.143412343     0.010334964
     0.481715765    -0.135861864     0.010273744
     0.483787294    -0.128277937     0.010210822
     0.485739347    -0.120662437     0.010146113
     0.487571439    -0.113017243     0.010079555
     0.489283122    -0.105344242     0.010011172
     0.490873981    -0.097645329     0.009941104
     0.492343637    -0.089922406     0.009869573
     0.493691738    -0.082177385     0.009796831
     0.494917963    -0.074412185     0.009723078
     0.496022016    -0.066628729     0.009648428
     0.497003625    -0.058828944     0.009572906
     0.497862549    -0.051014758     0.009496485
     0.498598576    -0.043188100     0.009419134
     0.499211526    -0.035350901     0.009340842
     0.499701248    -0.027505068     0.009261554
     0.500067616    -0.019652410     0.009181060
     0.500310523    -0.011794298     0.009098874
     0.500430981    -0.003931720     0.009036941
