  0.000000000000000E+000   1.75827926449217       -5.19119996250430     
  0.159154943091895       0.354262396040858      -0.225741365134680     
  0.318309886183791      -0.516943873304155        6.08747582652138     
  0.477464829275686       -1.15916612894650        1.68284425948356     
  0.636619772367581      -0.225775864330097       0.984526778928759     
  0.795774715459477       -1.18396502595908      -0.651270080579099     
  0.954929658551372       -2.73730866069683       -6.12081841198639     
   1.11408460164327       -19.9559127762933        35.4808747284805     
   1.27323954473516        1.74831164395954        6.16306545496338     
   1.43239448782706       0.180104394853349        1.75640984668048     
