  0.000000000000000E+000  -1.67149731829301       -12.7062004773646     
  0.159154943091895        6.04673304210221        17.7687238877094     
  0.318309886183791        3.52025249488320        6.26778219233679     
  0.477464829275686       -1.03941712485232        2.37228419115163     
  0.636619772367581       0.115557041283506      -0.408819830941063     
  0.795774715459477       0.180459037545869       -4.95832412639133     
  0.954929658551372        11.1386668786942       -21.2637254589189     
   1.11408460164327       -10.4498930876745       -12.8308096667841     
   1.27323954473516        1.77758137918908        9.91446744722767     
   1.43239448782706       0.617754801625986       0.614770959579713     
