    10.595203873     0.691157505     0.999299358
     9.682742038    -1.606064539     1.111517192
     9.164248061    -2.052076677     1.034711404
     8.755980243    -1.333281378     1.139012256
     9.280210685    -1.857498690     1.209929098
    10.216403825     0.189315696     0.986754022
     9.273709385    -0.971117034     1.056557810
    10.125737357     0.422613883     0.997745902
     9.582056730    -0.172481993     1.017007093
     9.179532029    -1.856561478     1.213678687
    10.155651326     0.137250836     0.992667324
    10.010571298    -0.084992067     1.000333688
     9.631268792    -2.089751808     1.233694841
     9.443867527    -0.734775382     1.028539589
     9.394804639    -0.552804142     1.021075944
     8.781849186    -1.288846567     1.134181697
     9.569036978    -1.923024533     1.293833875
     8.864040286    -1.798923433     1.164278232
     9.818646925    -0.138486020     1.011909042
     1.280482369     0.875789333     7.151273687
     9.170972115    -2.117070637     1.095026081
     9.416920652    -0.802783408     1.076514971
     8.732512189    -1.264175158     1.138925512
     8.863918850    -1.333489113     1.147704038
     8.950205203    -1.353797135     1.155432198
     8.977184909    -1.450931625     1.169532786
     9.284510301    -1.626626129     1.324748448
     9.218045781    -1.710288156     1.334099904
     9.168555892    -1.551370077     1.238459047
     8.730531454    -1.195129829     1.130900671
     8.763756927    -1.278702354     1.136402656
     8.956735559    -1.411968155     1.166177702
     7.749604728    -1.146929027     1.171658473
     8.072069253    -1.124271620     1.152691702
     8.721022273    -1.163405838     1.138508189
     1.044939801    -1.519764523     2.393285039
     0.700044979    -0.328915470    -2.877834090
     4.609211866    -0.625024336     1.885107938
     0.444249655     0.615812189    -1.341967009
     0.743869904    -1.405815120     2.900954342
     1.465102093    -1.188865056     1.305979004
     2.925577707    -0.030126986     2.086285166
     0.500428591     0.003930438     0.008988945
     0.500304947     0.011790341     0.008985526
     0.465323126     0.383000286    -1.526485722
     0.488049540    -1.676143318    32.192837013
     0.473443620    -0.995331881    17.958897516
     3.070550100    -0.364328259     2.154119350
     0.484592100    -1.358849614    25.864001614
     0.636957352     0.926630160    -1.121863602
     1.164270682    -0.468858003     0.204950154
     1.057293748    -0.096689368    -0.778089053
     0.426713312     0.525635295    -3.336593090
     0.817470806    -1.968445850     4.980973043
     0.436353378    -0.557684683    -0.794950626
     1.064030219     0.535357160    -3.573068490
     0.534903377     0.983835126    -0.555661189
     0.708660283     1.204092256     3.928437625
     0.913560648     0.076546982    -4.152406335
     1.625461576    -0.399459790     1.546366424
     0.258868173     0.554769045    -0.251528839
     0.857928610    -1.789285016     5.274505842
     0.649767369    -1.516267105     4.025762496
     2.474869516    -0.906766277     4.443460691
     3.023545397    -0.565016054     3.420083210
     0.497135454    -1.302262162    24.827388442
     2.767641875    -0.533048667     4.688167571
     2.039098724    -0.885411294     2.030903030
     3.431149012    -0.567556683     3.067342271
     0.398188590    -1.401048616     4.271210771
     0.484803954     0.957150369    -0.114874524
     0.701025579     0.797667823     0.249029580
     0.325823488    -1.678402448     4.953912531
     1.495822741    -0.873610615     2.133633093
     1.318443311    -1.397517077     1.848445776
     0.358268967    -0.407714586     1.745499073
     0.501211376    -1.352741251    26.043934417
     0.928955348     0.396038267    -4.832142502
     0.367624743     1.006680656     0.853891236
     2.240137635     0.296439924     1.349690073
     0.500058848     0.019647369     0.009001883
     0.635975210    -1.299115228     2.794366726
     0.492204112    -2.082551717    41.338258043
     0.701247294     1.359577661     5.215414993
     3.572158659    -0.941060534     3.076986891
     0.915775923    -0.717768331    -0.234238662
     3.188336978    -0.304471017     1.873339478
     0.499691490     0.027499697     0.009060788
     0.360143552     1.066683782     3.422301599
     0.499206004     0.035345711     0.009223338
     2.335469008    -0.901131732     4.343202220
     3.649075031    -0.433505672     2.207690153
     2.132341290    -0.646694752     2.900161448
     2.935053608    -0.613913759     3.638203461
     2.816990905    -0.249954864     2.191210722
     0.498577358     0.043181617     0.008985165
     3.312609788    -0.621602259     3.408974794
     0.344972813    -0.607835920    -1.331683885
     1.034086235    -0.911818842     0.198562760
     2.129474399    -0.764451996     4.053014772
     3.461964787    -0.953329732     3.453626988
     0.497746436     0.051001310     0.007158898
     0.806768086    -0.834287867    -0.704887148
     0.314348916     0.674820240    -1.932698733
     3.110536334    -0.456182768     2.310388040
     3.253110777    -0.593772342     3.794559541
     0.308968359    -1.258352259     4.355591754
     0.639735047     1.532668264     4.572242267
     1.046355994     0.344556803    -4.803031586
     0.464184028    -1.332681223     4.671118877
     0.943874579    -1.432630050     2.183631744
     0.973728511     1.024002312    -0.675268395
     0.151595823     0.880076174     3.387376724
     2.589111535    -0.296392345     2.542116514
     2.519419479    -0.043906313     3.711614536
     2.108174212    -0.513866291     3.515726592
     1.202240472    -0.944842355     0.834013033
     3.219603081    -0.858221249     4.108533456
     0.294716261    -1.214386522     4.194078727
     2.789202514    -0.639635403     3.871049274
     0.496784156     0.058852067     0.005268416
     1.088331442    -1.207201934     1.632228527
     2.850833411    -0.381398564     2.079547320
     0.393305928     0.915366750     2.615808681
     3.409928419    -0.410992872     2.005707267
     2.815317503    -0.461013261     3.154542264
     1.029229471    -0.980413947     0.417234876
     2.447767973    -1.573025430     3.096868639
     2.451718795    -0.234534694     3.858576826
     0.495898063     0.066630256     0.007195511
     0.494883607     0.074419395     0.009065025
     2.523708415    -0.617382874     4.474233694
     0.680549363    -0.957965998     0.067831412
     2.742266236    -0.758492733     4.738973997
     1.457967799     0.605209859    -2.904654583
     3.150059315    -0.915319237     5.079426705
     0.493675469     0.082215387     0.009600718
     0.492296992     0.090237189     0.010087089
     1.169204802    -1.444932233     1.619099314
     4.093355527    -0.551358774     2.663868976
     1.149501991    -1.229056769     1.392942645
     0.657837614    -1.039253670     0.405520613
     0.861182979    -1.465442614     3.181827819
     1.583230891    -0.650766250     1.973647216
     3.047340849    -0.472115689     2.508395074
     0.781844674     1.811366532     2.464375646
     0.782209043    -0.846390489    -0.773403992
     2.828292036    -0.391764594     2.394955406
     0.887141085    -1.113412736     0.657739729
     1.055638908    -1.135764747     0.008427087
     3.117157472    -0.850282727     3.923489116
     2.935095566    -0.455390160     2.509104254
     0.292942452     0.614074386    -0.403301322
     0.095623771    -1.113743647     4.956555854
     3.215678641    -0.410513674     2.222935410
     2.349972350    -0.326890744     6.572524134
     0.491008437     0.098129249     0.014474894
     1.548549622    -0.804111933     3.811703704
     3.326195983    -0.869137436     3.819331460
     2.344264478     0.043487076     2.084043545
     1.680798866    -0.451832150     1.851695280
     0.489996924     0.106516216     0.028940598
     0.735128523    -1.256295600     1.859933332
     1.523475241    -0.692642826     1.474664717
     2.665733562    -0.629656588     3.336737987
     1.477613072    -0.847387868     2.576492643
     2.739045637    -0.190593323     2.845365479
     0.489872027     0.114596822     0.062077926
     0.944911623    -1.779045647     4.486702604
     1.407038098    -0.659365833     1.260063494
     2.274027506     0.087794360     1.251766535
     2.325103975    -1.046089386     5.136177012
     1.893795741    -0.630347174     3.592566218
     1.403028938    -0.878797861     1.622296039
     1.854540319    -0.641970141     3.397139492
     3.328192819    -1.241380851     3.563441211
     2.698108270    -0.374720634     2.803596310
     0.485336310     0.127508812     0.036265420
     0.482406947     0.135122701     0.019597571
     0.479619873     0.143211916     0.011000927
     0.325717280    -0.939695702     1.192688619
     3.747072440    -0.470243654     2.573033237
     2.456125276    -0.734128697     4.333280827
     3.535842009    -0.446023151     2.356378320
     0.189387396    -0.917795937     0.437353503
     2.475873300    -0.725697545     6.269623535
     0.480242208    -1.672955320     4.833512239
     2.576302837     0.092521858     3.013328335
     2.373178197    -0.421653532     7.060200524
     2.710013255    -0.795313424     4.967309106
     3.340274469    -0.475054818     2.405935728
     0.383933471    -1.517710189     5.606368701
     0.293402402    -0.827155129    -0.595426747
     0.144067553    -1.355464821     4.826799883
     0.847133518    -1.350840915     2.058805082
     0.813499271    -2.023537057     5.730270975
    -0.088177805    -1.421048916     5.290014652
     0.879865742    -1.439303042     2.555744312
     0.270392567    -0.830014085     0.238307910
     0.477169410     0.150744396     0.008395864
     0.674287695    -1.577915929    31.810212057
     2.594352533     0.160297355     2.505472983
     0.322726298    -0.708258128    12.972297884
     0.597201718    -0.043496949     2.111064923
     0.474724247     0.158379238     0.009046314
     1.524356274    -0.837493554     2.900854565
     0.472145791     0.165881922     0.008873881
     4.794886530     0.109939839     1.334292370
     1.465524084    -0.791884239     2.065660409
     2.479363987    -0.576105545     4.821767634
     2.469217145    -0.019074438     2.843416952
     4.007295116     0.621462172     0.926863294
     2.659166557     0.195356464     2.355762553
     0.334590628    -1.647589888     5.096565656
     0.755339969    -0.413424902     9.548335849
     0.878627342    -1.824411048     6.105479430
     0.600662852    -0.254258790     4.855796523
     0.377995184     0.953043459     2.155272661
     1.301935255    -0.815608112     1.263240068
     1.419961267    -0.460694113     1.685615539
     1.631929116    -0.999775573     2.974470861
     0.576302753    -0.647773764    -1.163678055
     2.098469760    -0.806536720     3.972289365
     0.492536173     0.152100344     0.316543299
     0.505894973     0.093917504     0.310206294
     0.861589626    -1.959284506     4.901057272
     0.117421174     0.583348445    -1.344215525
     0.280539780    -1.296480373     4.280133354
     0.469387131     0.173476626     0.008475000
     0.466172245     0.181721100     0.006921255
     0.462866338     0.190821205     0.013450637
     4.095172345    -0.083768192     2.226769554
     5.015874059    -0.360175154     1.351422692
     2.184313531    -0.316050593     3.350550795
     3.907768772     0.654654470     0.520282562
     3.327022501     0.402134792     0.825152975
     4.188678637    -0.405959100     2.060133174
     0.415753023    -1.169923120     1.991799486
     0.144168585    -1.333429996     6.445123358
     0.509154182    -0.007512874     0.638075686
     0.582178928    -0.372986751     1.034161367
     1.247058135    -0.769818728     1.625493054
     2.536035970    -0.885270443     4.851341274
     0.382405597    -0.983681516     0.212726675
     0.124118106    -0.556870289    -1.301736205
     0.570193852    -0.765872584    -0.460737027
     0.459295773     0.198999039     0.011511365
     3.371522025    -0.670658343     3.725363546
     1.013083972    -0.595494399    -1.547679843
     0.454958529    -1.153669730     2.073447467
     0.530934201    -0.035929636     1.392089871
     0.993060751    -0.632103206     0.486964484
     0.215475218    -1.291264804     4.180917544
     1.933762734    -0.411000672     2.884233758
     0.454467001     0.209514645     0.008837450
     2.406561095    -0.438347817     5.704009129
     2.424054852    -0.149580161     4.320629200
     2.538346161     0.009296228     3.736486497
     0.295328412     0.546774454    -2.361337529
     0.451118974     0.216623157     0.008783081
     0.427933294    -0.404542865     2.298620145
     0.447658542     0.223680908     0.008731085
     0.475932251    -0.913228364     0.953905712
     0.341955667    -0.471517281    -1.135225042
     0.492234024    -0.132370785     1.988144525
     2.034400172    -0.388720141     3.731679558
     0.754917281    -1.158416214     0.913935007
     4.030497677     0.439928520     0.938660727
     1.625686497    -0.692441963     1.955308956
     4.241580025     0.018800029     2.676888941
     0.842534557    -1.031407010     0.130042375
     0.727178122    -1.057274459     0.324274417
     0.416614704    -0.561653456     7.459085588
     2.449229520    -0.315559676     5.301282089
     2.328715052    -0.392496282     5.071206321
     2.117282514    -0.367194885     4.069650586
     0.500273666    -0.456123637    -0.714541334
     0.444088550     0.230685203     0.008710787
     0.438375865    -0.607602880     2.055603152
     0.897920972    -0.209670904    -2.137891145
     0.969730057    -0.816716575    -0.628509929
     0.308159176    -0.544380138    -0.522888657
     0.440410970     0.237632577     0.008725994
     0.704354332    -1.629920831     3.726621518
     0.436625329     0.244518266     0.008721921
     0.630066811    -0.885705984     0.562983848
     0.616585981    -0.221829701    -3.635795030
     4.086278598     0.322626239     1.565741507
     1.053596977    -0.186275400    -1.743321809
     2.026227018    -0.413330653     3.819795820
     3.036419902     0.340957470     0.803002101
     0.432728381     0.251338359     0.008601264
     0.210408522    -1.366499691     4.698527735
     0.428619141     0.258028582     0.005969054
     0.570901821    -1.034498884     0.398640977
     0.773382032    -0.689346418    -1.828977249
     2.410719347    -0.584891894     6.108860383
     0.404865211     0.321165821     0.649096101
     1.132533145    -0.755304578    -0.163943832
     5.170783407    -1.154901690     1.541995291
     1.924697156    -0.502646062     3.420491118
     4.600632418    -0.038760875     1.550417299
     3.660725267     0.518666341     0.432427200
     0.459229970    -1.023779472     1.159156317
     0.440603092    -0.237773687    -4.246972023
     0.332390456     0.632915539    -0.852921841
     0.719105337    -1.175000232     1.229496739
     0.352212037     0.428194549     2.078365769
     3.247815838     0.141220794     1.911411728
     0.285391434     0.571582691     4.870390711
     0.465971475    -0.896464729    -0.384736683
     1.842643514    -0.457226564     2.502728675
     1.313705413     0.515605937    -4.647600337
     5.050507823    -1.434275219     1.755480996
     0.958335201    -0.598009365     0.651773122
     0.476668829    -0.868250700     1.392020333
     0.401853687     0.346986562     0.917673799
     0.507756124    -1.011137342     0.218949185
     0.197997951    -1.315513691     4.203064121
     0.259859204     0.651035737     6.441720799
     0.538271351     0.839917290    -0.626467564
     3.764830800     0.404211969     1.354485938
     0.506892756    -0.444516247    -1.359876854
     0.506264532    -1.212902661     2.472683468
     0.628803435     0.349632139    -6.613852852
     0.564029520    -0.491696751    -0.235107616
    -0.016207661    -1.367635685     6.162636483
     1.832139533    -0.621084837     3.321230074
     0.258316294     0.685890322     7.106021913
     1.179883296    -1.164228921     2.121137019
     0.454388917    -1.463194827     4.511317087
     2.033671404    -0.696610627     4.607228145
     0.424491762     0.264731694     0.005629417
     0.583851868    -1.816077010     6.261343360
     0.967959236    -1.762390885     4.754989574
     0.256226486     0.768806258     8.806795784
     0.420379888     0.271446534     0.008154607
     0.033081802    -1.495085538     6.148215251
     0.158962411     0.727382793    -0.697639912
     0.711443824    -0.445927285    -0.811118376
     0.186854915     0.903504578     2.633802301
    -0.170653896     0.501588410    -4.289441016
     3.842123224    -0.403653403     2.313359314
     0.353250542     0.809467375     9.595955361
     0.978001147    -0.020769372    -1.575828103
     0.415983741     0.277970767     0.006310914
     1.211732594     0.777714085    -1.088958755
     1.844600052     0.375208205    -6.342798849
     0.760172569    -0.520185818    -0.028516431
     4.387716871    -0.472507416     1.929254609
     0.938351651     0.515414433    -0.660139488
     0.193167653     1.052629985     3.345765119
     2.703653186     0.046681983     2.931815731
     2.508939202     0.645255639    -0.855822862
    -0.116061027     0.548784175    -2.471871560
     0.468919607    -1.063931233     0.408330975
     4.330880405     0.047217218     1.751117819
     1.516973166    -0.202102602     1.092551984
     0.656117733     0.091012508    -4.377602567
     0.845414133    -0.380130201    -1.021913279
     0.411674162     0.284523591     0.008690519
     0.407161371     0.290932673     0.008548918
     5.327957464     0.123141818     1.241903134
     0.449475198     0.324234218    -4.514948213
     0.420458691    -0.833949079    -0.452877591
     2.988576089    -0.673506712     4.198360261
     0.402529065     0.297239831     0.007728904
     0.797692957    -0.270864665     1.795183070
     5.534109882    -0.622167279     1.363938413
     0.260585262    -1.221610757     4.570063626
     0.428824979     1.109557374     2.296511164
     0.397742829     0.303457177     0.005819215
     4.314746400    -0.060166401     2.215670310
     0.592008422     0.808961989    -2.777964971
     0.377440522     1.094280750     2.242850725
     3.245397166    -0.555240303     3.103029852
     2.103535475     0.664533792    -1.805546958
     4.219884178    -0.091070784     2.194454500
     0.392827201     0.309692782     0.004564016
     2.131625039     0.833805678    -1.892310120
     4.642847018     0.311670006     1.028981172
     0.616179339    -0.322863273     0.386374503
     2.544691961    -0.321803241     3.854765101
     4.962660792    -1.710164003     1.709935663
     0.145394757     0.625460627     5.650662950
     0.036629523    -1.428567549     6.084732157
     2.113095357     0.727178697    -1.634785634
     1.206994234     1.911985725     8.424175048
     0.558612378     1.258725975     4.370873452
     0.387937204     0.315928250     0.006225339
     0.383007962     0.322021764     0.007967696
     0.536392351     1.190213953     3.100483468
     0.664780052    -1.441767000     2.890085000
     3.639019209     0.159341828     2.003743166
     0.238426875    -0.924816665     1.624015129
     0.078163594     0.860564450     0.082243422
     1.425489015    -0.791396159     1.965522742
     0.002749964    -1.294848334     5.625123353
     0.651152496     1.128764976     2.392510078
     0.797775914     0.957984892    -0.130065549
     0.156725773    -1.404161003     5.203321615
     0.377949206     0.327998282     0.008674280
     3.687309200     0.223999740     1.914450451
     0.398687157     0.791203947    -3.271053990
     4.725976198     0.118873943     1.283472087
     3.343690150     0.627368618     0.108274592
     0.059764087    -1.358114939     4.937753259
     0.165906570     1.089354883     3.130138951
     1.058646159    -0.403026080    -0.763558868
     0.261359735    -1.212537714     6.560982517
    -0.415388648     0.534692085    14.099094001
     0.999230039     0.660711696    -0.018519508
    -0.320675160     0.685997600    13.321602090
     0.937546496    -0.878742965     0.108786398
     0.372768151     0.333889941     0.008876317
     3.121315644     0.245873858     1.743937546
     0.367483119     0.339701535     0.008924050
     0.556901897     1.343849637     5.440367845
     0.562199051     1.084480291     2.628963640
     0.122054031     0.756374621    -1.114723238
     2.487217270    -0.305551691     4.567222768
     0.558749265    -1.115728232     0.824081874
     4.945352558    -0.414061569     1.219034032
     0.410301764     0.912044218     0.979508819
     0.541062208    -0.025189868     0.727676312
     0.593362922     0.165814664     0.862275088
     0.564707643     0.134325293     0.386941845
     0.362103760     0.345431131     0.008940497
     0.356634357     0.351075982     0.008952712
     3.675434390     0.125351823     2.065559916
     0.453039125    -1.583378565     4.794993376
     1.906350781     0.643942149    -2.684008534
     0.351077308     0.356633336     0.008956763
     0.345434998     0.362099368     0.008930326
    -0.312592103     0.760770093    14.009050791
     2.413073337    -0.513183788     5.714072362
     0.339711098     0.367465739     0.008798657
     1.097109930    -0.220448534    -0.855761086
     2.335193580    -0.117271252     2.904381905
     0.333910077     0.372710843     0.008291398
     1.456458854    -0.684895376     1.630582592
     3.310588813     0.235907567     1.587355074
     4.621306357     0.375021076     0.847660198
    -0.346857556     0.377821752    -3.650369694
     0.346379962     0.477953111    -5.044209135
     1.190520119    -0.845463157     0.763901476
    -0.313848315     0.795150574    14.369590480
     3.428868752     0.198356602     2.049108795
     1.412649278    -0.325887797    -0.126530868
     2.179003466    -0.749970641     4.371075115
     3.333025806     0.007972492     1.904268179
     0.478421382    -0.658695407    -0.843542154
    -0.148576640     0.600597698     8.245954394
     3.117924123     0.043738956     1.919267068
    -0.132342328     0.590130788     7.627893539
     0.328024710     0.377784795     0.006538042
     0.321980273     0.382630751     0.001661449
     1.652625017    -0.705926516     2.422544914
     2.003549192     0.371010761    -1.288059539
     0.485564644     0.163138646    -1.011808309
    -0.409788669     0.924380295    17.289623551
     3.140838217     0.003866249     3.119110809
     3.334587095     0.131133920     2.238085001
     0.303195900     0.397709498     0.002121541
     2.490922954     0.010379601     2.774162268
     3.051172164     0.140517597     1.754755297
     0.292570547    -0.655804262    -0.909635570
    -0.040923725     0.505454473     3.481197481
     0.840759303    -0.725362218    -1.551049615
     0.247447271    -0.756484337     0.475804725
     3.493590476    -0.151982215     1.852086854
     0.275205495    -1.544867170     5.376343711
     0.308325590    -0.798945256     1.067772594
     2.108789552     0.005349517     2.377621087
     0.297142169     0.402539064     0.006729964
     4.095017395     0.075410541     2.199211250
     1.112456399    -0.231725903    -0.857531057
     5.034698349    -1.707352284     1.747489918
     0.220126023    -0.656616079     0.953696749
     0.568908341    -0.886757325     0.548550928
    -0.103338019     0.530303040     3.700644924
     3.276400958    -0.007668512     1.937780817
     0.351303807     1.176228792     3.240651697
     0.290899647     0.407172817     0.008351247
     0.259586321    -0.513674255    -0.434659732
     2.874315082     0.359099438     0.959151420
     0.695785537    -1.753109684     4.066917355
     3.282298843    -0.613476647     3.807064321
     0.145869592     0.798679890    -2.761344692
     0.291794883     1.044271994     1.797174373
     0.284512662     0.411689501     0.008818639
     0.208978266    -1.956709725     3.419761419
     3.296152087    -0.212476415     1.850711182
     0.883278723     0.673318223     0.039513848
     0.324816989    -1.053821497     3.450683416
     0.406474503    -0.302132744     1.378417844
     0.412906770     0.302089573    -1.194531031
     1.774984903    -0.029775153     2.246221747
     0.888634757    -1.767481368     4.941291028
     2.893678269    -0.262809562     2.170416648
    -0.112841818     0.540218993     2.907145221
     2.976863123     0.074057524     2.167800123
     0.278027409     0.416104277     0.008944701
    -0.434474849     0.441159672    -1.481304878
     0.271467559     0.420415481     0.008980729
     0.084528146     0.581367281    -0.196690505
    -0.057492569     0.702424006    -1.858250002
     0.264851255     0.424615689     0.008997909
     2.173334136    -0.032820367     2.218939286
    -0.190064531     0.566316157     4.248378704
    -0.393997196     0.641951779     8.873902632
    -0.345950351     0.627666438     7.664349013
     2.401759702     0.328142570     1.110188127
    -0.568461431     0.705192362    12.712938352
     2.726256866    -0.060678635     2.657888328
     0.473365448     1.378682738     3.948981905
     2.237796185    -0.166279174     2.938023982
    -0.658102437     0.734605995    14.631523129
     1.571502316     0.020213626    -1.440534645
     2.560870587     0.441216162    -0.017155998
     0.258215259     0.428684951     0.009022821
    -0.667449656     0.752609828    14.847212550
     0.063274543     0.618055598    -0.396039657
    -0.661873406     0.779200738    14.864238228
     2.931436156    -0.080632408     1.850669593
     0.320039139    -0.974993470     0.548026634
     0.718351593    -0.560987152    -0.377362616
     0.245591528     0.436001570     0.008386984
     0.780761406    -0.686653471    -0.223451912
     0.211442051    -0.946247063     2.307357827
     0.254789058    -1.141318423     2.767846215
     0.237748629     0.440381449     0.009309073
    -0.805670035     0.882571867    18.484366264
    -0.950897528     1.127247660    23.626045208
     0.649920339    -0.204877527    -2.019797154
     0.049572198     0.996060985     2.655667670
     0.189837829     1.124402538     2.240343104
     0.230667704     0.444114366     0.009007669
    -1.379656716     0.310857102    28.189221727
     0.516338190     0.692011889    -1.981586814
     1.426298364    -0.003870957    -2.220436714
     0.223487099     0.447768144     0.008961386
     2.722439676     0.355406912     0.510163030
    -1.470126496     0.528006784    29.760937947
     0.735607962    -0.667134410     0.220478078
     2.515381331     0.293736750     1.291666056
     0.215912898     0.451483334     0.009228631
    -1.376151011     0.564639280    27.675810983
     2.184072489     0.469514688    -0.218403129
     0.207041932     0.455771111     0.012129972
    -1.529839276     0.608599940    30.806454604
     2.405787675     0.435575242    -0.069452069
     0.194883262     0.461042882     0.010905084
     0.396320839     1.166503706     3.532237075
    -0.112498477     1.537209439     2.123150718
     0.368795744     1.340667979     3.585932346
     0.041601153     1.036029585     1.934383427
    -1.319699831     0.582843827    26.216057961
    -0.015647736     1.498098136     1.003832285
     2.173573626    -0.124607238     2.714939077
    -2.033888677     0.645559364    40.946570473
     3.118730303    -0.295054320     2.268351427
     1.366064320    -0.198932306    -0.909514697
     0.187749166     0.463894818     0.009067813
     1.862598955    -0.053424417     2.093125887
    -1.497851769     0.606515880    29.528370966
     3.101452256    -0.559628218     3.404143954
     1.025667694     1.267580454     1.372798095
     2.786062905    -0.065507723     2.684456503
    -1.719461098     0.628266465    34.001925509
     0.306910999    -0.601530288    -0.573772721
     0.332503488     1.188577696     2.853273571
     0.948444086    -1.028502197     0.226197828
     0.180528047     0.466749589     0.009015582
    -0.117062990     1.330186991     1.669014291
     3.108606225     0.017277833     3.096262892
    -0.066472691     0.649148190    -2.391040193
     0.118588933     1.414979837     1.064703677
     0.833436368    -0.941445775    -0.167107132
    -0.200869726     1.017413631     0.560878159
     0.882202602     0.910945101    -0.681141423
    -2.593075950     0.754897712    51.902550554
    -1.042414771     0.689600248    19.942191271
     0.085380335    -1.292692454     4.941227576
     1.151387182     1.765878226     1.239033606
     2.720974159     0.301052974     1.079214731
     3.241632480    -0.152537437     2.167971569
     0.024247522     0.529561732    -1.092390826
    -1.303565564     0.964550968    26.799446075
     0.011067451     0.594207561    -0.790102670
     1.770576268    -0.514630707     2.831510701
    -0.160423790     0.508416122    -1.908903755
     1.390220007    -0.593875809     0.814651906
     0.173200950     0.469516618     0.008992953
     0.165812714     0.472176203     0.008988938
    -1.249658868    -0.146595766    26.408727928
    -0.038452966     1.252210815     1.004841845
     0.616569816    -0.725284887    -1.347928826
     0.962653470    -0.695430828     0.726741257
    -0.796079583     1.002723651    -1.189474778
     0.703362169    -0.638544079    -1.318637141
     0.152877613     1.187605070     2.530846707
     0.906527118    -0.048363723    -2.348594943
     0.811609287    -0.099825568    -3.066727467
     1.491145793    -0.563496607     1.420573078
    -0.009758409     0.565222523    -1.389144700
     1.135480038    -0.069108604    -0.263895453
    -0.041913510     0.777760545    -0.465954267
    -0.110427989     0.626729143    -1.853257600
     1.351698029    -0.118522292     0.171423553
     0.878100527     1.474109506     6.930126232
     0.233032565    -1.158529946     5.539847913
     0.899439797     1.425405134     5.174226442
     0.158378018     0.474721634     0.008989001
     1.606575861    -0.152984851     2.437771810
    -0.400909784     1.493849282     1.612271598
     1.814932323    -0.022635448     2.992999167
     1.016558077    -0.480197456    -0.141201309
     0.150902527     0.477150380     0.008985638
     1.445738038     0.033047968    -1.941731789
    -0.567666611     0.205434834    -4.286509253
     0.746691188    -0.785902581    -0.707845314
    -1.623267461     0.105329720    31.807111659
     0.143389363     0.479461715     0.008985396
    -0.944071024     0.733390998    -2.185037438
    -0.547538312     0.421992623    -1.481221164
     0.687296547    -0.475053778     2.335277925
     1.592993882    -0.008600723    -0.528220998
     2.209309921     0.086159567     1.746042181
     3.191717547    -0.125041537     2.349300968
     1.623249892    -0.476031185     2.845965461
    -0.554936638     1.008237678    -1.855988925
     0.074369673    -1.323312123     4.980825731
     1.083556171     1.515574131     0.659758579
     0.135840677     0.481654806     0.008985309
     1.512413325    -0.271019298     1.148971810
     2.074409255    -0.105109978     2.917037091
    -0.380940895     0.613284306    -2.800222908
     1.857807564     0.173326499     1.348291562
     0.362171733     0.794697914     0.434117761
     0.858903433     0.275329263    -4.633005084
     0.067874548     0.936489225    -0.131994730
     0.527085208    -0.583826048    -0.473274808
    -0.384805587     0.870220319    -1.370033488
    -1.501646168     0.173269792    28.850980581
    -0.488373166     1.017527375    -2.500657953
     1.595773161     0.456687032    -4.838362540
    -0.750926330     0.596092037    -2.906691190
     1.311551842     0.677806288    -2.199830020
    -0.303677578     1.013193104     0.604779257
    -0.207664224    -1.461443847     4.743784370
    -0.446133107     0.747643145    -2.137560206
    -0.686213116    -0.001948575    -2.307386045
    -1.449859617     0.201392171    27.510392979
    11.208345001     4.373485141     0.947536242
    -0.253308948     0.807893073    -1.058768477
     1.253744437     1.354282686    -0.011851696
     1.077056386     0.930122451    -1.001419027
    -0.451770440     1.646780193     6.044810603
     1.434261827     0.029458650    -2.008641445
     0.655719531    -0.736078530    -1.245915103
     0.177774440    -1.233688140     4.805575005
     1.317562795    -0.674350015     1.141134753
     1.018858099    -0.770710093     0.888442954
     0.606221212     0.264921507    -5.033889918
    -0.151582199     0.930392804    -0.327462555
     0.527105584     0.771265711    -0.112727572
     0.474629351    -0.789531890     0.421227099
     0.192834235    -0.685546545     0.244409009
     0.325845668    -0.391099145     1.775978098
     1.017994624    -0.628407875    -1.080312626
     1.073413918    -0.761817972     0.456726028
    -1.634389938     0.198584650    31.176814262
     0.676039951    -0.459975856    -0.121008955
     0.941987004    -1.251388752     1.521787545
     2.093571739     0.283766101     0.858597007
    -1.207891566     0.226729061    22.043096863
     0.687983691    -1.130737802     1.111278917
     0.420398346    -0.711168903    -0.609240723
     0.275882062    -0.653688357    -1.280790063
     1.788404829     0.248586158    -0.565218611
     0.922380511    -0.663239374     1.176325572
     0.890403597    -0.386830747    -1.943640377
     0.128258432     0.483729071     0.008985270
    -0.879099115     0.260552718    14.676355899
    -1.118057748     0.247769107    19.753440463
     0.120644531     0.485683986     0.008985226
    -1.262283481     0.156645849     1.062936342
    -0.383044049     0.472750335    -2.772988328
    -1.158098720     0.236730500    20.498283086
    -0.754513961     0.753800892    -2.472003501
     2.089609621     0.098665798     2.090602103
     1.731802921     0.325133844    -2.588995171
     1.636964484     0.177474730    -2.413442224
    -0.337083293     0.563493586    -2.258949072
    -0.618294423     0.805626732    -2.328746486
     2.364060513    -0.302661377     3.820976707
     1.852537769     0.396290754    -0.580299723
     0.269621850    -0.847381131     0.060675550
     0.112981581     0.487435630     0.007272482
    -0.278713636     0.499616186    -2.838421253
     1.729575656    -0.235668513     2.107743350
    -0.484058725     0.222541231    -3.803656396
     0.651548821    -0.133770878    -3.541517729
    -0.984950264    -0.598617975     4.425170290
    -0.512397110     0.352503281    -2.029292911
    -0.659377234     0.388751661    -1.010961968
     1.147114381     0.107192511    -3.232880410
     0.463222038    -0.589396451    -1.105023919
     0.506701900    -0.183879728    -3.944845223
    -0.584113012     0.730632226    -1.726170666
    -0.529288496     0.549906713    -2.435487127
     1.496713801    -0.676810595     2.659020358
     0.358396593    -0.594934140    -2.046894690
    -0.866865162    -0.201605971     1.261665793
     0.640044055    -0.341978905    -1.795437149
    -0.858695827     0.255494582    -0.893167623
    -0.589091670     0.566875523    -2.451204485
    -0.972394496     0.261512112    16.275984415
     1.907368010     0.388963592    -5.264613580
     0.667331503    -0.127865031    -1.050049551
    -0.684875754     0.216782992    -2.064533483
    -1.206280677     0.984301085    -2.540629317
     1.139798880    -0.361348637    -0.825711495
     1.066876560    -0.499741770     0.166516209
     1.303900453     0.810580521    -0.186384414
     1.661888853     0.409262873    -4.068581547
    -0.738108407     1.171758233    -0.819235590
     0.105329314     0.489233844     0.008984849
    -0.984752178    -0.267100265     2.442461721
     1.289647990     0.238881870    -2.674257620
    -1.362880458     0.059151820     1.673266298
    -0.577476398     0.147996879    -1.644856676
     0.097631788     0.490827891     0.008984171
     0.089910184     0.492300791     0.008982678
     1.988811982    -0.932420921     3.473684209
     2.262094077    -0.976243218     4.505802458
    -1.044203812    -0.393062625     3.494312495
     0.082166397     0.493652159     0.008979898
     1.429924685     0.290677470    -4.343380238
     0.074402311     0.494881660     0.008975722
     0.581042910     0.215049733    -4.795485341
     1.923367555     0.868979485    -2.306624362
    -1.049707707    -0.030246602     0.735142770
     1.130437595    -0.221514085    -0.962750063
    -1.554174232     0.221225621    -1.113912459
     1.638808308     0.465803664    -4.482266856
     0.321216497    -0.595333099    -0.727092231
    -0.896534139     0.281993693    14.408268603
    -0.414089443     0.384813241    -4.451793486
     0.369900795     0.529217031    -0.987110020
     0.066619808     0.495989048     0.008971191
     0.850425241    -0.247573211    -2.606663062
     0.058820807     0.496974156     0.008968477
     3.237729841    -0.085517647     2.540931673
    -1.607761157     0.722116166    -1.428853735
     0.051007291     0.497836816     0.008969276
     1.717792586    -0.121417884     1.668197869
    -0.813829854     0.311290477    12.364553549
    -1.408001813     0.519034707     0.346333941
     1.275496313    -0.231980331    -1.923648449
     1.133671147     0.197850462    -5.650153245
     1.969460315     0.016064288     2.181103430
    -0.682693242     0.078374209    -3.097390899
     0.176344041    -0.904296819     2.955493836
    -1.064545243     0.814136751    -2.319818336
     2.310561149    -0.319605689     4.455044772
     1.338390034    -0.404863102     0.905944649
    -1.068929276     0.578174572    -2.864790250
    -1.200321735     0.494080026    -0.416753222
     0.890559013    -0.088790576    -2.230016095
    -1.369155865     0.679674006    -1.255742209
     0.955735717     0.709674085     1.467746291
     0.626507123    -1.209492199     2.950123843
    -0.856852025     0.659955285    -1.364457755
    -0.960508894     0.234379533     2.931089297
    -1.053212187     0.293978629    -0.946345852
     2.204061901     0.258195467     1.346076617
     1.221169814     2.523310896     0.428244972
    -0.716722918     0.373507668    10.019228417
    -0.787308815     0.482496763    -2.041847210
    -0.783271868     0.296881868    -2.273959778
     0.725409107     0.063519070    -3.451225998
    -0.764977474     0.485719309    11.212739657
     0.827341502     0.171855037    -4.150025674
    -0.603289345     0.353795624    -4.091444121
     2.001179807     1.460549288    -0.747031736
     0.043181256     0.498576782     0.008973070
     1.164205364    -0.002923312    -1.638018820
    -0.748049362     0.067861670    11.890727639
     1.748498072     0.046174021     0.710276346
    -0.644413668     0.297150697     7.933798053
     0.035344643     0.499193765     0.008977666
     0.027499345     0.499687528     0.008981286
    -0.561173002     0.138721281     6.612114904
     0.019647257     0.500057931     0.008983459
    -0.839749952    -0.012633442     0.746614227
     0.491171913    -1.480057279     3.768788874
     0.649147839     0.501148382    -4.815162562
     2.011930618    -0.755374045     4.273908136
     0.011788094     0.500219155     0.007269104
    -1.290798296    -0.346700689     2.564037838
     0.003930420     0.500428394     0.008984998
    -0.003930443     0.500428403     0.008985177
     0.797881226    -0.142381628    -1.992457896
    -0.003833163    -1.499156734     5.850530616
    -0.011790341     0.500304933     0.008985239
    -1.286254629    -0.371230597    -0.374177086
    -0.019647333     0.500058018     0.008985256
     2.744455240     0.237331088     2.064810417
     0.843776165     0.876932366    -2.234557018
    -0.027499478     0.499687719     0.008985249
     0.178943546     0.685949234     6.962680176
     0.602910254     0.018660049    -3.329806903
     0.368719304     0.669375888    10.128923316
     0.617770709     0.771244863    -3.237567109
     0.393918348     0.610338591    10.123296332
    -1.064013977    -0.127354220     1.543615782
     0.479320338     0.504154029    11.407436124
    -0.035344837     0.499194130     0.008985216
     0.200739346     0.951388567    12.453108935
     0.265345031     0.855073684    11.729820251
    -0.983486969     0.093667808     0.771619982
     0.844583380     0.758246896     0.003762485
     0.093885332     0.690750533     6.656656580
     0.197994643     0.741191945     9.100141656
     0.968270100     0.710306867     0.206533945
     0.640345278     0.131437244    -4.705219936
     1.642303750     0.620526502    -4.001726276
     0.310094710     0.821303925    12.259140033
     0.237491264     0.767574731    10.392120421
     0.564599912     0.374891414    -4.373856037
     0.993566477     0.532678007    -1.119038294
     0.468005041     0.791517718    -1.043783532
    -0.051007452     0.497837587     0.008984945
     0.623962344     0.800827012    -0.555465655
     0.134074200     0.866132542     3.216749761
     0.556237202    -0.356892879     0.435516119
     1.646392090    -3.564437246     0.652888819
    -0.058820857     0.496975095     0.008987241
     0.187333269     0.521729936    -0.936083057
    -0.066619714     0.495989705     0.008983951
     0.184501914     0.727537479     9.041019331
     0.159444899     0.706308334     8.426232645
     0.058999522     0.915906466    -0.393735565
     0.476245498     1.449510384     6.358751592
     0.705547604    -0.024745810    -3.033540760
     0.696151316     1.424527600     6.211352475
     0.150349885     0.703933826     8.374647184
     0.304685350     0.966125848     1.973308561
     0.398623927     0.577444934    -3.129398384
     0.132662292     0.910769733     1.772214688
     0.240397816     0.608974663     0.822127955
     0.185304040     0.690886153     0.093621755
    -0.074402168     0.494882187     0.008985716
     0.737398171     1.183732666     2.502955457
     0.118981851     0.684868544     7.700015941
     0.092604984     1.084185421     3.001283192
     0.514740203     0.601868131    -2.227632474
    -0.082166232     0.493652294     0.008982025
     1.581097978     0.058844172    -2.156659261
     0.114350310    -1.682226297     4.396489594
    -0.089910056     0.492300739     0.008981203
    -0.244151953     0.494402457    -2.450044865
     0.762447814     2.358857727     0.472975896
    -0.097631708     0.490827741     0.008980916
    -0.105311107     0.489148877     0.007246931
     0.027735756     0.824504841    -0.353732103
     0.184134459     0.849075944     1.423871321
    -0.113000838     0.487518917     0.008982167
     0.691915716    -0.884167111     0.024256146
     0.385405763     0.997457564     1.795304638
     0.107191285     0.672011383     7.422315183
    -0.580610975    -1.244830759     3.897263351
     0.127446738     0.687486616     8.122471346
    -0.120644481     0.485683895     0.008983222
    -0.128235580     0.483646116     0.007264453
     1.409618035    -0.089108513    -0.931896525
    -0.135840024     0.481654987     0.008985258
     0.881126347     0.088095886    -4.353573707
    -0.928475720    -0.190843686     1.739410720
     0.250630875     0.710666783     0.567126313
     1.358462722     0.709317886    -0.296131279
    -0.143357446     0.479382126     0.007277460
     0.373005136     0.977116242     1.528507516
     0.144082023     0.709964307     9.026073093
     0.884292389     0.971599481     0.220482562
    -0.150894910     0.477152993     0.008989535
    -0.158352342     0.474730889     0.009002117
    -0.894775260    -0.060376752    -0.081274525
     0.147260819     0.684974676     8.915024736
     0.226072512    -1.878099896     3.877718282
    -1.302318217    -0.162463684     5.424250834
     0.199914433     0.936069823     1.701348049
     0.153573057     0.661884184     8.769512153
     0.669325562     0.844319385     0.045492007
     1.002916792     0.755435046    -0.388139101
     0.035763773     0.824254886    -0.379313291
    -0.165726929     0.472208752     0.009035029
    -0.172911873     0.469622615     0.008984862
    -0.032349119     0.588262225    -1.230684689
     0.745090432     0.900589150     1.788114836
    -0.077597062     0.693076347    -1.822288779
    -0.025616462     0.767428685     0.991877086
    -1.231754533    -0.134585871     2.461304357
     0.269082927     0.736574352    12.116195144
     7.402873689    13.674857443     0.477465878
    -0.848754263    -0.051948053    -0.486566176
     0.250329843     0.541721344     9.303092532
    -1.068865847    -0.576012459     4.079258665
    -0.881465989     0.188697073    -0.388652590
    -0.922589598    -0.859957429     3.610634643
    -0.173301527     0.536425107    -3.765216948
     0.094627242     0.914367102     0.761833517
     0.111013957     0.556198247    -1.310967778
    -0.310653903     0.616197913    -1.315279094
    -0.186708860     0.464157990     0.006192101
     0.106462895     0.664224935    -0.231352370
     1.306442104     0.863366779    -0.338787634
    -0.195054493     0.460865438     0.008968805
    -0.673072544    -0.938749578     7.815168616
    -0.202326820     0.457719432     0.008968931
    -1.398169545    -0.645166081     0.883803055
    -0.118410527     0.764748391     8.151377408
    -0.850309788    -0.724183480     7.299689234
     0.038981880     0.727494225     8.932794229
    -0.348278078     0.601426824    -2.616391983
    -0.209464568     0.454417129     0.007512346
    -0.216582660     0.451055497     0.007288047
    -0.223687087     0.447669720     0.008986306
    -0.230691666     0.444100847     0.008988626
     0.104153536    -1.851026689     3.752460050
    -0.237597885     0.440347535     0.007279974
    -0.244527473     0.436635275     0.008985448
    -0.251355687     0.432740524     0.008985342
    -0.426669129     0.659720118    -1.864526006
    -0.571292957     0.579672209    -4.348427358
     1.515514555     1.900101590     0.219434411
    -0.258121875     0.428739010     0.008985302
    -0.395818352     0.357926796     0.798418138
    -0.264824372     0.424631713     0.008985284
    -0.556648036    -0.033616790     2.909044154
    -0.832908105     0.280939183    -1.343460968
     1.010643551    -0.682557276     0.365084274
    -0.452785465     0.255304083     0.391891966
    -0.271415143     0.420347829     0.007275405
    -0.483995777     0.185674055    -1.923813404
    -0.850068803     0.416449326    -1.061062998
    -0.278031776     0.416103958     0.008987933
    -0.235282633     0.633349589    -2.521660739
    -1.015651292     0.374366836    -1.598907378
    -0.570018114    -0.105745397     3.704886828
    -0.284533353     0.411685491     0.008987932
    -0.568249869    -0.170288834     4.572021712
    -0.290964648     0.407165339     0.008985269
    -1.119352437     0.423571792    -1.051365366
    -0.297324228     0.402544834     0.008985273
    -0.682237650     0.521755081    -2.944492433
    -0.562824135    -0.206258425     5.007759681
     0.961214162     0.364577483    -4.648926135
    -1.317990229     0.627651595     1.803292412
    -0.548014670     0.546467115    -0.292099323
    -0.143523960     0.796821381    -1.291271919
    -0.543721405    -0.210108698     4.690027402
    -0.303610447     0.397825007     0.008985273
     0.824398287     0.334612179    -4.639080242
    -0.543557554    -0.254750862     5.434345470
    -0.536699381    -0.288744188     5.921309990
    -0.510630636    -0.279775202     5.314696653
    -0.469244746    -0.236047517     3.789096874
    -0.066286509     0.661273139    -1.679550960
     0.147250987     0.770711666     0.266633153
    -1.088749171     0.239520900    -0.940242126
    -0.309821755     0.393007022     0.008985273
    -0.501751360     0.135848473     0.417784724
    -0.315956619     0.388092070     0.008985273
    -0.322013525     0.383081361     0.008985273
    -0.327991067     0.377976233     0.008987935
     0.308629820     0.609109386    -0.164996852
     0.290073390     0.459300704    -2.928091183
     0.031584594     1.007589264     2.514177239
    -0.333887508     0.372777644     0.008985274
    -1.203156960     0.087652082     1.427254631
     0.480014455     1.270245000     3.592442701
    -1.077511226     0.059690634    -0.384714011
    -0.339701653     0.367487178     0.008985275
    -0.345431983     0.362106041     0.008985278
    -0.756326493     0.339625339    -1.373342756
     0.050754421     0.630069748    -1.431737389
     0.143446641     0.861542253     0.709707044
    -0.351077177     0.356635655     0.008987985
    -1.007656723    -0.014406457    -0.345850747
    -0.974349895    -0.096229070     1.731082535
    -0.356635560     0.351077084     0.008985316
    -0.362106045     0.345431987     0.008985393
     0.906679966     0.748286286    -1.617775682
    -1.022309606    -0.261563603     2.098001373
    -0.367487190     0.339701663     0.008985574
    -1.080294800     0.162408202    -0.479931013
     0.866357814    -0.291067405    -2.551440067
    -0.372777668     0.333887527     0.008985902
     0.402965792     1.480227151     3.699191036
     0.940219970     1.842298462     4.917582365
    -1.134023360    -0.386741804     4.362593318
    -1.244867633    -0.316443711     5.026651045
    -1.256514607    -0.195877682     4.636520462
     0.162885525     0.494104259    11.467787705
    -0.377976174     0.327991010     0.008986297
    -0.383081417     0.322013553     0.008986489
    -0.388025910     0.315902334     0.007273681
     1.563236920     0.758047948    -2.950219075
     0.060918281     1.596398095     0.691291288
    -0.339061584     0.927464161    14.681278267
     0.565843038     1.757550437     3.225582138
    -0.882414459    -0.265746881    -0.721611753
    -0.947895416     0.077555582    -1.161679991
    -0.393007186     0.309821656     0.008986623
     0.239149631     1.697327753     1.633954485
     0.078883507     1.934081939     0.614879615
     0.335997505     1.852423868     1.863296267
     1.652959569    -2.487361014     1.372777351
    -0.883841331    -0.006629897    -0.677385556
     0.893976500     1.895638631     2.582284541
    -1.240555463    -0.271367369     1.634542287
    -0.332556731    -1.959142006     0.434109920
    -0.397826842     0.303611105     0.009022435
    -0.186619754     0.765877410    11.831756841
    -0.402545995     0.297322517     0.008983627
    -0.076880494     0.801853568    13.684724330
     0.258423617     1.360564447     2.391800965
     0.016233376     0.586745935    10.681867298
    -1.084423214    -0.191181797     1.489740711
    -1.090180592    -0.080608489     1.239631717
     0.299532152     0.791474076    19.342543763
    -0.407104773     0.290899189     0.007238577
     2.444376013    -3.121441434     1.492798450
    -1.099318620    -0.322901126     3.283888118
    -0.413151137     0.282080479     0.005534609
     0.692375857     2.005377709     1.032784755
    -0.099816171     0.520527195    -2.489826869
     1.130083945     2.079217594     0.907890444
    -1.188823372     0.325661968     0.840683314
    -0.420573291     0.271231334     0.009072530
    -0.642224983    -0.014994154    -1.475390400
    -0.425572818     0.263032615     0.006155624
     2.383422405    -2.389880079     2.133054437
    -0.636654881     0.074317956    -1.440019103
    -0.013578834     2.112499133     0.526648020
    -1.123184700     0.179483680    -1.210072414
    -1.136954910     0.028686810     0.942935251
    -0.723905156    -0.057611939    -0.238284402
    -0.432414040     0.251985658     0.009687348
    -1.091408722    -0.446208547     4.545238577
    -0.437668175     0.242421134     0.006644722
    -0.679278820     0.923278826    16.438779068
    -1.069436110     2.111530923     0.653490782
    -0.405502376     0.993216754    17.169452872
    -2.526229563     1.129482899    -2.618407193
    -0.260863638     1.183435827    21.700750842
    -0.162949589     1.227061189    23.206304565
    -1.366617833     2.026107418    -0.703258167
    -0.030096000     0.884379354    17.279024391
    -1.017763538     2.490505886     0.333549752
     0.308000488     1.380272392    30.540471140
    -0.674849971     0.244231570    -2.754951162
    -0.714940283     0.363308829    -0.371687890
    -0.492760303     0.214769049    -5.552497024
    -2.651059211     1.522136051    -0.903201384
    -2.289861615     1.493686655    -1.298917413
    -0.521780922     0.293358498    -4.327241738
    -0.444199086     0.230507837     0.009039120
    -0.447698010     0.223633488     0.009013438
    -0.451135709     0.216613118     0.008997888
    -2.653438370     1.281971384    -1.965443147
    -0.587595655     0.058622632    -1.725196276
    -0.454476030     0.209513594     0.008992637
    -1.851421723     1.549955008    -2.412784790
    -1.640264610     1.797708596    -0.820926389
    -1.461411151     1.739622318    -1.037147419
     0.044942556    -3.161195500    -0.545270365
    -0.670805194     1.574503980    30.670413764
    -1.116551040     1.941658928    -0.611573861
    -1.142697241     2.231575455     0.778828552
    -0.050101336     1.584442205    31.938544740
    -0.478498365     0.357283789    -1.963153074
     3.984841399    -0.636816483     2.261606625
    -0.457706697     0.202358907     0.008995420
    -2.317702149     1.058219968    -2.662262975
    -1.142160322     1.545965282    33.211697600
     0.328805408    -0.920724242     1.435772519
    -0.755404810     1.561859303    31.282091715
    -0.719017519     2.661041325     0.842432466
    -0.460819894     0.195167307     0.009009527
    -0.598669909     1.675441693    33.347473507
    -0.486744823     1.735966049    34.663322297
    -0.053417110     0.710213973    -1.103045992
    -2.762710003     0.005058455    -2.152345117
    -0.309103906     1.733622624    34.946867152
    -1.120865949    -0.000048674     1.059195842
     0.059785265     1.973143312    41.422560628
    -0.463800567     0.187979171     0.009047373
    -0.466603337     0.180921646     0.009133548
    -1.294781153    -0.420690136     1.997783450
    -0.817268183     1.840415819    38.228872988
    -1.771992825     1.611254863    42.336767001
    -1.155826913    -1.015678045     0.494617512
    -1.392766318     1.798504026    41.599961020
    -1.208700920     1.713346929    38.602693713
    -1.116283361     1.791658323    39.582266640
    -1.073560152     1.906950416    41.715911682
    -0.998870024     1.892170177    41.161590319
    -0.943027908     1.945674706    42.108760697
    -0.870631662     1.988536785    42.822842669
    -0.782134624     2.064476941    44.223350927
    -3.111666959     0.659279320    -2.085823575
     0.630365412    -2.112151570     3.373853167
    -1.819440438     1.826759931    -0.093312659
     0.450506435    -2.061214952     3.003357651
    -0.656204245     2.187059408    46.600630562
    -0.892374614    -1.217767661     1.944451056
    -1.135994280    -1.143720375     0.309766387
    -0.402691082     2.313300191    49.226051920
    -1.409865862    -0.833166201     0.106091900
     0.207279628     2.644045470    57.793249923
    -0.471976047     0.166326222     0.008626810
    -0.477136020     0.150943434     0.008958593
    -2.763562751     1.627542548    58.833006609
    -2.019964382     1.966923137    53.392994397
    -1.532160182     2.222630776    53.061330606
    -0.481653636     0.135844229     0.008982082
    -0.777583806     2.614049636    56.895822311
    -0.483729134     0.128259578     0.008992358
    -0.485684383     0.120644956     0.008994974
    -0.487519153     0.113000969     0.008987358
    -1.167111916    -1.337538872     1.487344275
    -1.527666445    -1.345522652    -0.310690012
    -0.489234096     0.105329374     0.008990040
    -1.824296715     0.786851304    -2.077310507
    -2.668662876     1.430281945    55.709257123
    -1.545445017     2.158770345    52.775929296
    -0.490744296     0.097615202     0.007279677
    -0.492301065     0.089910142     0.008987929
     0.098037795    -2.154384206     2.766432244
    -0.498245799    -2.134103127    -0.007501842
    -2.717477085     1.174727844    54.179948944
    -1.020267703    -2.119747550    -1.527704079
     0.105962768    -0.886634116   -26.831370381
    -0.907729349    -2.021681083    -1.612032980
    -0.493652448     0.082166297     0.008985272
    -0.494882159     0.074402204     0.008985273
    -0.495989766     0.066619754     0.008985269
    -2.571844541     0.817902529    48.362805766
    -0.496975126     0.058820882     0.008987932
    -0.152350674    -2.190214975     0.689900695
    -0.916728713    -2.163501639    -0.095638527
    -0.497752549     0.050998752     0.007275313
    -0.498492115     0.043174096     0.007273684
    -2.390720198     0.607388859    43.493516906
    -0.499194132     0.035344840     0.008985273
    -0.499687721     0.027499479     0.008985273
    -0.207375709    -2.404203582     0.150448132
    -0.500058151     0.019647338     0.008987934
    -0.054080637    -1.759224680     2.762378289
    -0.500305196     0.011790345     0.008990507
    -0.500428669     0.003930438     0.008990507
    -0.500428541    -0.003930437     0.008987934
    -2.893662248    -2.310674998    64.090294163
    -0.500219460    -0.011788325     0.007275314
    -0.500058018    -0.019647333     0.008985269
    -0.045449849    -2.106042200     0.830783642
    -0.499687721    -0.027499479     0.008985273
     0.943415681    -2.280018996     2.545491932
     0.729765918    -2.532871596     2.410614033
     0.685806553    -2.408652166     0.495917439
    -0.499108767    -0.035338796     0.007273685
    -0.498577375    -0.043181480     0.008985273
     0.494544654    -2.502309897     0.458743063
     0.326928738    -2.554194210    -0.738475609
     1.322381539    -1.834247862     2.689825172
    -0.497837602    -0.051007466     0.008985273
    -0.496975127    -0.058820882     0.008987934
     1.683723403    -2.791105192     1.235247376
    -0.495989898    -0.066619772     0.008987934
    -0.494882159    -0.074402204     0.008985273
    -1.825449055    -1.954238273    43.483332541
    -0.493652448    -0.082166296     0.008985269
    -0.492216748    -0.089894740     0.007273682
    -0.675233265    -2.405424533    -0.276484732
     1.569167824    -1.046961350     2.882122025
    -0.758939304    -1.878008252    31.153361363
     1.262636669    -1.704901089     3.308121694
    -0.680544958    -2.032579289    33.683514060
     1.909945205    -4.008443995     0.711059195
    -0.558803854    -2.105463597    34.578035437
    -0.738118376    -2.003075480    33.279037082
     2.003577370    -2.328971614     1.846081104
     1.321218468    -2.711651017     1.078620534
     0.542850093    -3.207745472     0.019944884
    -0.776182714    -2.142184689    36.119114291
    -0.490744099    -0.097615071     0.007275312
    -0.489233999    -0.105329324     0.008987932
    -0.487435783    -0.112981548     0.007275312
    -0.485683989    -0.120644530     0.008985273
     2.403032924    -1.259601567     5.305084238
    -0.539222859    -2.223658771    36.598674027
     2.401402627    -2.006272167     2.892244735
     2.041072183    -1.725764039     2.282674330
    -0.483729198    -0.128258473     0.008987934
     1.758777847    -2.099676647     1.351605974
    -0.481654797    -0.135840702     0.008985273
     3.178752368    -1.188539152     3.711043008
    -0.479461683    -0.143389448     0.008985269
     2.399873367    -1.438275446     4.076745329
     2.247793364    -1.366930725     2.546921443
     2.202818048    -1.215896419     4.638055275
     2.158265321    -1.049506723     4.452850340
    -0.477150269    -0.150902815     0.008985264
    -0.474721126    -0.158378949     0.008985264
    -0.472174853    -0.165816006     0.008985269
    -0.469512077    -0.173212150     0.008985273
    -0.466733456    -0.180565556     0.008985273
     1.161073341    -2.380663763     1.931590224
     2.795897119    -1.036434421     4.217939202
     0.471647077    -1.824909896    30.915106397
    -0.463839676    -0.187874411     0.008985273
    -0.460831450    -0.195136910     0.008985273
    -0.457709521    -0.202351263     0.008985273
     0.943917198    -2.974388092     0.595229000
    -0.454396941    -0.209479859     0.007273685
     3.201421824    -2.156696520     2.417938450
     2.619284213    -0.190889543     2.328197926
     1.223749133    -1.170795234    31.521603538
    -0.450952573    -0.216544342     0.005100672
     1.070334181    -1.466081695    32.134943012
     0.919776763    -1.531802915    30.629606630
     0.781658840    -1.545889501    28.800988486
     0.759747483    -1.598763145    29.235481898
     2.686363654    -0.531405054     3.990314788
     0.731656016    -1.640021324    29.441928567
    -0.447592875    -0.223649483     0.007275312
     0.446440533    -1.568254601    25.016359602
     0.362827400    -1.615229212    25.064921077
     0.438326215    -1.774669336    28.548055035
    -0.444100713    -0.230691849     0.008987932
    -0.440422258    -0.237638956     0.008985269
    -0.436635254    -0.244527492     0.008985273
    -0.153473462     0.545259244    -2.367779351
    -0.432740517    -0.251355693     0.008985273
     0.378163167    -2.043557601    33.126850958
    -0.428665689    -0.258077736     0.007273684
    -0.424559097    -0.264779086     0.007273682
     0.810551854    -1.444220016    26.630477561
     0.748232584    -1.841384316    32.251600165
    -0.420419646    -0.271461527     0.008985273
     0.801323862    -2.381685270    42.270237722
    -0.416103958    -0.278031776     0.008987931
    -0.411615036    -0.284484680     0.007275270
     1.859265492    -1.941744842     2.282254191
    -0.407095678    -0.290914928     0.007273586
    -0.402544827    -0.297324235     0.008985255
    -0.366852276     0.465870191    -2.278085901
    -0.397756736    -0.303558794     0.007273094
     1.957499928    -1.487914468     2.024369071
    -0.285382521     0.875114581    -1.027563621
    -0.393006946    -0.309821838     0.008985100
    -0.388023917    -0.315904518     0.007270351
    -0.383080471    -0.322014463     0.008983724
    -0.377898048    -0.327948811     0.007253017
    -0.372449809    -0.333946194     0.004887070
    -0.380149930     1.095486424    -0.419653234
     2.625121354    -0.050401960     3.863317508
    -1.508777028     0.264608414    -0.721652924
    -0.367328185    -0.339743822     0.007223482
    -0.434990059     1.109832083    -1.714524573
    -0.361984306    -0.345553928     0.008908248
     1.493017848    -1.682616030    39.588832802
    -0.585099454     1.197486610    -1.964488502
    -1.307189096    -0.293653742     0.358229520
    -0.652530033     1.513923611     0.457734318
    -0.355615238    -0.351845844     0.005292909
     1.148679851     1.496132635     0.234265561
    -0.349533724    -0.357947027     0.006186087
     2.371792907    -0.648711803     4.591460048
    -0.339581770    -0.367609913     0.009161445
    -0.333849256    -0.372813624     0.009010994
    -0.327979598    -0.377986633     0.008994705
    -0.322010155    -0.383084431     0.008988903
     0.987595629    -0.771438805     1.630234632
     2.015899380    -0.982523396     1.615571544
    -0.315955620    -0.388092967     0.008986584
    -0.309767276    -0.392941152     0.007276140
     0.122821327    -1.341042191     6.464207916
    -0.952928221     1.016325126    -3.023216916
    -0.786744055     1.089177366    -1.353913106
     0.463222910    -0.625118088    -0.489272222
     2.030600559    -0.199480765    41.947383581
     1.478348218    -0.626689957     2.621097365
    -0.303610359    -0.397825083     0.008985418
    -0.847449988     1.187811036    -0.382678714
    -0.377460414     0.978664608    -1.659817419
    -0.297273175    -0.402476172     0.007274044
    -0.290850022    -0.407008785     0.005104903
    -0.507703093     1.230926881     0.068098289
    -0.593885615     1.313933528    -0.828691590
     0.442121126    -0.965904832     0.937984635
     2.121275028    -0.308900607     3.691094217
     2.330525801    -0.539071784     5.772421567
     1.198063701    -0.771776518     0.989233926
    -0.284422000    -0.411526323     0.005102949
     1.906994994    -0.405302381    -1.690412714
     2.207388784    -0.656501844     3.344178355
    -0.526803283     1.081251012    -1.376519470
    -0.204443782     1.117670256     0.848760306
     1.719847250    -0.698516135    35.240894791
    -0.495991608     1.426768740     1.632370292
    -0.796802479     1.593630927    -0.345116626
     1.785152241    -1.039493821    37.914350534
    -0.064502394     1.170718838     1.163420369
     0.661409762    -1.300245492    21.122516404
    -0.277984146    -0.416032700     0.007273707
    -0.271461526    -0.420419646     0.008985265
    -0.264779084    -0.424559098     0.007273684
     1.297066568    -0.235081308    25.906115393
     1.935123386    -0.719795015    38.931484435
     1.975841263    -0.968051487    40.540851942
     2.217005611    -1.436327500    48.135357614
    -0.258077736    -0.428665690     0.007273684
    -0.251355693    -0.432740517     0.008985269
     2.024767639    -1.227994048     1.191264614
     1.296306843    -0.150784878    25.492672507
    -2.062575773     0.216260123    -1.594196322
     1.389088827    -0.325640236    -0.640110678
    -0.499977690     1.669442191     6.335206231
    -0.244527492    -0.436635254     0.008985269
     1.874084188    -0.647308056    36.760801896
     1.443206828    -1.081128359    30.255450454
    -1.767137867     1.164473391    -2.133933232
    -1.789005080     1.659423664    -2.276609787
    -0.237638956    -0.440422259     0.008985273
     2.112880495     0.104948549    42.727554297
     1.828278264    -0.251546948    35.313193451
     1.797995007    -0.379271655    34.303465292
     1.772273087    -0.446889529    33.579314125
     1.661472620    -0.521435299    31.164097298
     1.671204962    -0.627127812    31.388040661
     1.449690431    -0.694095344    26.926751744
     1.513947124    -0.820413898    28.671326321
    -2.259210109     0.056233211    -2.166669161
     1.230029050    -0.149088189     0.561984832
     1.368776130    -1.148189850    28.336992026
    -0.230691787    -0.444100595     0.008985273
    -0.223687698    -0.447669357     0.008985273
     1.121056399    -0.091155340    19.905315207
     1.145712054    -0.639855626    19.754275280
    -0.216628418    -0.451127662     0.008985269
    -0.209515688    -0.454474659     0.008985273
     1.146302676    -0.148416772    19.624731003
     1.257718260    -0.724704249    22.091100159
    -0.202351263    -0.457709521     0.008985273
    -0.195136910    -0.460831450     0.008985269
     0.979697918     0.522459675    24.187105903
     0.925896079     0.115764675    16.852006650
     0.914584753    -0.076593585    14.408376826
     0.938781282    -0.211737669    13.936528255
     0.970351491    -0.369074167    14.188320012
     1.020483031    -0.680175878    16.345574344
    -0.187874411    -0.463839676     0.008985264
    -0.180534708    -0.466653718     0.007275312
    -1.879984057    -1.198873241    -1.176185377
    -0.173212196    -0.469512202     0.008987932
    -0.165816006    -0.472174853     0.008985273
    -0.158378992    -0.474721253     0.008987934
     0.395533847     0.476075625    16.406694117
     0.709415610     0.132752322    11.383094470
    -1.420742940    -1.419803268    -0.331098331
     0.648596750    -0.123587558     6.767688041
    -0.150877034    -0.477068751     0.007275314
    -0.143364951    -0.479379770     0.007275314
    -0.135840738    -0.481654925     0.008987934
    -0.128236526    -0.483646427     0.007275314
    -0.120597706    -0.485495487     0.005100675
    -0.112981530    -0.487435704     0.007273685
    -0.105329296    -0.489233869     0.008985273
    -0.097631750    -0.490827954     0.008985269
    -0.089910115    -0.492300935     0.008985264
    -0.082166318    -0.493652579     0.008987930
    -0.074389505    -0.494797693     0.007276954
     0.255662457    -0.487186328     1.334248474
    -0.066619789    -0.495990025     0.008990507
    -0.058820898    -0.496975254     0.008990507
    -0.051007480    -0.497837734     0.008987932
    -0.043181480    -0.498577375     0.008985269
    -0.548881055    -2.172631480    -0.391169042
    -0.035338802    -0.499108848     0.007275314
    -0.601989084    -1.792180722     0.408532351
    -0.027499486    -0.499687853     0.008987934
    -0.019647333    -0.500058018     0.008985273
    -0.011790342    -0.500305067     0.008987934
    -0.003929765    -0.500342994     0.007276954
     0.003930438    -0.500428669     0.008990507
    -0.371914479    -1.760811018     1.019009226
    -0.383310710    -1.576438194     2.485791018
    -0.806350667    -1.477666868     1.346831703
     0.011790345    -0.500305196     0.008990507
     0.019647343    -0.500058280     0.008990507
     0.027499494    -0.499687982     0.008990507
     0.238831213    -1.619566558     4.962769525
     0.035344850    -0.499194265     0.008987932
     0.043181480    -0.498577375     0.008985269
     0.190734434    -1.739297610     4.903256696
     0.051007480    -0.497837734     0.008987932
     0.058820898    -0.496975254     0.008990507
     0.066619772    -0.495989898     0.008987934
     0.915475665    -1.508024780     3.480628941
     0.074389493    -0.494797611     0.007275314
    -0.052906942    -1.678931378     3.227433135
     0.082152259    -0.493568110     0.007275311
     0.303498564    -1.377308891     5.351828384
     0.613711327    -1.800093602     5.263657459
     0.772206070    -1.725432374     4.213796207
     0.406869392    -0.982971684     0.055723854
     0.089910139    -0.492301066     0.008987930
     0.097631750    -0.490827954     0.008985264
     0.105311301    -0.489150286     0.007275314
     0.113000884    -0.487519203     0.008987934
     0.120644530    -0.485683989     0.008985273
     0.128236506    -0.483646348     0.007273685
     0.135817516    -0.481572588     0.007276953
     0.143389523    -0.479461934     0.008990507
     0.150902894    -0.477150519     0.008990507
     0.213474857    -1.189383839     4.281379449
     0.158379032    -0.474721375     0.008990507
     0.165816093    -0.472175100     0.008990507
     0.173212196    -0.469512202     0.008987934
     0.180565556    -0.466733456     0.008985273
     0.187842283    -0.463760356     0.007273685
     0.195061175    -0.460652595     0.005100675
     0.202272727    -0.457531877     0.005100675
     0.209434372    -0.454298271     0.005100675
     0.278293568    -1.126936561     3.534959864
     0.240753286    -1.253438171     4.800188251
     0.216591373    -0.451050516     0.007273677
     0.223687698    -0.447669357     0.008985269
     0.230691787    -0.444100595     0.008985273
     0.237638956    -0.440422258     0.008985268
     0.244527556    -0.436635369     0.008987912
     0.251312773    -0.432666623     0.007276184
     0.258121940    -0.428739113     0.008987735
     0.264824463    -0.424631857     0.008988676
     0.342305395    -0.733501904    -0.352997737
     0.344092905    -0.956019789     1.601491088
     0.271415222    -0.420347933     0.007278008
     0.278031620    -0.416103725     0.008982314
     0.280677083    -0.642164995    -1.258620617
     0.284485425    -0.411616145     0.007301988
     0.290964007    -0.407164442     0.008963218
     0.410397807    -0.422383291     0.082605466
    -0.137703850    -1.478343606     4.381010476
     0.297276270    -0.402479904     0.007370866
     0.308339045    -0.393937725     0.005365568
     0.315392941    -0.388296998     0.005058938
     0.322135695    -0.382771063     0.005810377
     0.329053663    -0.377223747     0.011616710
    -0.084443556    -1.514536726     4.453141763
     0.335967894    -0.373429440     0.046504987
     1.118276127    -1.707117034     2.421387860
     1.279706582    -1.638748054     3.718837289
     0.345364299    -0.362035093     0.007024183
     0.350940664    -0.356497158     0.005098635
     0.356571569    -0.351014099     0.007189548
     0.363737641    -0.346952648     0.053589652
     0.367422413    -0.339641810     0.007221669
     0.372631880    -0.333757772     0.005082553
     0.377827887    -0.327863351     0.005072969
     0.383350054    -0.321408726     0.005331806
     0.388913978    -0.314746262     0.006534648
     0.395278790    -0.307395035     0.015056925
     1.742194694    -0.771894094     2.837637923
     0.407093055    -0.290912943     0.007207825
     1.790111654    -1.033559529     2.429016979
     0.411677770    -0.284528006     0.008800101
     0.416026524    -0.277979959     0.007124484
     0.424728745    -0.264613871     0.008406196
     0.429678097    -0.257459655     0.018288795
     0.436851379    -0.245067180     0.018036016
     0.444082315    -0.230682672     0.008576794
     0.195307682    -0.509496282     4.317095503
     0.450718682    -0.217449624     0.008754884
     0.454154510    -0.209873717     0.006176710
     0.457455522    -0.202486910     0.005438094
     0.460613912    -0.195165998     0.005206228
     0.463640778    -0.187852718     0.005135509
     0.466651964    -0.180539146     0.007274637
     0.469511955    -0.173212479     0.008985252
     0.472094094    -0.165788149     0.007276741
     0.474721169    -0.158378954     0.008986119
     0.477150389    -0.150902779     0.008987329
     0.810735006    -0.052461322    -3.419582217
     0.308338479    -1.780268296     4.832565169
     0.937717925    -1.913343924     4.610122672
     0.768449962    -1.986010845     4.039484277
    -0.328089850    -2.138657052     0.179060045
     0.880502198    -1.844240421     3.505214229
     0.652794448    -1.839305638     4.714894522
     0.128603035    -1.634882315     4.479215817
     0.441525732    -0.536971488     2.536206780
     0.161888841    -0.664098801     8.344834464
     0.830651809    -1.230623693     1.453497570
     0.479461935    -0.143389383     0.008989718
     1.335814312    -1.651323712     3.302326777
     1.183698052    -1.518115618     2.846738630
     1.546964701    -1.432771529     1.922473013
     1.437336946    -1.429418483     2.041983577
     0.271298260    -0.583544515     3.154587681
     0.008690290    -1.553104556     4.332130806
    -0.344416382    -1.346704725     4.666557000
     0.663957353    -0.309403104     0.087356069
     0.705532845    -0.105800211    -2.630061716
     0.481655258    -0.135840627     0.008993748
     0.577069142    -0.294043502    -0.915656143
     0.736187708    -0.207994282    -2.797459652
     0.419847824    -0.377649449     0.782382527
     0.425527319    -0.427722076     1.570232486
     0.557547875     0.358394454    -5.959100281
     0.845246334     0.426394365    -3.586591878
     0.401736473     0.364822781    -3.967020287
     1.260051222     0.685285252    -1.699289712
     1.025174457     0.587900532    -2.304074767
     0.340532619    -1.239677195     2.524443906
    11.714559950     0.522526460     0.999542151
     0.579130189    -1.617252102     3.599620580
     1.027507509    -1.637465439     3.605812640
     0.556264073    -1.727849478     4.863511504
     0.232297706    -1.464530748     5.283960470
     1.028299221    -1.775547665     3.200639401
     0.834551534    -1.665348032     3.878585164
     0.568380002     0.154117938    -3.906768762
     0.483729801    -0.128258401     0.008999232
     0.493570016     0.321586920    -4.982656698
     0.581523637     0.423864167    -6.741846307
     0.589892602     0.607732864    -4.070854091
     0.723381235     0.612093950    -2.647749932
     0.485684974    -0.120644596     0.009004709
     0.639326679     0.679941208    -2.373580493
     0.444697212     0.448945560    -5.898188988
     0.589824990     0.593640755    -1.798635147
     0.792569906     0.836967370     1.054501264
     0.690926926     0.743904402    -3.064027195
     0.778683978     0.678756974    -2.973581097
     0.762823887     0.958827914     0.165108826
     0.631839617     0.805527997     0.339291958
    -0.953992868     0.363680948    22.045762162
     0.580900524     1.214603830    -0.641020649
     0.159918102    -0.597230811     6.981722867
     0.085492901    -0.805741738    12.341727629
     0.059526109    -0.880078690    14.281093910
     0.032135433    -0.957749906    16.277617787
    -0.001834239    -1.057059281    18.745186149
    -0.010591739    -1.012709842    18.097394302
    -0.109691886    -1.261274797    24.069830615
    -0.246390230    -1.208985876    24.723767987
     0.487520177    -0.113001068     0.009007759
     0.398869594    -1.329278093    23.345089626
     0.255941345    -1.275122604    22.604363237
     0.224780255    -1.145449381    20.128253493
     0.193418495    -1.148580245    20.484389459
     0.140742242    -1.362919929    25.365803045
     0.081059556    -1.462514209    27.880927306
    -0.099108797    -1.541868508    30.835720689
     0.489234894    -0.105329632     0.009006714
     0.696460224    -1.376745615    25.992863501
     0.520379551    -1.755762023    33.556188727
     0.492345548    -1.684069329    32.207931292
     0.490828742    -0.097632121     0.009002172
     0.492219510    -0.089896448     0.007334163
     0.493652730    -0.082166515     0.008991565
     0.494882297    -0.074402333     0.008988377
     0.495989825    -0.066619820     0.008986623
     0.496975019    -0.058820898     0.008985840
     0.497837614    -0.051007480     0.008985540
     0.498577388    -0.043181486     0.008985539
     0.499194160    -0.035344844     0.008985838
     0.499602525    -0.027494803     0.007278805
     0.500058118    -0.019647337     0.008987262
     0.500305037    -0.011790342     0.008987329
     0.500428474    -0.003930437     0.008986600
     9.449125457    -1.482752070     1.254616567
     9.586777704    -1.871251520     1.309621071
     9.416486369    -2.028569491     1.219110000
     9.372977817    -2.073828608     1.123263150
    10.077259501    -0.340337025     0.989453040
     9.549728188    -2.067517572     1.233893018
     9.579275971    -1.972180143     1.264093409
    11.569405449    -0.072734803     0.976063196
    10.930511435     0.715528797     0.997476322
     8.901924535    -1.781733158     1.183092273
    10.833383721     0.857550811     1.012808805
     9.519563352    -1.665405983     1.288549185
     9.321191747    -2.165277088     1.119506537
     9.438972528    -1.567601116     1.274092244
    10.881170479     0.694896750     0.980868981
    10.417834728     0.176745754     0.992223210
     9.814781696    -1.755569533     1.178220095
    11.592186704    -0.130377268     1.002268517
     9.390220560    -1.510220057     1.304560478
    11.577967835    -0.260606513     1.034695139
    11.681262771     0.069095346     0.969387894
     9.669158337    -2.028293405     1.270610086
     9.139113816    -1.532097895     1.220104882
     9.645121887    -1.912093257     1.285535631
     9.784554967    -1.826985490     1.235026169
    10.718041887    -0.578693143     1.002527351
     9.086878884    -1.801038103     1.131547798
     9.584401955    -2.055236688     1.233455743
     9.192232739    -1.966156888     1.144649733
    11.689076973    -0.243704944     1.032095550
     9.743063815    -1.786713295     1.275518474
     9.592674343    -2.101612918     1.234634864
     9.559824571    -2.039177246     1.226354983
     9.228498208    -1.886302495     1.226205424
     9.227382431    -1.396228993     1.144412933
     9.270773478    -1.449389854     1.226651813
     9.615573590    -1.863142391     1.313421896
     9.686468882    -1.944133297     1.253107825
    11.341823673    -0.795530937     1.073731027
    11.562733700    -0.858566035     1.106678697
    11.529740904    -0.814922877     1.079564363
     9.340256348    -1.390212750     1.129933509
     9.311866146    -1.543513226     1.276223341
     9.390286481    -2.115252922     1.073503343
     9.357901706    -2.128166437     1.052756636
     9.776150268    -1.868176891     1.252142251
    11.607494843    -0.506596914     1.045767708
    11.781885912    -0.299296708     1.040140270
     9.511208360    -1.819060227     1.339964565
     9.526812620    -1.873409913     1.298612947
     9.627557436    -1.844647600     1.290062150
     9.328440629    -0.633861877     0.991961001
     9.204728187    -2.107222153     1.063365575
     9.419616732    -0.665341495     0.989113547
    11.501536924    -0.512823768     1.020496120
    11.638969078    -0.025583815     0.981854864
     9.404145133    -0.704887235     1.003402209
     9.384972642    -0.784696135     1.053948596
    11.280146675    -0.487680221     1.027415568
    10.605226301    -0.302548905     1.017167330
     9.434156623    -0.477767808     1.008452717
    11.708043296    -0.183318058     0.998193261
    11.229518423    -0.551801864     1.054861535
    11.520518948    -0.881218018     1.103572754
    11.453679141    -0.542108665     1.039566953
    11.600338206    -0.828275054     1.090772064
     8.874059382    -1.835685540     1.113430144
     9.241953895    -1.710714137     1.348437727
    11.531363733    -0.650290992     1.064234009
     9.438686410    -1.396160520     1.114124160
    10.358085047    -0.748226607     1.151138423
    10.934626405    -0.613721724     1.026770161
    10.868399489    -0.625460851     1.044407410
    10.932310001    -0.676049443     1.092008579
     9.462659011    -1.652614080     1.333429988
     9.350234562    -2.012410671     1.164289465
    10.466836655    -0.644228116     1.020144200
    10.511062299    -0.771614404     1.151601252
     9.442818499    -1.635750103     1.336804671
     8.991430106    -1.757716295     1.138442644
     9.513649116    -1.700241048     1.349966120
     9.626867649    -1.632193466     1.237728664
    10.181301195    -0.539326539     1.015429472
    10.971953006    -0.661950793     1.071466658
     9.539874497    -2.081501745     1.230112559
    10.395837043    -0.802179502     1.164680929
    10.320909332    -0.569120653     0.993785121
    10.459437393    -0.725519211     1.106797182
    10.582198091    -0.726292368     1.075490216
     9.733456037    -1.748821563     1.205724467
    10.084309803    -0.838451973     1.077433639
     9.182371000    -1.352313369     1.127687924
    11.334569852    -0.961899661     1.137450195
     9.555466534    -1.959337416     1.270342121
    10.200977632    -0.433389614     0.949676993
     9.538585928    -1.875184876     1.302421983
     9.311762061    -1.743312597     1.376775760
     9.384936380    -1.197002943     0.970807597
    10.368489108    -0.701499651     1.091771272
    10.481628145    -0.568082559     0.969846058
    10.414820187    -0.648753933     1.042574327
     9.412956923    -0.922385303     1.084900006
     9.620422617    -0.749702815     1.018933767
    10.518467822    -0.708422573     1.057207144
    10.271188968    -0.588520901     1.024319800
    10.844835354    -0.719533941     1.039953783
    10.412562290    -0.485684764     0.937519222
     9.690642170    -1.714023134     1.209578425
     9.521531692    -0.740787387     1.027021870
    10.153137351    -0.892730666     1.070310884
     8.918101421    -1.881772886     1.116913254
     8.966187949    -1.924475593     1.165157819
     9.347940758    -1.020357307     1.036317894
     9.734891086    -0.732650352     1.029099647
     9.362766198    -2.152582807     1.120814210
     9.393285927    -1.762455152     1.358828672
     9.215613715    -1.596742034     1.287552666
     9.490356485    -1.200177384     0.935784368
    10.267619823    -0.339529607     0.945076190
    10.255068879    -0.661637508     1.088824985
     9.174706559    -2.023759739     1.107078859
    10.312647509    -0.702348209     1.104642657
     9.775510209    -1.741182163     1.166438844
    10.288718376    -0.491465162     0.944594974
    10.563187003    -0.802430026     1.138779298
     9.037022089    -1.796603607     1.133367953
     9.758054578    -1.626196065     1.129780260
     9.592997219    -1.486908373     1.085863022
     9.312422281    -1.856457501     1.245599055
     9.693860531    -1.555014624     1.129393766
     9.524386054    -0.891866524     1.009400465
    10.300376276    -0.793904325     1.152318179
    10.448119409    -0.229247386     0.975569957
     9.548561349    -1.325145198     0.979481282
     9.402518661    -1.464281528     1.211020307
     9.504555253    -1.471380047     1.148335832
    10.403580552    -0.602136003     0.976370880
     9.779549750    -1.497561676     1.050983161
     9.473613936    -0.946825190     1.050133464
     9.465606634    -1.290163324     0.994135306
     9.729485458    -1.579931869     1.057944688
     9.680717416    -1.485495577     1.056139016
     9.552320800    -0.841884012     1.060516097
    10.659186541    -0.503846828     0.969357938
     9.758087465    -1.500078977     1.059370674
    10.119167082    -0.910639283     1.090345718
     9.392954066    -1.382708061     1.121148319
     9.465225789    -1.346246289     1.057297929
     9.195296520    -1.312487823     1.110048615
     9.542540647    -0.944467079     1.018788854
     9.739869026    -1.871778014     1.240655810
     9.107355333    -1.542478296     1.223581890
     9.551568189    -0.987751964     1.028243509
     9.168927701    -1.813688072     1.173419821
     9.369145589    -1.489690334     1.262009591
     9.671277802    -0.867314601     1.058298494
     9.428289974    -0.961218861     1.048217361
     9.786359669    -1.879865099     1.233091119
     9.713320981    -1.603289834     1.095236485
     9.653565525    -1.376681919     0.978499005
     9.549154725    -1.448813220     1.088753577
     9.455908363    -1.395179221     1.107415621
     9.377940350    -1.317741451     1.056336862
     9.004769664    -1.865073755     1.133874390
     9.443364384    -1.455782687     1.177482103
     9.409169926    -1.290594485     1.004824503
     9.630924977    -1.439361388     1.041672600
     9.324833406    -1.321455709     1.083751126
     9.104197600    -1.767426146     1.125765298
    10.334467461    -0.302761083     0.950425149
     9.430183169    -1.606150527     1.316906701
    10.203640656    -0.486266193     0.961907448
     9.405347612    -1.342755695     1.069450998
     9.569516862    -1.391260365     1.039171058
     9.613851205    -1.623654520     1.228190114
     9.652277540    -0.811536491     1.041479706
     9.503208195    -1.261030680     0.958720052
     9.679773816    -1.792078687     1.271809625
     9.693979184    -1.979858142     1.272653390
     9.755299363    -1.918851063     1.255500398
     9.317849906    -1.284155422     1.025702969
     9.452331409    -1.238341442     0.952491047
     9.249873122    -1.422825251     1.185498157
     9.379478777    -1.428739194     1.175375410
     9.308488387    -2.106908160     1.061837256
     9.648830983    -1.844712530     1.294780259
     9.406815306    -2.111599401     1.115044416
     9.593872557    -1.792500912     1.309119149
     9.517515683    -1.335150440     1.002150475
     9.321396132    -1.415126223     1.182482217
     9.679107824    -1.961140953     1.260746742
     9.518976994    -1.366048588     1.072345281
     9.297360083    -2.043626653     1.149284266
    11.328270108    -0.988489196     1.142682247
     9.668082087    -1.624629444     1.170306044
     9.496970371    -1.534953449     1.217477666
     9.277719940    -1.562527097     1.274413216
     9.546255212    -1.632926634     1.274141503
     9.198085958    -1.893962678     1.181363202
     9.694650030    -2.033448476     1.268308814
     9.588759556    -1.328438208     0.974383258
     9.644214936    -1.510699224     1.121812955
     9.361129921    -1.251573643     0.984304808
    11.449088862    -0.433752447     1.020401020
     9.556241231    -1.535083772     1.188567273
     9.488456072    -1.587011245     1.284759855
     9.343920652    -1.348721704     1.112329566
     9.532872688    -1.258379609     0.950455183
     9.723107341    -1.630830610     1.192511292
    11.765178741     0.102995164     0.980837723
     9.409634842    -0.984140839     1.038194450
     9.701207482    -1.586709021     1.094912723
    10.618102941    -0.342764121     0.968479751
     9.352871997    -0.793280121     1.062235237
     9.461023191    -1.431425078     1.110249919
     9.401499721    -2.030546309     1.196568792
     9.820901501    -1.840429124     1.223382443
     9.479012557    -1.512596699     1.222606461
     9.431298608    -1.419947493     1.119598759
     9.598657724    -1.467564039     1.065412127
     9.181286289    -2.066184625     1.037266867
     9.537782743    -1.247163322     0.929588541
     9.539535707    -1.757186458     1.359102321
     9.569262179    -1.597768879     1.241002742
     9.405601210    -1.628412227     1.342665073
     9.584999695    -1.526935253     1.162824776
    10.719803840    -0.322673945     1.000753646
     9.672782492    -1.409714697     1.023472100
     9.598557683    -1.607030529     1.227877946
     9.426496197    -1.043212671     1.018924867
     9.558283470    -1.758101550     1.342293934
     8.861792465    -1.901744672     1.143921555
     9.734363610    -1.919318659     1.265105840
     9.355845147    -1.289691371     1.024442450
     9.399605505    -1.492059263     1.275138224
     9.800501022    -0.779536086     1.043748583
     9.720808382    -1.858384950     1.236266930
     8.976058244    -1.798200464     1.146137695
     9.040257271    -1.519607353     1.193812115
     9.315875046    -2.063542670     1.140287188
     9.669386714    -1.664826162     1.236203461
     9.577597685    -1.676031126     1.274962314
     9.333445353    -1.801135816     1.404072803
     9.212249793    -1.759149856     1.297525502
    10.569405384    -0.759090822     1.137846440
     9.611408018    -1.523295392     1.159774745
     9.361687873    -1.442285043     1.210091508
     9.631656265    -1.784176810     1.273274408
     9.293822708    -1.359581229     1.120813553
     9.617818303    -0.893394834     1.048031584
     9.352490387    -1.173695980     0.993978212
     9.568623638    -1.715446993     1.322579742
     9.364291855    -2.114425304     1.072395806
     9.514118357    -1.221144707     0.947797104
     9.485479379    -0.992138898     1.055491986
     9.670787788    -2.045124507     1.254182694
     9.659633009    -0.768924133     1.022899134
     9.606854373    -1.581364325     1.206253109
     9.511779020    -1.560773345     1.233811285
    10.049436257    -0.855381947     1.078731588
     9.558380446    -2.119794584     1.220908124
     9.667472015    -1.854787448     1.300731744
     9.281184497    -1.999481953     1.167727797
    11.464679074    -0.932537608     1.098303497
     9.309739205    -1.476445193     1.250101492
     9.319775001    -0.647924536     1.026653448
    10.493629782    -0.229629467     0.982327250
     9.064317600    -1.490945553     1.184582593
    10.864382388    -0.711096033     1.054654767
     9.446962583    -1.693056027     1.343904135
     9.351660298    -0.629936750     0.996427333
     8.937656401    -1.795464954     1.162554847
    10.145278634    -0.843631933     1.074232862
     9.160695646    -1.777468299     1.196327904
     9.337923670    -1.686922518     1.316723460
     9.334946646    -1.503031615     1.278553085
    11.219109844    -0.686048264     1.065876339
     9.273654706    -1.764539098     1.350112731
     9.676567506    -1.881695944     1.278066415
    10.255152427    -0.890082948     1.113781487
     9.237981449    -2.065983251     1.057600318
     9.253493239    -1.931022669     1.178794572
    10.667796905    -0.375497318     0.966768402
     9.426020640    -1.887817228     1.280042501
     9.091843935    -1.735794890     1.157895588
     9.316744437    -1.822090593     1.331984939
     9.232696128    -1.994138110     1.144351294
     9.411384570    -1.545103943     1.285514817
     9.521530187    -0.858423414     1.031650913
    10.206094467    -0.728010842     1.113395612
    10.251192381    -0.860011201     1.158342281
     9.220632842    -1.233310195     1.078711115
     9.365575688    -0.609909385     1.039898605
     9.519604860    -2.138237472     1.194741786
     9.368600228    -0.656043741     0.986146201
    10.266188032    -0.264974178     0.957569184
     9.263987878    -1.120163127     1.052118158
     9.356474404    -0.678778600     1.005451127
     9.413141387    -0.718834282     1.012184249
     9.283855035    -2.078614875     1.082119549
     8.906152879    -1.821852285     1.136067973
     9.097559151    -1.703295796     1.254601182
     9.453022112    -0.501796504     0.990353304
     9.352483090    -1.908960267     1.248475468
     9.376419378    -0.487961969     1.012697460
     9.382876635    -0.742856433     1.031503713
     8.929896050    -1.753590323     1.177902459
     9.412305921    -1.861873435     1.348190717
     8.870930107    -1.952865503     1.156048539
     9.333089983    -0.972585890     1.041171054
     9.120871295    -1.704284127     1.299407651
     9.276885116    -2.107474101     1.015313600
     9.350136793    -1.646815021     1.343464465
     9.385891829    -2.042171001     1.132621066
     9.170483641    -1.740363230     1.286424169
     9.379968781    -1.948032418     1.189330465
     9.237290987    -1.817036353     1.241808280
     9.320550602    -1.913066251     1.193870336
     8.999610710    -1.712983069     1.178350672
     9.304347949    -2.012711799     1.171915838
     9.260484183    -1.843380540     1.211699264
     9.216125451    -2.048640240     1.072676972
     9.410072429    -0.946742197     1.061029416
     9.459722693    -1.591371059     1.298190126
     9.455906301    -0.646726849     0.991316472
