  0.000000000000000E+000  2.164664546525737E-015 -5.532526331802583E-015
  0.125663706143592       4.791790878191902E-016  1.247692240431758E-016
  0.251327412287183      -1.680214718598934E-016  2.999417409382757E-015
  0.376991118430775       2.784094689019453E-015  5.220919182316759E-015
  0.502654824574367       9.880557357790294E-016  2.801214522308583E-015
  0.628318530717959      -2.547528267176353E-015  2.887484752128176E-015
  0.753982236861550      -5.727098453129916E-016  3.810850738568506E-016
  0.879645943005142       8.182012142360334E-016  8.301524095789330E-016
   1.00530964914873       1.053363983174919E-016  1.533120330355571E-015
   1.13097335529233       1.293570457350115E-015  1.554586291887138E-015
   1.25663706143592       3.466478736541402E-016 -6.756094833545316E-016
   1.38230076757951      -5.995412679269043E-016  2.818454107421337E-016
   1.50796447372310      -6.461709422742046E-016  3.697129408175570E-017
   1.63362817986669      -1.848795889756342E-015 -5.695991948855550E-016
   1.75929188601028       1.259006541213585E-015 -2.215779268369212E-015
   1.88495559215388       1.493717619177794E-016  1.290475023850320E-016
   2.01061929829747      -2.372586276878320E-015 -8.539229155238610E-016
   2.13628300444106       2.357257449238798E-016  1.293349110189148E-016
   2.26194671058465      -1.824146265708859E-015  7.933155381098436E-016
   2.38761041672824      -1.731521677556396E-015  3.359010941468211E-015
   2.51327412287183      -3.042252573212873E-015  2.115470348688373E-015
   2.63893782901543       2.961521458679132E-015  7.999613229175126E-016
   2.76460153515902      -4.958614049557282E-015  1.818673688890029E-015
   2.89026524130261       2.448422624919300E-016  2.027217507462160E-015
   3.01592894744620       6.015258418432515E-015  6.463563548379521E-016
   3.14159265358979       6.239090020839663E-016 -3.751007566017417E-015
   3.26725635973339      -3.802388889638657E-015  2.635248326622185E-017
   3.39292006587698      -2.397521496389867E-015  1.202955169472864E-015
   3.51858377202057      -2.114702278107655E-015  2.603623087907104E-015
   3.64424747816416       6.893427970926725E-015 -1.899067816403362E-016
   3.76991118430775      -1.554099673394024E-015  1.083992082061206E-015
   3.89557489045134      -1.841395232998305E-015  1.277340509031935E-015
   4.02123859659494      -1.937252985559660E-016 -1.979447572986961E-015
   4.14690230273853      -2.685551510253814E-015  8.350089272411713E-016
   4.27256600888212       4.077013104802990E-015  6.517405476217801E-016
   4.39822971502571      -1.309038005005813E-016 -1.052177754925533E-015
   4.52389342116930       6.334054792829623E-016 -1.283143556344823E-015
   4.64955712731289       1.864394055806073E-015 -4.031470253115788E-016
   4.77522083345649      -1.764047598906214E-015  6.513419031727221E-017
   4.90088453960008       1.764822550623768E-016 -3.646840176505576E-016
   5.02654824574367       6.224197917877802E-016 -5.955703168105909E-016
   5.15221195188726      -9.940848557105764E-016 -1.123984808110501E-015
   5.27787565803085       9.608199396830567E-016  2.552170733920342E-015
   5.40353936417444       2.047832154956551E-017  3.721690359179285E-016
   5.52920307031804       1.041631636631385E-016 -9.422611589278685E-016
   5.65486677646163      -1.591590223451115E-015 -2.083633902797492E-015
   5.78053048260522       5.748694799081442E-016  6.023766157501964E-016
   5.90619418874881      -8.681349395682393E-015 -2.838890814466685E-015
   6.03185789489240       1.515768054319358E-015 -1.947095101251755E-015
   6.15752160103599      -2.161992072128936E-016 -2.558116641182027E-016
   6.28318530717959       2.164664546525737E-015 -5.532526331802583E-015
