     0.500427422     0.003929205     0.008965371
     0.524585232     0.006146203     0.032117900
     0.523948046     0.011993077     0.019906736
     0.523755838     0.017914951     0.020437001
     0.523500734     0.023880669     0.020482802
     0.523241170     0.029775813     0.019917303
     0.522878248     0.035644049     0.019976474
     0.522614774     0.041524504     0.023476574
     0.522267567     0.047349281     0.025071911
     0.521565762     0.053084568     0.019985676
     0.521033396     0.059006288     0.022688850
     0.520364902     0.065033997     0.025135234
     0.519441506     0.070761016     0.020083406
     0.518939575     0.076316070     0.023063657
     0.518000445     0.082477499     0.025633749
     0.516453675     0.088578956     0.016754425
     0.515521903     0.094367661     0.018606326
     0.514865388     0.099881825     0.022850908
     0.513523910     0.105538413     0.017184246
     0.512644214     0.111220440     0.022447328
     0.511725341     0.117045374     0.028710968
     0.509867695     0.122446872     0.015178735
     0.508499698     0.128698415     0.020296309
     0.507564759     0.134238504     0.028425148
     0.505620993     0.139439551     0.016564417
     0.503986302     0.145610823     0.020014678
     0.502120039     0.151674997     0.019186285
     0.499342521     0.157818628     0.005054929
     0.498841349     0.162466132     0.017595162
     0.498176347     0.167194175     0.028341812
     0.495559895     0.173235039     0.018581128
     0.493790172     0.178986428     0.023398792
     0.491844248     0.184509944     0.024003902
     0.488988924     0.190101239     0.009508096
     0.488133957     0.194938734     0.024994933
     0.486777847     0.200138011     0.037852964
     0.484828976     0.205886369     0.046537892
     0.482188721     0.211919609     0.050014138
     0.479968781     0.217987560     0.060724967
     0.463315757     0.225533373    -0.164656719
     0.466528075     0.230479585    -0.073456627
     0.471778568     0.228381683    -0.014244010
     0.475263387     0.238710782     0.135697517
     0.471244202     0.243546652     0.106434183
     0.467738246     0.250397008     0.114740866
     0.453178513     0.256376664    -0.070494346
     0.451248998     0.257756523    -0.096668946
     0.448257618     0.263577484    -0.093610327
     0.448807488     0.273077289     0.007262148
     0.452745973     0.272090515     0.053765034
     0.456698771     0.279514621     0.193776898
     0.450113123     0.287621178     0.175316471
     0.429979488     0.290811843    -0.110301437
     0.429567032     0.293117187    -0.096013238
     0.430860423     0.299810198    -0.003452554
     0.429215063     0.304634492     0.016639986
     0.424245642     0.309174673    -0.016879132
     0.420854516     0.314594285    -0.010850458
     0.417489312     0.319864059    -0.003498769
     0.413754591     0.325528114     0.005329825
     0.411388413     0.330127781     0.020819402
     0.409559966     0.334430380     0.041154353
     0.406168580     0.338603797     0.039008659
     0.401670849     0.344319256     0.043440603
     0.396011994     0.348774093     0.016002845
     0.392613809     0.352858442     0.015874971
     0.388530854     0.357212720     0.011104882
     0.386871464     0.360427441     0.024281848
     0.381253951     0.365742411     0.015795000
     0.376380452     0.370443431     0.010508617
     0.372740823     0.374766637     0.016690726
     0.368885502     0.379590043     0.027822349
     0.368617638     0.382721063     0.060412938
     0.364160886     0.386802783     0.053775260
     0.360369767     0.391301198     0.063684994
     0.354125390     0.395541085     0.041352591
     0.350495229     0.399380351     0.047163226
     0.346060160     0.403232670     0.044071715
     0.341450202     0.407482831     0.046269787
     0.337023136     0.412331083     0.061325061
     0.334294810     0.415083470     0.064166261
     0.331023853     0.419582316     0.088775222
     0.325699789     0.423444894     0.081252489
     0.321131555     0.427295890     0.084252228
     0.316680962     0.431087567     0.088992555
     0.312237664     0.434753225     0.093157151
     0.307942349     0.438189790     0.096908225
     0.304388714     0.441149537     0.103833274
     0.295919982     0.445989319     0.093211180
     0.288584025     0.450413931     0.090173605
     0.285284550     0.453072803     0.097177968
     0.280690981     0.456432053     0.102584966
     0.275819232     0.459956289     0.109132551
     0.270764872     0.463504008     0.115576850
     0.265371001     0.467093451     0.120598199
     0.261064473     0.470220278     0.128834236
     0.255346298     0.473302448     0.124708987
     0.249626386     0.476507876     0.124816040
     0.243974365     0.479724458     0.127708034
     0.238279428     0.482901481     0.131311756
     0.232525068     0.485958228     0.133984238
     0.226706753     0.489028091     0.138063327
     0.220793294     0.491993705     0.141223786
     0.214781505     0.494887125     0.144071365
     0.208667037     0.497721974     0.146882692
     0.202427996     0.500519348     0.149941673
     0.196028218     0.503301988     0.153414280
     0.189638186     0.506227361     0.161320146
     0.183160493     0.509042491     0.168039041
     0.175937809     0.511992454     0.172944953
     0.173690339     0.513081838     0.175234774
     0.164772365     0.515985921     0.175554710
     0.154786892     0.519258032     0.182125693
     0.150465843     0.520077941     0.173588775
     0.142716035     0.522406921     0.177232034
     0.134186393     0.525995869     0.203489251
     0.130805066     0.526615244     0.197257339
     0.120317431     0.528922679     0.195211864
     0.113133642     0.530374083     0.193455495
     0.108339644     0.531357794     0.192851839
     0.097201712     0.534733561     0.219922040
     0.092000582     0.534601953     0.200559413
     0.082928272     0.535681589     0.195473144
     0.073996253     0.537790971     0.214508934
     0.068975766     0.537452719     0.196220514
     0.055805226     0.538198605     0.187343054
     0.051608373     0.540146542     0.218784604
     0.041318034     0.540876983     0.218773436
     0.034023795     0.541072788     0.215261800
     0.024437449     0.540834828     0.203597527
     0.015754733     0.540659220     0.195669410
     0.008760275     0.542094199     0.220971888
    -0.000354276     0.541688229     0.213594726
    -0.009007633     0.541658529     0.216887932
    -0.019275449     0.540670420     0.207322864
    -0.027691471     0.540420557     0.211765639
    -0.036834675     0.539729347     0.211310095
    -0.046280834     0.538872430     0.211606112
    -0.055602098     0.537989099     0.213913333
    -0.064969747     0.536993345     0.216757622
    -0.074243191     0.536312492     0.227779928
    -0.083808379     0.534886848     0.228013164
    -0.093179852     0.533497046     0.231162437
    -0.102369781     0.529387732     0.187729086
    -0.114229137     0.526594195     0.193135865
    -0.122703143     0.525040739     0.206845234
    -0.135830108     0.520093898     0.187214263
    -0.145915676     0.519698308     0.234598340
    -0.152283184     0.516750157     0.203602956
    -0.162664197     0.512793192     0.191383510
    -0.172574411     0.508497153     0.179054855
    -0.185105651     0.504068249     0.191433564
    -0.192884799     0.501990499     0.200344282
    -0.203325895     0.496539420     0.179835863
    -0.213733279     0.492389528     0.188506750
    -0.224128840     0.487109582     0.179993708
    -0.234249262     0.481595838     0.173274975
    -0.244328725     0.475844298     0.164309537
    -0.254025017     0.471583817     0.177152685
    -0.264030840     0.466942472     0.193039807
    -0.274232557     0.458268354     0.159135414
    -0.285037505     0.449484039     0.136013347
    -0.294705458     0.444266657     0.149578629
    -0.304306093     0.438134380     0.151534773
    -0.313855900     0.431261293     0.152598246
    -0.323490515     0.422616450     0.135679968
    -0.333195529     0.415465447     0.143923090
    -0.343191728     0.405810764     0.129521506
    -0.352359362     0.396211005     0.111319404
    -0.361668146     0.388640682     0.121501374
    -0.370880652     0.379711721     0.119436573
    -0.379551050     0.369733829     0.106433039
    -0.388658039     0.360157845     0.108206107
    -0.397375917     0.349586069     0.099274059
    -0.405487384     0.339426843     0.092935686
    -0.413912194     0.328567891     0.090191582
    -0.421896566     0.318005083     0.085574403
    -0.429520085     0.306918735     0.079158980
    -0.437257019     0.295382417     0.076802017
    -0.444448463     0.283834520     0.070729932
    -0.451682196     0.272003054     0.070722308
    -0.458308034     0.259345006     0.061616335
    -0.464619422     0.247028590     0.056083778
    -0.471085921     0.234379883     0.055574425
    -0.476887508     0.221337586     0.049763999
    -0.482227329     0.208390118     0.043545890
    -0.487812826     0.195270430     0.045318389
    -0.492578455     0.181954326     0.038056672
    -0.497173416     0.168397321     0.036224690
    -0.501584185     0.154612334     0.035143827
    -0.505274897     0.140832359     0.027831439
    -0.508982139     0.126722419     0.030165989
    -0.512090633     0.112483855     0.027157037
    -0.514832835     0.098278102     0.023605203
    -0.517377825     0.083840911     0.025162093
    -0.519315125     0.069429678     0.021794882
    -0.521040736     0.055022729     0.020295609
    -0.522431337     0.040438617     0.021159912
    -0.523193281     0.025830444     0.017889425
    -0.521838861     0.011080258    -0.006549802
    -0.523961280    -0.003484669     0.021064269
    -0.523798772    -0.018108991     0.023010938
    -0.523054456    -0.032717149     0.022151007
    -0.522035828    -0.047325986     0.024309671
    -0.520475668    -0.061794275     0.023501380
    -0.518683114    -0.076235690     0.025793867
    -0.516439116    -0.090774798     0.027144632
    -0.513894832    -0.105040198     0.029096480
    -0.511031789    -0.119358066     0.032384324
    -0.507642149    -0.133557930     0.033636185
    -0.503952575    -0.147428639     0.036110049
    -0.499832888    -0.161364928     0.038340842
    -0.495462315    -0.174951956     0.042289738
    -0.490712896    -0.188362889     0.045643566
    -0.485578389    -0.201679148     0.047959318
    -0.480337274    -0.214731566     0.053733169
    -0.474548937    -0.227711987     0.056283586
    -0.468546777    -0.240549449     0.060450254
    -0.462268289    -0.253107102     0.065010480
    -0.455638854    -0.265423537     0.067928954
    -0.448901317    -0.277665292     0.074986397
    -0.441747296    -0.289366381     0.078613710
    -0.434335256    -0.300758689     0.081700742
    -0.426790544    -0.312099008     0.088864501
    -0.418995785    -0.323236689     0.095627508
    -0.410815683    -0.333040746     0.090193370
    -0.402702902    -0.343558350     0.099178023
    -0.394209475    -0.354883844     0.111594356
    -0.385472893    -0.364600772     0.112494045
    -0.376740688    -0.374780061     0.124546333
    -0.367752217    -0.383445677     0.121717988
    -0.358680493    -0.391084116     0.111003445
    -0.349547294    -0.400913949     0.129019979
    -0.339716975    -0.410249821     0.136660356
    -0.330414947    -0.417439596     0.127402058
    -0.320974477    -0.426320564     0.145728919
    -0.311216080    -0.432477378     0.127823855
    -0.302047563    -0.438220153     0.118919875
    -0.293012666    -0.443242602     0.104816910
    -0.282250512    -0.451880630     0.119841645
    -0.272200814    -0.461018687     0.159112949
    -0.261377814    -0.465083129     0.118734808
    -0.250461735    -0.465327544     0.020774621
    -0.240716665    -0.471364356     0.032450873
    -0.231873220    -0.479462542     0.093587078
    -0.222540328    -0.486368737     0.135825655
    -0.212594005    -0.491788578     0.153947988
    -0.203830966    -0.495364197     0.158293262
    -0.193317532    -0.499427603     0.150535865
    -0.181610024    -0.505638274     0.168688326
    -0.171334371    -0.509876849     0.177742963
    -0.163341060    -0.512439159     0.185959668
    -0.153925766    -0.514929942     0.179394658
    -0.142699519    -0.518787004     0.179361602
    -0.131176773    -0.523533623     0.197219763
    -0.121634016    -0.525975485     0.197072647
    -0.113274444    -0.527713956     0.198539328
    -0.103571533    -0.529460519     0.193573951
    -0.093543169    -0.531798694     0.199374748
    -0.083790979    -0.534053018     0.207930894
    -0.074359895    -0.535307279     0.202141353
    -0.064851916    -0.536740473     0.202602270
    -0.055531049    -0.537992008     0.203292173
    -0.046120773    -0.539193233     0.205842080
    -0.036888585    -0.540184645     0.208284114
    -0.028294140    -0.540646425     0.204509811
    -0.017973788    -0.542088001     0.218860619
    -0.009326790    -0.542458441     0.219187552
     0.000073388    -0.543141814     0.229075743
     0.007618105    -0.541921122     0.206395905
     0.016047671    -0.541721705     0.204409724
     0.025923588    -0.542236346     0.217419748
     0.034306234    -0.541906165     0.216439605
     0.043779022    -0.541676649     0.221955815
     0.050728011    -0.540531100     0.210475417
     0.059830368    -0.539960108     0.215170468
     0.067911285    -0.539027948     0.213711112
     0.076033606    -0.537988419     0.212873172
     0.084148370    -0.536888302     0.213250770
     0.092374053    -0.536282259     0.226138141
     0.100073142    -0.534228116     0.211864656
     0.107897559    -0.532432712     0.205813450
     0.115188883    -0.530686665     0.201523488
     0.122594809    -0.528935825     0.199922281
     0.129911352    -0.526950589     0.195512653
     0.137156080    -0.524874499     0.191069336
     0.144308959    -0.522717915     0.186644895
     0.151361765    -0.520503624     0.182593081
     0.158307928    -0.518213299     0.178505279
     0.165169335    -0.515870728     0.174981723
     0.171975314    -0.513396381     0.170798622
     0.178616712    -0.510873614     0.167031316
     0.184921785    -0.508347305     0.163337791
     0.191158988    -0.505658920     0.158172758
     0.197248181    -0.502745922     0.149612775
     0.203333293    -0.499973719     0.145339939
     0.209362805    -0.497139267     0.141147620
     0.215333407    -0.494252868     0.137182081
     0.221232408    -0.491292437     0.132950824
     0.227044265    -0.488243182     0.128083919
     0.232769872    -0.485222985     0.124743128
     0.238434656    -0.482081403     0.120429480
     0.244168598    -0.479021941     0.119984243
     0.249934720    -0.476079501     0.123628810
     0.255445322    -0.472673604     0.118702380
     0.259706998    -0.469590046     0.109740630
     0.265102151    -0.466090826     0.104841913
     0.270127972    -0.462641189     0.098391782
     0.274875577    -0.459360367     0.093282265
     0.278198377    -0.456691108     0.084456265
     0.285853029    -0.452431141     0.089395551
     0.294299652    -0.447956133     0.101424004
     0.297912381    -0.444977608     0.092864266
     0.302291675    -0.441589598     0.088440847
     0.306832600    -0.438039419     0.084783227
     0.311400867    -0.434380735     0.081077154
     0.315900005    -0.430618287     0.076238567
     0.320393622    -0.426855944     0.072623891
     0.325119427    -0.423335383     0.076876161
     0.329589980    -0.418766364     0.062624876
     0.333841001    -0.414828192     0.057635089
     0.336806839    -0.411200881     0.044219568
     0.340396532    -0.407190771     0.033161498
     0.345537318    -0.403117432     0.040279575
     0.349281427    -0.399231426     0.033990046
     0.355507198    -0.395117464     0.056237984
     0.358908034    -0.391068650     0.046317525
     0.364159620    -0.386706996     0.056787901
     0.365438764    -0.383043052     0.028347286
     0.369021278    -0.378383003     0.015369236
     0.372093543    -0.374441971     0.007344425
     0.375896783    -0.370339481     0.006687104
     0.381872779    -0.365055924     0.018243496
     0.384237796    -0.361391572     0.006528952
     0.389060232    -0.356710690     0.014707967
     0.392178753    -0.352877370     0.013164917
     0.398084027    -0.348330520     0.041407345
     0.402000419    -0.343242496     0.036289391
     0.404741749    -0.339461039     0.033982200
     0.407555940    -0.334530764     0.017867513
     0.410813441    -0.329233685     0.004422277
     0.413738000    -0.324277433    -0.007639140
     0.416503384    -0.319321251    -0.020330687
     0.420077779    -0.313653260    -0.028226368
     0.425109148    -0.308915893     0.001295450
     0.428131492    -0.305231986     0.014811825
     0.428603677    -0.298352219    -0.054887429
     0.427597432    -0.296325394    -0.086613963
     0.446137417    -0.293019281     0.164968824
     0.451870740    -0.284392623     0.162773990
     0.448514290    -0.277034215     0.033319581
     0.444025776    -0.276895946    -0.030257933
     0.445620524    -0.268760958    -0.083265630
     0.449541667    -0.263086576    -0.071399830
     0.451233967    -0.260827263    -0.058872006
     0.464698726    -0.254047887     0.094616581
     0.469533164    -0.248057654     0.118370044
     0.472968237    -0.242795083     0.132438653
     0.470503619    -0.233657466     0.009621969
     0.464779684    -0.235296315    -0.057792257
     0.461826741    -0.230165204    -0.146550126
     0.477388772    -0.222462161     0.051410401
     0.481964883    -0.217052273     0.085915693
     0.485487604    -0.210997638     0.099153361
     0.483493116    -0.203023597     0.001483798
     0.480858439    -0.202784651    -0.034613588
     0.479353152    -0.196933494    -0.102310576
     0.490805036    -0.189343573     0.042518940
     0.493797888    -0.183703281     0.055462503
     0.495698547    -0.178697031     0.057385406
     0.496826811    -0.172234477     0.034274428
     0.497273158    -0.167412709     0.017858029
     0.498422955    -0.163022198     0.018899332
     0.500423737    -0.156798298     0.016900674
     0.502062027    -0.150659402     0.011311262
     0.504732670    -0.145099532     0.030341443
     0.506175372    -0.139226984     0.025936715
     0.507225431    -0.133698146     0.019101363
     0.509097127    -0.128026777     0.026885277
     0.510177423    -0.122403108     0.023226149
     0.511396435    -0.116727684     0.022546719
     0.512503284    -0.110736313     0.017651507
     0.513417290    -0.104870491     0.011981781
     0.514510021    -0.099808495     0.019031182
     0.515534567    -0.093983025     0.017862571
     0.516518348    -0.087798523     0.014264089
     0.518174751    -0.081677670     0.023800397
     0.518839695    -0.076136048     0.023078036
     0.519278306    -0.070343968     0.017216185
     0.520361019    -0.064406080     0.022229780
     0.521098523    -0.058453120     0.021767211
     0.521473497    -0.052712818     0.019376742
     0.522053257    -0.046910221     0.021382883
     0.522502214    -0.041030978     0.020446436
     0.522973380    -0.035137283     0.020801005
     0.523275296    -0.029281131     0.021425678
     0.523548588    -0.023329241     0.020830586
     0.523808591    -0.017397578     0.020778722
     0.524410214    -0.011629476     0.032176351
     0.500301428     0.011786664     0.008913442
     0.517744074     0.003480205     0.125968111
     0.517590410     0.012920544     0.124658344
     0.517307346     0.022342582     0.123876928
     0.511649886     0.078257377     0.133333982
     0.489412198     0.168387347     0.144815614
     0.486364208     0.177293622     0.148225851
     0.480110666     0.194245795     0.155169423
     0.476633051     0.202624149     0.156013793
     0.473017482     0.210875029     0.156593034
     0.469426581     0.219129981     0.160827251
     0.456828226     0.242393589     0.145473430
     0.439958761     0.273284632     0.162926672
     0.511535724     0.004243362     0.221962752
     0.433863236     0.280814894     0.141721826
     0.510446501     0.029818361     0.217646774
     0.408880682     0.316435609     0.148912364
     0.403228342     0.324529619     0.162287459
     0.509819337     0.038338356     0.216621963
     0.509053287     0.046825242     0.215632708
     0.508145523     0.055279942     0.214602477
     0.507096292     0.063717268     0.213558163
     0.505907778     0.072135107     0.212538635
     0.504576220     0.080534484     0.211474667
     0.503099682     0.088920978     0.210352847
     0.501481466     0.097296238     0.209257090
     0.499735683     0.105630005     0.208347795
     0.497860745     0.113897549     0.207460922
     0.495854574     0.122109822     0.206573691
     0.493707927     0.130284016     0.205578705
     0.491421031     0.138443975     0.204616323
     0.489000187     0.146574194     0.203741248
     0.486429843     0.154681995     0.202718311
     0.483716324     0.162774472     0.201739283
     0.480896844     0.170791563     0.201108572
     0.477990280     0.178661027     0.200607080
     0.474958461     0.186424032     0.199733053
     0.471792096     0.194152404     0.198834343
     0.468504830     0.201838105     0.198113686
     0.465116155     0.209447915     0.197648867
     0.461624047     0.216949126     0.197087643
     0.454051232     0.231985270     0.193990071
     0.449928494     0.239737401     0.193064197
     0.445983978     0.247195235     0.195260155
     0.197320347     0.491583331     0.100479957
     0.191827483     0.493336898     0.095179889
     0.186419420     0.495268861     0.091723335
     0.181051649     0.497174927     0.089282491
     0.175711818     0.498981113     0.086653892
     0.170344238     0.500735413     0.084304676
     0.164953414     0.502443500     0.082291713
     0.159534198     0.504096616     0.080439425
     0.154081369     0.505691870     0.078770287
     0.148595318     0.507259917     0.077618159
     0.143132448     0.508838133     0.078084440
     0.137728680     0.510413351     0.080083928
     0.132412280     0.511953148     0.083034004
     0.127247000     0.513384357     0.085755563
     0.122373884     0.514447900     0.084123656
     0.117062384     0.515802932     0.087415517
     0.110991082     0.516856483     0.082624935
     0.105146959     0.518245089     0.086831903
     0.099656526     0.519467719     0.087171310
     0.093812892     0.520558906     0.086209117
     0.088170486     0.522812259     0.103919798
     0.442248492     0.253929308     0.196266593
     0.438224111     0.260546357     0.193453252
     0.433702528     0.267680758     0.190308166
     0.065533610     0.528647699     0.127769054
     0.428887599     0.275217710     0.189652792
     0.424209803     0.282532011     0.191823343
     0.048162125     0.528397222     0.105595870
     0.419870472     0.289151698     0.194187575
     0.415519362     0.295292128     0.193034064
     0.030196270     0.527778775     0.081145230
     0.410609654     0.301791400     0.189691701
     0.405226081     0.308854943     0.188685338
     0.011262099     0.528299772     0.083757219
     0.399924532     0.315798844     0.190522189
     0.394899678     0.322150893     0.191761809
    -0.007087938     0.527812565     0.084466239
     0.389930521     0.328114996     0.191209601
     0.384841139     0.334014953     0.190373533
    -0.026018369     0.527731590     0.092385257
     0.379669248     0.339888266     0.190341738
    -0.038930710     0.528316060     0.099510566
    -0.046046093     0.527573913     0.101076836
    -0.052849566     0.526449444     0.097198316
    -0.059593063     0.525893723     0.102678389
    -0.066115938     0.525219627     0.102217733
    -0.072652465     0.524278447     0.097942834
    -0.079278641     0.523307765     0.097930758
    -0.086044484     0.522507185     0.105571522
    -0.093012413     0.521269377     0.110539033
    -0.099705450     0.519921014     0.111883585
    -0.105825169     0.518862658     0.113743095
    -0.111717365     0.518351099     0.120788704
    -0.118267687     0.517569024     0.128583469
    -0.125004985     0.515299824     0.115166541
    -0.131637103     0.511412001     0.079017253
    -0.139231753     0.508522962     0.070772025
    -0.146480492     0.507369085     0.090072359
    -0.153534151     0.505684381     0.086806227
    -0.155719194     0.508029652     0.124748457
     0.374457821     0.345649190     0.190567344
     0.369165062     0.351298649     0.190429600
     0.363716211     0.356917128     0.190031709
     0.358101972     0.362541056     0.189859777
    -0.193228436     0.490205638     0.093120160
    -0.200521403     0.488481288     0.094379914
     0.352367808     0.368124849     0.189959032
     0.346535608     0.373631996     0.190122876
     0.340626904     0.379054204     0.190521586
     0.334719690     0.384340039     0.191349266
    -0.234879229     0.473625208     0.119876455
     0.328890540     0.389410573     0.192240351
     0.323113504     0.394258930     0.192593275
     0.317273716     0.398981323     0.192412221
     0.311295317     0.403670303     0.192272706
     0.305191459     0.408330592     0.192480369
     0.299022324     0.412914363     0.192999618
     0.292856560     0.417370139     0.193739569
     0.286716789     0.421673507     0.194469023
     0.280554675     0.425850500     0.195026634
     0.274310908     0.429946178     0.195525341
     0.398743583     0.331604039     0.183860250
     0.394076318     0.337816990     0.193255198
     0.388428793     0.344044718     0.189487779
     0.267952456     0.433983937     0.196053492
     0.261455338     0.437972953     0.196587545
     0.254802407     0.441921122     0.197179491
     0.382649026     0.350445500     0.188470505
     0.377224432     0.356567301     0.191815283
     0.371872967     0.362221588     0.192490428
     0.366277085     0.367598746     0.188190248
     0.360506027     0.373025171     0.184619017
     0.248020040     0.445821004     0.198046430
     0.241192482     0.449631293     0.199302951
     0.354732087     0.378460140     0.183599130
     0.348915603     0.383778048     0.182706278
     0.342928519     0.389079367     0.181835207
     0.336951077     0.394486786     0.185094675
     0.331203725     0.399803345     0.191966237
     0.325642593     0.404708073     0.196613609
     0.319936123     0.409183871     0.194746914
     0.313957456     0.413568595     0.190405049
     0.307870248     0.418022209     0.188083129
     0.301775154     0.422462114     0.187537154
     0.295740691     0.426837217     0.188744467
     0.289848704     0.431062480     0.191151916
     0.283991684     0.435038305     0.191707990
     0.278014963     0.438845007     0.189994178
     0.271932137     0.442554684     0.187431986
     0.265782833     0.446175191     0.184618384
     0.259523935     0.449684665     0.180790542
     0.253107678     0.453140076     0.176572113
     0.246592332     0.456651061     0.174538447
     0.240150933     0.460204277     0.176028967
     0.233850472     0.463648234     0.178804010
     0.227626638     0.466908338     0.180824955
     0.221434921     0.470001846     0.181933490
     0.215273021     0.472955939     0.182534676
     0.209131413     0.475774774     0.182598940
     0.202957869     0.478447985     0.181565078
     0.196723390     0.481022714     0.180042361
     0.190403096     0.483524417     0.178281010
     0.184004915     0.485955107     0.176419095
     0.177550831     0.488319985     0.174752231
     0.171048657     0.490612717     0.173240553
     0.164500035     0.492829466     0.171840374
     0.157905330     0.494960539     0.170384796
     0.151276267     0.497028747     0.169391422
     0.144625524     0.499036341     0.168983573
    -0.520673718     0.009532700     0.004463672
     0.137970531     0.500978350     0.169160426
     0.131316181     0.502825131     0.169364399
     0.124640396     0.504566844     0.169282522
     0.118054214     0.507137334     0.146815322
     0.104352485     0.510295365     0.150426127
     0.097498971     0.511725095     0.151618256
     0.090669449     0.513076633     0.153091136
     0.083900610     0.514324758     0.154614551
     0.077139338     0.515392453     0.154473095
     0.070287305     0.516330618     0.153381232
     0.063380300     0.517200919     0.152620979
     0.056433928     0.517923974     0.150817331
     0.049249299     0.518510278     0.147974905
     0.041908620     0.519086639     0.146225481
     0.034756699     0.519624557     0.145834940
     0.027338752     0.519955285     0.143414476
     0.020185415     0.520411164     0.145227843
     0.012896762     0.520486098     0.141980070
     0.005336244     0.520806070     0.145779171
    -0.001694597     0.521031323     0.149038558
    -0.009078581     0.520676519     0.143662938
    -0.016573128     0.520792925     0.149699092
    -0.023639245     0.520484706     0.148249810
    -0.031390659     0.519766346     0.142546783
    -0.038937238     0.519674799     0.150721439
    -0.045879172     0.519349803     0.154273675
    -0.052856658     0.518576919     0.151920428
    -0.060108527     0.517709219     0.150683091
    -0.067444837     0.516824148     0.151137552
     0.234400194     0.453299994     0.200728068
    -0.074767891     0.515852993     0.151821554
    -0.082093912     0.514743096     0.151823564
    -0.089440265     0.513519805     0.151749410
    -0.096797896     0.512235073     0.152623392
    -0.104108564     0.510940812     0.155285752
     0.227665863     0.456806499     0.202060972
     0.220972161     0.460160465     0.203227814
    -0.111266730     0.509617427     0.158937033
    -0.118244263     0.508120750     0.160558020
    -0.125167525     0.506298965     0.157613088
    -0.132225886     0.504116935     0.150236486
    -0.139622661     0.501718339     0.142296555
     0.214293325     0.463378146     0.204232987
     0.207606898     0.466475296     0.205128674
     0.200892001     0.469468304     0.206018188
    -0.147294936     0.499440787     0.140331143
    -0.154852334     0.497394990     0.144620437
    -0.162111766     0.495349639     0.149529457
     0.194124702     0.472369808     0.206946306
     0.187287542     0.475186918     0.207932965
     0.180377681     0.477920139     0.208995571
     0.173400357     0.480565480     0.210124131
     0.166361816     0.483118519     0.211301263
     0.159268319     0.485575714     0.212519700
     0.152128042     0.487933897     0.213784166
     0.144952713     0.490189664     0.215106473
     0.137756361     0.492339143     0.216489637
     0.130549195     0.494379146     0.217915799
     0.500050515     0.019642295     0.008831356
     0.123331612     0.496306760     0.219315571
     0.116053532     0.498077576     0.219641579
     0.108849248     0.500651290     0.236685708
     0.101354425     0.502252951     0.237252501
    -0.203307623    -0.487047220     0.083853771
    -0.195474485    -0.491172759     0.111944009
     0.093848135     0.503752501     0.238063842
     0.086353038     0.505135505     0.238909495
     0.078864972     0.506399073     0.239692773
     0.071362805     0.507546305     0.240389279
    -0.152588898    -0.505239697     0.092653583
    -0.134198935    -0.512021476     0.111026288
    -0.113366628    -0.516795369     0.102161797
    -0.093825022    -0.520141362     0.095404559
    -0.080482999    -0.523084069     0.100121849
    -0.073754396    -0.524134872     0.101332319
    -0.067386924    -0.524743353     0.098627462
    -0.061087926    -0.525385112     0.098555897
    -0.054429129    -0.526500000     0.104788855
    -0.047963004    -0.527713778     0.110809567
    -0.041588390    -0.528510502     0.111396619
    -0.035481461    -0.529125751     0.112504432
    -0.029472782    -0.529202751     0.107719027
    -0.023051234    -0.529185713     0.103870236
    -0.016519587    -0.529244496     0.102272291
    -0.010256449    -0.529418226     0.102372858
    -0.004142007    -0.529641966     0.102875054
     0.002066722    -0.530033842     0.107484587
     0.008092438    -0.530232943     0.109538066
     0.014242151    -0.530129972     0.107634884
     0.020315733    -0.529897813     0.105825835
     0.026226127    -0.529602813     0.105791427
     0.032127344    -0.529297715     0.107627843
     0.038043738    -0.529008283     0.110092871
     0.043899387    -0.528752258     0.113375232
     0.049572004    -0.528272739     0.112383443
     0.055297331    -0.527673068     0.110110940
     0.061122607    -0.527074344     0.109637754
     0.066939684    -0.526431752     0.110073894
     0.072735944    -0.525675898     0.110099451
     0.078474652    -0.524807979     0.109471627
     0.084133559    -0.523724264     0.105908727
     0.089738441    -0.522551272     0.102981801
     0.095278467    -0.521205535     0.098020216
     0.100642192    -0.519061339     0.081059939
     0.106095749    -0.517831062     0.079386284
     0.111529654    -0.516649194     0.078996319
     0.116944470    -0.515444125     0.078739378
     0.122342639    -0.514267397     0.079802671
     0.127702165    -0.513113353     0.082158737
     0.132996030    -0.511884630     0.084375122
     0.138248896    -0.510544177     0.085417019
     0.143494204    -0.509111684     0.085896618
     0.148764837    -0.507596686     0.086132953
     0.154061487    -0.506018001     0.086396578
     0.159369841    -0.504368340     0.086715314
     0.164683755    -0.502668952     0.087450032
     0.169998324    -0.500936077     0.088865505
     0.175304139    -0.499167661     0.090908305
     0.180663798    -0.497316249     0.093032613
     0.186121832    -0.495642095     0.097866145
     0.063828502     0.508583404     0.241069222
     0.056250862     0.509510449     0.241722778
     0.048614098     0.510324793     0.242292567
     0.040936054     0.511037727     0.243060824
     0.033233926     0.511648159     0.244056646
     0.025468827     0.512134657     0.244854404
     0.017678463     0.512509131     0.245750435
     0.009855983     0.512758506     0.246509879
     0.002016815     0.512885896     0.247236394
    -0.005736689     0.512913231     0.248328820
    -0.013487651     0.512806919     0.249110634
    -0.021241209     0.512578174     0.249809769
    -0.028937053     0.512249562     0.250773386
    -0.036672853     0.511790321     0.251523156
    -0.044354192     0.511231280     0.252554303
    -0.051916082     0.510585590     0.253926266
    -0.059548451     0.509776252     0.254490313
    -0.067278741     0.508811646     0.254540873
    -0.074991736     0.507747387     0.254914196
    -0.082655801     0.506584916     0.255546552
    -0.090286949     0.505312745     0.256247438
    -0.097889672     0.503930590     0.257019623
    -0.105446375     0.502445329     0.257926862
    -0.112933285     0.500861542     0.258943231
    -0.120353812     0.499170461     0.259871310
    -0.127764270     0.497347085     0.260443917
    -0.135253490     0.495362704     0.260547288
    -0.142881873     0.493206840     0.260386607
    -0.169140057     0.493001116     0.149693499
    -0.176776900     0.489946749     0.143464501
    -0.184402022     0.487590946     0.153397778
    -0.150620804     0.490902840     0.260419431
    -0.158360865     0.488488782     0.260889213
    -0.166011685     0.485978561     0.261549203
    -0.191522757     0.484673533     0.149738406
    -0.198598282     0.481621605     0.144914967
    -0.205821213     0.478531499     0.144426443
    -0.213781097     0.474768974     0.141191913
    -0.173574430     0.483354785     0.262025428
    -0.221490388     0.471631728     0.148868713
    -0.228634016     0.468196131     0.147597482
    -0.235635212     0.464784298     0.148286953
    -0.242250775     0.461416737     0.148973064
    -0.181091764     0.480609079     0.262401444
    -0.249342027     0.457011567     0.138964124
    -0.256850228     0.452957799     0.141903606
    -0.264065793     0.448898316     0.143178346
    -0.271078144     0.444923217     0.146893886
    -0.277818589     0.440818413     0.148430134
    -0.284393006     0.436407338     0.145447022
    -0.290993230     0.431616462     0.138640966
    -0.297835539     0.426734143     0.135384770
    -0.304826679     0.421919805     0.137674716
    -0.311546688     0.417308104     0.143306521
    -0.318014136     0.412476631     0.145303365
    -0.324418758     0.407245169     0.142661363
    -0.330964231     0.401844763     0.141384833
    -0.337473541     0.396383287     0.141099148
    -0.343739344     0.391025792     0.142035553
    -0.349733415     0.385473008     0.139294141
    -0.355704995     0.379585813     0.134046882
    -0.361833566     0.373627171     0.132678097
    -0.368186260     0.367717980     0.137986773
    -0.374283623     0.361691110     0.141079815
    -0.380013375     0.355388636     0.137812122
    -0.385662767     0.348879232     0.133017474
    -0.391448131     0.342467697     0.134309946
    -0.397053036     0.335997504     0.135236817
    -0.402439879     0.329440324     0.134793146
    -0.407787361     0.322695084     0.134125601
     0.499676006     0.027493580     0.008744858
     0.499177808     0.035338124     0.008650113
     0.498556221     0.043173982     0.008550817
     0.497811585     0.050999135     0.008450660
     0.496944124     0.058811595     0.008350352
     0.495954092     0.066609424     0.008250647
     0.494841787     0.074390666     0.008152490
     0.493607442     0.082153346     0.008054842
     0.492251228     0.089895566     0.007955038
     0.490773511     0.097615520     0.007853990
     0.489174813     0.105311358     0.007755105
     0.487455658     0.112981138     0.007660701
     0.485616442     0.120622880     0.007569804
     0.483657467     0.128234696     0.007479355
     0.481579263     0.135814775     0.007390559
     0.479382446     0.143361185     0.007305005
     0.477067373     0.150871951     0.007218386
     0.474634329     0.158345345     0.007125848
     0.472084244     0.165779803     0.007035560
     0.469418196     0.173173458     0.006955861
     0.466636684     0.180524255     0.006882160
     0.463740161     0.187830367     0.006809850
     0.460729372     0.195090094     0.006740195
     0.457605245     0.202301563     0.006675915
     0.454368519     0.209462572     0.006612703
     0.451019272     0.216570793     0.006532209
     0.447557003     0.223624463     0.006409868
     0.443982147     0.230623198     0.006250658
     0.440298113     0.237567995     0.006126228
     0.436510197     0.244457064     0.006114785
     0.432617800     0.251283359     0.006136344
     0.428616874     0.258044404     0.006093420
     0.424506935     0.264740692     0.005982126
     0.420290336     0.271373384     0.005856374
     0.415971808     0.277943239     0.005806573
     0.411555936     0.284445529     0.005857728
     0.355957358     0.384473973     0.109384795
     0.344556633     0.394740076     0.107917630
     0.338053616     0.399975326     0.104277088
     0.331945588     0.405744893     0.117442969
     0.326891495     0.411576974     0.144961814
     0.322122370     0.415968282     0.152469630
     0.316301194     0.419542681     0.135355616
     0.309810202     0.423747339     0.124847576
     0.303747105     0.428069332     0.124240653
     0.297588038     0.432355428     0.123114185
     0.291509790     0.436917449     0.128505621
     0.286232155     0.441228326     0.140418986
     0.280878235     0.444517526     0.137181607
     0.275007753     0.447874015     0.131694945
     0.269136198     0.451297862     0.128242731
     0.263334341     0.454573673     0.124467746
     0.257487583     0.457613574     0.117776466
     0.251367675     0.460443641     0.106692445
     0.244863362     0.463557844     0.099586741
     0.238675826     0.467151448     0.106314453
     0.233054750     0.470543215     0.116144154
     0.227502635     0.473555373     0.121191013
     0.221918230     0.476388292     0.124162154
     0.216343711     0.479115390     0.126677291
     0.210809970     0.481675997     0.127699695
     0.205296533     0.484045604     0.126407031
     0.199512733     0.485795547     0.111147454
     0.193838752     0.487761133     0.105462725
     0.188110594     0.489836780     0.102496810
     0.182362558     0.491889741     0.100218965
     0.176597268     0.493886351     0.097936559
     0.170815406     0.495823822     0.096088021
     0.165016302     0.497708089     0.094588235
     0.159196401     0.499538133     0.093402726
     0.153353482     0.501312839     0.092701366
     0.147480123     0.503057069     0.092510126
     0.141600261     0.504752276     0.092740689
     0.135745164     0.506373668     0.092998155
     0.129953307     0.507920579     0.093569588
     0.124201658     0.509272284     0.091958881
     0.407040110     0.290874099     0.005894598
     0.402420704     0.297226915     0.005832029
     0.397697877     0.303504537     0.005678968
    -0.188531373     0.477763959     0.262878055
    -0.195845636     0.474833699     0.263313773
    -0.203064143     0.471840599     0.264214425
    -0.210313879     0.468696122     0.264962534
    -0.217652390     0.465332669     0.264940568
    -0.224942196     0.461839061     0.264736109
    -0.232017805     0.458358163     0.265378163
    -0.238941151     0.454861550     0.266733459
    -0.245886395     0.451177148     0.267341276
     0.044858521     0.526570956     0.108871722
    -0.252923947     0.447253289     0.267053888
     0.031836995     0.525396741     0.078251258
     0.025852592     0.527281722     0.095562161
    -0.260003748     0.443147347     0.266555317
     0.011835893     0.525852081     0.076851602
     0.005772663     0.528595528     0.110301244
    -0.266992644     0.438960190     0.266348437
    -0.007662183     0.525795023     0.079883687
    -0.013968781     0.528601582     0.113368692
    -0.273789011     0.434801036     0.267150382
    -0.027888758     0.524712689     0.078438518
    -0.034607032     0.526698206     0.108752017
    -0.280471472     0.430561319     0.267862784
    -0.287123506     0.426153545     0.267885268
    -0.293786039     0.421565947     0.267507451
    -0.300462796     0.416814670     0.267135661
    -0.307096310     0.411952886     0.267079251
    -0.313610518     0.407029143     0.267255732
    -0.319982618     0.402039622     0.267273240
    -0.326245750     0.396957346     0.267038779
    -0.332424708     0.391784058     0.266854525
    -0.338514359     0.386535632     0.266889610
    -0.344517922     0.381196139     0.266936753
    -0.350470849     0.375705108     0.266575356
    -0.356409195     0.370022739     0.265769950
    -0.362313073     0.364196311     0.265031286
    -0.368116557     0.358313625     0.264753470
    -0.373762551     0.352421745     0.264754515
    -0.379269811     0.346468427     0.264494798
    -0.384697377     0.340391849     0.263951963
    -0.390069832     0.334188205     0.263478385
    -0.173035332     0.497329428     0.118997052
    -0.178951443     0.496009135     0.121078141
    -0.185800208     0.493491958     0.105545250
    -0.395356439     0.327895699     0.263169105
    -0.400538303     0.321510070     0.262700717
    -0.209698992     0.482606932     0.108622964
    -0.215424273     0.480836002     0.113535837
    -0.221904088     0.477429588     0.104734774
    -0.229259686     0.474570071     0.106374132
    -0.405622357     0.315016195     0.261988963
    -0.244133890     0.465195088     0.092086745
    -0.250519682     0.461913435     0.092115247
    -0.257457638     0.458563287     0.102499878
    -0.265277933     0.454994518     0.116384831
    -0.272272825     0.450850093     0.114483466
    -0.278643952     0.446450010     0.108353393
    -0.284376259     0.441598728     0.091935785
    -0.292070695     0.437110293     0.101648465
    -0.298257203     0.431793993     0.084547296
    -0.306165980     0.426602752     0.093448397
    -0.313689212     0.422247947     0.115502882
    -0.320959142     0.416196318     0.110699297
    -0.327884639     0.410388065     0.103809305
    -0.332965006     0.405304903     0.083914918
    -0.339615762     0.401050317     0.099329463
    -0.346870124     0.395607312     0.114918447
    -0.352256279     0.388695930     0.090758760
    -0.358670139     0.381010997     0.070600438
    -0.366397167     0.375533055     0.100973687
    -0.372650347     0.370094305     0.107054372
    -0.377789473     0.364230095     0.093554398
    -0.383606396     0.356629863     0.077655966
    -0.390631312     0.349954619     0.095460469
    -0.395972148     0.343839075     0.095808922
    -0.401178808     0.337184707     0.085540406
    -0.407309476     0.328996370     0.076917850
    -0.414036297     0.320745434     0.087260146
    -0.418880304     0.313898930     0.084649842
    -0.423999485     0.306946071     0.080422627
    -0.429668265     0.298854471     0.074304336
    -0.435739895     0.290405656     0.083071311
    -0.440059458     0.282455458     0.075608077
    -0.444776482     0.274713167     0.071501669
    -0.450007484     0.266321898     0.068164225
    -0.454715352     0.258427520     0.071835196
    -0.458838975     0.249452005     0.064087443
    -0.463344713     0.240547424     0.062875307
    -0.468418429     0.232147029     0.071976532
    -0.472075021     0.224007333     0.065451486
    -0.475856191     0.214422570     0.058558719
    -0.479862062     0.204763975     0.058868853
    -0.483903578     0.196132486     0.064776128
    -0.487076875     0.187457407     0.057171854
    -0.490441737     0.177658644     0.053199973
    -0.493945638     0.167521033     0.056461250
    -0.496973832     0.158623923     0.059018838
    -0.499669352     0.149375697     0.053381206
    -0.502504207     0.139336076     0.052463660
    -0.505339248     0.129038491     0.057727839
    -0.507218868     0.119777807     0.052229219
    -0.509273847     0.110002809     0.048678577
    -0.511575013     0.099802065     0.052056611
    -0.513471756     0.089729110     0.054891700
    -0.514666708     0.079875696     0.048650012
    -0.516062236     0.069828379     0.047785687
    -0.517667717     0.059563303     0.053678092
    -0.518438078     0.049578428     0.049446071
    -0.519045754     0.039481171     0.046086533
    -0.519866776     0.029277652     0.050770286
    -0.520485018     0.019041043     0.054453333
    -0.518863410     0.008827527     0.015345739
    -0.520428903    -0.021681883     0.061574393
    -0.519425195    -0.031789917     0.052096158
    -0.518910845    -0.041806339     0.056709907
    -0.518091342    -0.051776413     0.060288890
    -0.516659148    -0.061939794     0.055758967
    -0.515329995    -0.071959913     0.057049078
    -0.514253059    -0.081777314     0.065827277
    -0.512205863    -0.091684713     0.059284025
    -0.510244375    -0.101812971     0.060067922
    -0.508483688    -0.111563524     0.067107959
    -0.506507174    -0.121235235     0.072882459
    -0.503574243    -0.130740702     0.062223142
    -0.501116460    -0.140534275     0.066512006
    -0.498917735    -0.149900579     0.077411977
    -0.495628332    -0.159462932     0.072164178
    -0.492269192    -0.168659038     0.066696216
    -0.489397838    -0.178062948     0.075913482
    -0.486295891    -0.187362059     0.084268626
    -0.482144175    -0.196322796     0.074031821
    -0.478497793    -0.205234307     0.075159990
    -0.475211431    -0.214338231     0.087591073
    -0.470938719    -0.223682130     0.088469520
    -0.466236096    -0.231878118     0.075154904
    -0.462340572    -0.240308750     0.081243551
    -0.458271077    -0.249316503     0.093345778
    -0.453173214    -0.257829677     0.086739078
    -0.448449598    -0.265408095     0.079965702
    -0.444236860    -0.273575745     0.091408111
    -0.439218763    -0.282201116     0.097571887
    -0.433658433    -0.289856350     0.086639886
    -0.428851612    -0.296977216     0.084277066
    -0.424222757    -0.305198248     0.100162701
    -0.418565448    -0.313049978     0.098768590
    -0.412323965    -0.320110122     0.081764297
    -0.407012489    -0.327139819     0.081503780
    -0.401816177    -0.335342232     0.102078147
    -0.395520863    -0.342395043     0.094784506
    -0.389626443    -0.348297542     0.079639501
    -0.384779158    -0.355305670     0.096371665
    -0.378809224    -0.362561001     0.102939990
    -0.372103792    -0.368866615     0.086990535
    -0.364775143    -0.375427847     0.067878894
    -0.358628963    -0.383177796     0.084525826
    -0.353419462    -0.389693832     0.097113651
    -0.345735003    -0.396032205     0.078775353
    -0.338053245    -0.403034269     0.075463542
    -0.331819029    -0.409271489     0.080122595
    -0.325710659    -0.415074871     0.081626549
    -0.317612637    -0.423689486     0.110944438
    -0.307739208    -0.430006324     0.088333716
    -0.298383269    -0.434915425     0.051540732
    -0.291236161    -0.441676278     0.072496131
    -0.283964845    -0.449869559     0.120134201
    -0.275441258    -0.455553984     0.112828061
    -0.263968468    -0.461185249     0.078633594
    -0.252644116    -0.470467891     0.116896666
    -0.247409460    -0.469213824     0.042991891
    -0.236803947    -0.474347748     0.030293687
    -0.413080658     0.315624841     0.131312202
    -0.418332822     0.308522899     0.130485100
    -0.423556414     0.301637991     0.134856999
    -0.428573333     0.294519020     0.135978985
    -0.433248162     0.287131681     0.131318966
    -0.437859566     0.279766721     0.128813751
    -0.442597464     0.272332131     0.130661734
    -0.447148776     0.264791137     0.131290888
    -0.451430693     0.257222683     0.130047664
    -0.455649055     0.249449462     0.128596213
    -0.459778635     0.241465053     0.126608677
    -0.463816457     0.233594085     0.127270101
    -0.467864576     0.225639904     0.130376736
    -0.471597211     0.217402202     0.128378668
    -0.475090384     0.209173734     0.125282823
    -0.478711864     0.200955504     0.127658540
    -0.482193117     0.192519703     0.128847653
    -0.485318554     0.184133378     0.127062032
    -0.488397778     0.175784123     0.127833814
    -0.491357203     0.167159797     0.127604994
    -0.494039854     0.158585533     0.125770282
    -0.496723740     0.150073748     0.127507579
    -0.499258884     0.141363592     0.128349642
    -0.501494960     0.132619016     0.126459509
    -0.503676560     0.123900178     0.126812205
    -0.505784078     0.115022919     0.128108044
    -0.507635803     0.106104542     0.127474495
    -0.509384072     0.097223052     0.128172348
    -0.511012965     0.088222929     0.129234662
    -0.512408069     0.079199449     0.128851054
    -0.513682321     0.070208600     0.129434999
    -0.514816361     0.061137146     0.130275007
    -0.515739623     0.052075617     0.130246086
    -0.516538761     0.043021390     0.131029026
    -0.517185810     0.033913914     0.131930714
    -0.517649463     0.024808306     0.132397804
    -0.517980012     0.015689941     0.133381653
    -0.518164657     0.006519031     0.134543809
     0.392874488     0.309708812     0.005505203
     0.387955252     0.315839667     0.005386488
     0.382942663     0.321894314     0.005327711
    -0.517082586    -0.029872116     0.136027446
    -0.516574295    -0.038954376     0.139791583
    -0.515766597    -0.048007174     0.140694399
    -0.514823591    -0.057021130     0.142024438
    -0.513719124    -0.066045706     0.143337638
    -0.512407369    -0.075039672     0.143632343
    -0.510981788    -0.083989105     0.144722009
    -0.509433532    -0.092950876     0.146644822
    -0.507690698    -0.101852060     0.147738260
    -0.505840411    -0.110718779     0.149802962
    -0.503833025    -0.119558968     0.151923497
     0.101661015    -0.514561261     0.093112571
     0.107481751    -0.513217966     0.089975123
     0.113336309    -0.511883864     0.089177823
     0.119196777    -0.510555279     0.089614734
     0.125039431    -0.509228264     0.091255117
     0.130839568    -0.507873628     0.093478539
     0.136594463    -0.506465558     0.095599147
     0.142323719    -0.504978639     0.097613237
     0.148020258    -0.503339514     0.097856424
     0.153713902    -0.501613671     0.098010602
     0.159412439    -0.499819180     0.098054786
     0.165124580    -0.497969484     0.098512280
     0.170844782    -0.496072319     0.099500522
     0.176563775    -0.494142020     0.101202580
     0.182277903    -0.492183914     0.103572658
     0.187926875    -0.490258465     0.107160555
     0.193684301    -0.488510697     0.118647203
     0.199265523    -0.486153725     0.118611605
     0.204814882    -0.483771349     0.118367025
     0.210345717    -0.481204339     0.115768441
     0.215948695    -0.478482087     0.112226217
     0.221557409    -0.475598881     0.107237242
     0.227212680    -0.472378643     0.097915829
     0.233397070    -0.468921202     0.090061558
     0.239926764    -0.465953061     0.095703057
     0.246053320    -0.463364898     0.106989382
     0.251865280    -0.460555140     0.114564794
     0.257657467    -0.457477852     0.119231665
     0.263482601    -0.454207005     0.122145879
     0.269361578    -0.450785529     0.124346422
     0.275261496    -0.447326116     0.126621087
     0.280947821    -0.443969322     0.129784583
     0.286435500    -0.440139547     0.125844426
     0.292252172    -0.435885402     0.121425687
     0.298301316    -0.431481501     0.118551393
     0.304423813    -0.427043981     0.116685838
     0.310964602    -0.422746555     0.123811285
     0.316940184    -0.419071941     0.138578597
     0.322156564    -0.414820642     0.136862322
     0.327382370    -0.409520960     0.118748803
     0.333198973    -0.404032936     0.105579234
     0.339355774    -0.398593706     0.099459729
     0.351370195    -0.388122509     0.101275029
     0.357818398    -0.382489123     0.107787500
     0.377837563     0.327870520     0.005313109
     0.372640726     0.333766315     0.005328329
     0.367352909     0.339579877     0.005360095
     0.361974987     0.345309550     0.005398554
     0.356507838     0.350953743     0.005434368
     0.350952466     0.356511128     0.005463340
     0.345310228     0.361980646     0.005489804
     0.339582770     0.367361213     0.005521332
     0.333771729     0.372651514     0.005561293
     0.327878485     0.377850070     0.005606427
     0.321904349     0.382955591     0.005654786
     0.315850858     0.387967015     0.005710235
     0.309719714     0.392883187     0.005776809
     0.303512452     0.397702667     0.005851162
     0.297230364     0.402424038     0.005926641
     0.290874809     0.407046215     0.006002201
     0.284447362     0.411568290     0.006081813
     0.277949723     0.415989283     0.006169230
     0.271383613     0.420308106     0.006265912
     0.264750677     0.424523588     0.006370417
     0.258052496     0.428634570     0.006480103
     0.251290641     0.432639962     0.006592786
     0.244466705     0.436538747     0.006707196
     0.237582316     0.440329977     0.006823085
     0.230639148     0.444012759     0.006941025
     0.223638940     0.447586235     0.007062275
     0.216583511     0.451049528     0.007187803
     0.209474646     0.454401634     0.007315271
     0.202313966     0.457641559     0.007440486
     0.195103110     0.460768558     0.007563406
     0.187843876     0.463781986     0.007686588
     0.180538118     0.466681117     0.007810990
     0.173187658     0.469465200     0.007936138
     0.165794302     0.472133516     0.008061418
     0.158359863     0.474685387     0.008186418
    -0.410617505     0.308420875     0.261268294
    -0.501639002    -0.128316776     0.153249134
    -0.499327491    -0.137000815     0.155105114
    -0.496866963    -0.145663517     0.157142651
    -0.494229239    -0.154247520     0.158490372
    -0.491463466    -0.162749878     0.160024044
    -0.488558735    -0.171254077     0.161986798
    -0.485478691    -0.179678568     0.163121508
    -0.482271045    -0.188008040     0.164211195
    -0.478915950    -0.196270594     0.165076444
    -0.475420017    -0.204517130     0.163658091
    -0.471839772    -0.212690823     0.163540988
    -0.468141790    -0.220845889     0.164592054
    -0.464277428    -0.228917755     0.165284423
    -0.460283315    -0.236877137     0.165955285
    -0.456190800    -0.244757125     0.167422816
    -0.451971586    -0.252541521     0.168944674
    -0.447627248    -0.260195929     0.170067369
    -0.443162175    -0.267753454     0.171137523
    -0.438573257    -0.275233930     0.172397612
    -0.433876721    -0.282590667     0.173405590
    -0.429049036    -0.289827704     0.174151215
    -0.424117577    -0.297067475     0.174078458
    -0.419066902    -0.304316227     0.171933916
    -0.413843776    -0.311522785     0.168771352
    -0.408521084    -0.318649977     0.166193377
    -0.403149259    -0.325695429     0.164965368
    -0.397745977    -0.332495632     0.163606647
    -0.392200260    -0.339119694     0.161559896
    -0.386524528    -0.345725516     0.160290520
    -0.380708436    -0.352240794     0.158468233
    -0.374714039    -0.358642151     0.155127158
    -0.368519014    -0.364969764     0.150726069
    -0.362286647    -0.371318608     0.148260747
    -0.356094066    -0.377514536     0.146693680
    -0.349907440    -0.383473321     0.144590951
    -0.343571234    -0.389258219     0.142358954
    -0.337101350    -0.394994037     0.142062801
    -0.330556173    -0.400600201     0.142493830
    -0.323906135    -0.406086559     0.141327205
    -0.317130161    -0.411368166     0.137482878
    -0.310132334    -0.416466103     0.130672650
    -0.302940307    -0.421637121     0.124575203
    -0.295937331    -0.426906340     0.120035077
    -0.289194178    -0.432852954     0.110394523
    -0.282270318    -0.441070391     0.092665565
    -0.272599764    -0.445006332     0.042402805
    -0.270722296    -0.440658547     0.118225691
    -0.268310041    -0.444582806     0.314439856
    -0.258852376    -0.454713137     0.414056500
    -0.252179456    -0.459244274     0.436032973
    -0.244889246    -0.463827075     0.451208462
    -0.237617914    -0.468123501     0.463692315
    -0.230317146    -0.472237719     0.475046401
    -0.222942905    -0.476210610     0.485630817
    -0.215508255    -0.479949612     0.493800579
    -0.193304371    -0.489159173     0.496222297
    -0.185764325    -0.491771892     0.492076577
    -0.178059099    -0.494241106     0.486403175
    -0.170231632    -0.496432855     0.477056025
    -0.154752039    -0.499921726     0.449640515
    -0.147369976    -0.501796536     0.443973807
    -0.133609270    -0.507913081     0.490463673
    -0.120360746    -0.516421570     0.594877384
    -0.113505069    -0.519797468     0.632037050
    -0.104027373    -0.521155459     0.619763551
    -0.095150807    -0.521168882     0.584312461
    -0.415519410     0.301745345     0.260752543
    -0.420309125     0.295005431     0.260349806
    -0.424965239     0.288210571     0.259808662
    -0.429497439     0.281343000     0.259043915
    -0.433935318     0.274370460     0.258183306
    -0.438283060     0.267302461     0.257438866
    -0.442517677     0.260176843     0.256849785
    -0.446621802     0.253003411     0.256206240
    -0.450608227     0.245745054     0.255340074
    -0.454497324     0.238375419     0.254373789
    -0.458285176     0.230922341     0.253547790
    -0.461948081     0.223428334     0.252849895
    -0.465473925     0.215899438     0.252095451
    -0.468872948     0.208305963     0.251193432
    -0.472157794     0.200631574     0.250251055
    -0.475325536     0.192893491     0.249380348
    -0.478362182     0.185113916     0.248503586
    -0.481261564     0.177294418     0.247504747
    -0.484030973     0.169418980     0.246396661
    -0.486677510     0.161481675     0.245281117
    -0.489200420     0.153498476     0.244261382
    -0.491592702     0.145484155     0.243299410
    -0.493849313     0.137434347     0.242268330
    -0.495972849     0.129339956     0.241166991
    -0.497966403     0.121198537     0.240052330
     0.095851460    -0.510158171     0.173976290
     0.102559428    -0.509709566     0.166965383
     0.109202539    -0.508311365     0.165830130
     0.115877677    -0.506845056     0.165196850
     0.122548338    -0.505314282     0.165082159
     0.129189582    -0.503718904     0.165386883
     0.135788092    -0.502042338     0.165722599
     0.142345843    -0.500273597     0.165879528
     0.148874966    -0.498419743     0.166053499
     0.155380032    -0.496462394     0.165916111
     0.161863489    -0.494408599     0.165620665
     0.168332400    -0.492284759     0.165718087
     0.174777406    -0.490086986     0.166078039
     0.181188619    -0.487821397     0.166743929
     0.187545475    -0.485491342     0.167616201
     0.193831232    -0.483066701     0.167996093
     0.200079157    -0.480529410     0.167844437
     0.206313762    -0.477874466     0.167274880
     0.212544519    -0.475069143     0.165701680
     0.218781760    -0.472108724     0.163146782
     0.225055725    -0.468966864     0.159437103
     0.231438165    -0.465617509     0.154783968
     0.238020300    -0.462173112     0.152144071
     0.244685105    -0.458839388     0.154343864
     0.251194816    -0.455600098     0.158970401
     0.257503968    -0.452302208     0.162832984
     0.263702398    -0.448857909     0.165181879
     0.269853095    -0.445260713     0.166428418
     0.275983215    -0.441543717     0.167375006
     0.282053710    -0.437733422     0.168055612
     0.288012454    -0.433770871     0.166892679
     0.293968605    -0.429593146     0.164099459
     0.300000317    -0.425306668     0.162529826
     0.306133120    -0.420899654     0.162314356
     0.312332232    -0.416483578     0.164888298
     0.318384212    -0.412212390     0.170364042
     0.324085631    -0.407787132     0.171452243
     0.329671939    -0.402870887     0.165378276
     0.335456283    -0.397564343     0.157588801
     0.341446426    -0.392138695     0.152738920
     0.347483157    -0.386793437     0.152170491
     0.353413445    -0.381439985     0.152669366
     0.359377365    -0.376081476     0.156189830
     0.365293915    -0.370881219     0.164211066
     0.376010450    -0.359856952     0.164064983
     0.381558304    -0.353592784     0.159692478
     0.387511656    -0.346953728     0.158573882
     0.393319386    -0.340726270     0.163090822
     0.397854261    -0.334224996     0.146887477
     0.401972973    -0.326889194     0.116294488
     0.408436530    -0.317665114     0.100671229
     0.433516309    -0.282756788     0.104075020
     0.456846454    -0.244914117     0.120392779
     0.467291302    -0.222193679     0.105472936
     0.472203218    -0.211928827     0.106896358
     0.486363437    -0.179706890     0.127745702
     0.489288555    -0.170690954     0.122007167
     0.517709810    -0.005852398     0.126115662
    -0.499828120     0.113019217     0.238944970
    -0.501554653     0.104812860     0.237832937
    -0.503144711     0.096581767     0.236697814
    -0.504597682     0.088323291     0.235516691
    -0.505914155     0.080035978     0.234300862
    -0.507093721     0.071725543     0.233064782
    -0.508135304     0.063398844     0.231806590
    -0.509039372     0.055057535     0.230537103
    -0.509806227     0.046701610     0.229261303
    -0.510435937     0.038332601     0.227985302
    -0.510927844     0.029952287     0.226701913
    -0.511281340     0.021564180     0.225405373
    -0.511499376     0.013177599     0.224159443
    -0.511589635     0.004816402     0.223111748
    -0.511538826    -0.003523483     0.221963050
    -0.511355365    -0.011917474     0.220895341
    -0.510920619    -0.020327983     0.217767021
    -0.510477276    -0.028727140     0.217041087
    -0.509864292    -0.037092876     0.215701721
    -0.509110905    -0.045434107     0.214279941
    -0.508219571    -0.053757320     0.212827081
    -0.507189779    -0.062062792     0.211331164
    -0.506021716    -0.070348270     0.209788711
    -0.504716720    -0.078611652     0.208218147
    -0.503276677    -0.086848723     0.206639501
    -0.501703607    -0.095056196     0.205076364
    -0.499996867    -0.103234391     0.203515352
    -0.498156682    -0.111378752     0.201939820
    -0.496184517    -0.119484720     0.200352446
    -0.494080942    -0.127550501     0.198749152
    -0.491846476    -0.135573568     0.197120728
    -0.489483216    -0.143551463     0.195486827
    -0.486992644    -0.151481978     0.193855464
    -0.484373036    -0.159364893     0.192188906
    -0.481622846    -0.167198773     0.190446869
    -0.478743691    -0.174979345     0.188625244
    -0.475739049    -0.182702734     0.186752806
    -0.472608830    -0.190371795     0.184839315
    -0.469407951    -0.198022547     0.184110166
    -0.466134936    -0.205639324     0.184428467
    -0.462739272    -0.213192899     0.184693824
    -0.459218088    -0.220682613     0.184843077
    -0.455573951    -0.228109518     0.184925735
    -0.451813563    -0.235469237     0.185013502
    -0.447940399    -0.242754707     0.185091139
    -0.443960760    -0.249956313     0.185155703
    -0.439875278    -0.257070935     0.185166047
    -0.435679438    -0.264131810     0.185377858
    -0.431362312    -0.271106836     0.185274881
    -0.426944202    -0.277979082     0.184999094
    -0.422605389    -0.284917114     0.189126069
    -0.418131525    -0.291803364     0.193078896
    -0.413519184    -0.298618792     0.196614898
    -0.408791722    -0.305390876     0.200440922
    -0.403925911    -0.312107412     0.204096465
    -0.398953435    -0.318717667     0.207463248
    -0.393911044    -0.325206693     0.210848393
    -0.388794598    -0.331587600     0.214309593
    -0.383585532    -0.337870746     0.217695068
    -0.378273099    -0.344059388     0.220883814
    -0.372831985    -0.350213408     0.224313722
    -0.367239539    -0.356341986     0.227872669
    -0.361500496    -0.362432532     0.231542154
    -0.355643150    -0.368386466     0.234403268
    -0.349694905    -0.374158928     0.236159978
    -0.343687723    -0.379743510     0.237056669
    -0.337636652    -0.385211012     0.238198713
    -0.331526962    -0.390576390     0.239577846
    -0.325319679    -0.395877095     0.241291850
    -0.318965243    -0.401124901     0.242954489
    -0.312443142    -0.406363131     0.245077597
    -0.305729114    -0.411616649     0.247854478
    -0.298766682    -0.416885976     0.250977228
    -0.291519154    -0.422088452     0.253030009
    -0.275723938    -0.433622155     0.271906996
    -0.262708584    -0.433401233     0.136858052
    -0.256730500    -0.438777047     0.167988959
    -0.250419606    -0.442868169     0.175688789
    -0.243171288    -0.447789343     0.191873209
    -0.235753404    -0.452138771     0.199264966
    -0.228305244    -0.456227513     0.204560339
    -0.220830195    -0.460177034     0.209912503
    -0.213352177    -0.464002624     0.215748024
    -0.205909712    -0.467621055     0.220753207
    -0.198502356    -0.470964429     0.223536850
    -0.191088135    -0.474080872     0.224580698
    -0.183600437    -0.477081075     0.225463905
    -0.176005609    -0.480038426     0.227393222
    -0.168342161    -0.482943503     0.230496520
    -0.160691381    -0.485746113     0.234301936
    -0.153140178    -0.488549212     0.241186106
    -0.145882709    -0.491986305     0.264246443
    -0.138777175    -0.495989091     0.301208246
    -0.131832886    -0.500904144     0.358357759
    -0.124689402    -0.505762240     0.414660969
    -0.117211088    -0.508861638     0.438498174
    -0.109779842    -0.511369961     0.454526236
    -0.102273768    -0.513657509     0.468595153
    -0.099528518    -0.507228516     0.334568810
    -0.089403538    -0.498068269     0.122190620
    -0.075492836    -0.496937266     0.057151792
    -0.067626812    -0.496851980     0.033022127
    -0.060089751    -0.497469598     0.025927996
    -0.052665007    -0.498155486     0.022654625
    -0.045301229    -0.498775940     0.020377233
    -0.037972704    -0.499298079     0.018358134
    -0.030644455    -0.499719773     0.016496662
    -0.023292978    -0.500056519     0.015089174
    -0.015874916    -0.500317674     0.014332672
    -0.008490685    -0.500758456     0.019376507
     0.150886172     0.477120167     0.008310873
     0.143375083     0.479437241     0.008434606
     0.135828492     0.481636002     0.008557198
     0.128248378     0.483715787     0.008676939
     0.120650940     0.485709620     0.009513677
     0.113005150     0.487544838     0.009506658
     0.105331249     0.489262448     0.009552269
     0.097632674     0.490861866     0.009654080
     0.089911000     0.492340191     0.009760801
     0.082167272     0.493696996     0.009867347
     0.074403159     0.494932032     0.009974493
     0.066620584     0.496045057     0.010083455
     0.086335264    -0.500573165     0.154799094
     0.094056957    -0.501888670     0.205012126
     0.101278954    -0.500445639     0.204281581
     0.108840433    -0.500020459     0.225381170
     0.116165628    -0.498440583     0.226639924
     0.123455496    -0.496756584     0.227911540
     0.130699755    -0.494972392     0.229211894
     0.137895624    -0.493088007     0.230510051
     0.145047083    -0.491102217     0.231788084
     0.152160566    -0.489013732     0.233046620
     0.159240485    -0.486822173     0.234299483
     0.166286916    -0.484528514     0.235564424
     0.173295667    -0.482135097     0.236857760
     0.180259930    -0.479645037     0.238188757
     0.187174025    -0.477060082     0.239542727
     0.194040324    -0.474376734     0.240862477
     0.200871867    -0.471586566     0.242086247
     0.207684210    -0.468681388     0.243190540
     0.214495117    -0.465652977     0.244183970
     0.221331285    -0.462485624     0.245040112
     0.228220639    -0.459159979     0.245717815
     0.235173036    -0.455671102     0.246315879
     0.242148956    -0.452049490     0.247130670
     0.249059713    -0.448346760     0.248314662
     0.255834982    -0.444591438     0.249672236
     0.262467860    -0.440778772     0.250971142
     0.268985414    -0.436894070     0.252151204
     0.275409474    -0.432930415     0.253267634
     0.281753017    -0.428883634     0.254354719
     0.288037014    -0.424735991     0.255322485
     0.294297152    -0.420457383     0.256069780
     0.300559307    -0.416031815     0.256669916
     0.306808055    -0.411476966     0.257305371
     0.312991036    -0.406839937     0.258175736
     0.319051379    -0.402163956     0.259286529
     0.324988066    -0.397425417     0.260188969
     0.330884342    -0.392535098     0.260470882
     0.336826530    -0.387429362     0.260294302
     0.342821023    -0.382121121     0.260093292
     0.348811115    -0.376665162     0.260107920
     0.354734948    -0.371110631     0.260330823
     0.360546978    -0.365504082     0.260840681
     0.366198513    -0.359896062     0.261650162
     0.371672843    -0.354275884     0.262267432
     0.377034765    -0.348558172     0.262314964
     0.382351519    -0.342702217     0.262196506
     0.387609227    -0.336749877     0.262345604
     0.392757140    -0.330726638     0.262386770
     0.397829489    -0.324505105     0.261142617
     0.403024128    -0.317809614     0.258183628
     0.408469058    -0.310669098     0.256316855
     0.413772840    -0.303833719     0.259135522
     0.418392820    -0.297667104     0.261997017
     0.427125439    -0.284474962     0.256466937
     0.431873284    -0.277053395     0.254341854
     0.436587596    -0.269706198     0.255521430
     0.440883733    -0.262862001     0.257981374
     0.444759958    -0.256185794     0.257583950
     0.448600735    -0.249000578     0.253724401
     0.452704781    -0.241231265     0.251264326
     0.463992365    -0.218682819     0.250484755
     0.467512757    -0.210694960     0.247302676
     0.471081157    -0.202578056     0.246913067
     0.477473468    -0.187100737     0.247419829
     0.480355772    -0.179396971     0.246207822
     0.483141305    -0.171516633     0.244584001
     0.485855356    -0.163467990     0.243211476
     0.488464902    -0.155360155     0.242302933
     0.490925503    -0.147246395     0.241358831
     0.493241859    -0.139112755     0.240347431
     0.495419191    -0.130949312     0.239293615
     0.497461356    -0.122724862     0.238108204
     0.499374987    -0.114427009     0.236890982
     0.501155336    -0.106070514     0.235659406
     0.502799547    -0.097660902     0.234409473
     0.504311240    -0.089225177     0.233336385
     0.505676649    -0.080790590     0.232261077
     0.506896103    -0.072344151     0.231124059
     0.507975101    -0.063885030     0.230021588
     0.508911978    -0.055412164     0.228913167
     0.509706506    -0.046923570     0.227789168
     0.510357986    -0.038416101     0.226633530
     0.510868171    -0.029893924     0.225494272
     0.511236411    -0.021363932     0.224368192
     0.511470153    -0.012835785     0.223402239
     0.511574983    -0.004315267     0.222697698
     0.058821524     0.497035696     0.010192433
     0.051007884     0.497903612     0.010299455
     0.043181645     0.498648644     0.010405617
     0.035344682     0.499270068     0.010499970
     0.027498487     0.499767647     0.010580296
     0.019645115     0.500142541     0.010672678
     0.011786724     0.500393924     0.010762873
     0.003925232     0.500522228     0.010860801
    -0.003936787     0.500527561     0.010969282
    -0.011797854     0.500407781     0.011045176
    -0.019656473     0.500164824     0.011126916
    -0.027509974     0.499798645     0.011211942
    -0.035356986     0.499307482     0.011263759
    -0.043195523     0.498694133     0.011335959
    -0.051022924     0.497957190     0.011396090
    -0.058838528     0.497095147     0.011413190
    -0.066641119     0.496112517     0.011475331
    -0.074427025     0.495009839     0.011584295
    -0.082193465     0.493784471     0.011679121
    -0.089939352     0.492436163     0.011750889
    -0.097663344     0.490965819     0.011812849
    -0.105363509     0.489374186     0.011872764
    -0.113037754     0.487661717     0.011931122
    -0.120684088     0.485828697     0.011984814
    -0.128300754     0.483875475     0.012032494
    -0.135886143     0.481802730     0.012079554
    -0.143438533     0.479611421     0.012135749
    -0.150955911     0.477302465     0.012207717
    -0.158436002     0.474876361     0.012291504
    -0.165876712     0.472333104     0.012373788
    -0.173276526     0.469672869     0.012447987
    -0.180634071     0.466896689     0.012524424
    -0.187947047     0.464006056     0.012614847
    -0.195212393     0.461001139     0.012699075
    -0.202428215     0.457880488     0.012734921
    -0.209593681     0.454643234     0.012700115
    -0.216709191     0.451293468     0.012673880
    -0.223772947     0.447835684     0.012723088
    -0.230780096     0.444269230     0.012792408
    -0.237727618     0.440589584     0.012772444
    -0.244616322     0.436797597     0.012686225
    -0.251447613     0.432898792     0.012645885
    -0.258218951     0.428896110     0.012678518
    -0.264926168     0.424790315     0.012754146
    -0.271566097     0.420579781     0.012810302
    -0.278136864     0.416262131     0.012785928
    -0.284639745     0.411840628     0.012750182
    -0.291073942     0.407318128     0.012742392
    -0.297436902     0.402695945     0.012755124
    -0.303726488     0.397975153     0.012780426
    -0.309940678     0.393156477     0.012805152
    -0.316077801     0.388240506     0.012817683
    -0.322136666     0.383228282     0.012819297
    -0.328115877     0.378121274     0.012814880
    -0.334013571     0.372920656     0.012797992
    -0.339828228     0.367627240     0.012760672
    -0.345559181     0.362242298     0.012713084
    -0.351206061     0.356768114     0.012684206
    -0.356767449     0.351207160     0.012690142
    -0.362240592     0.345560688     0.012709192
    -0.367622980     0.339829028     0.012708954
    -0.372913267     0.334012406     0.012672363
    -0.378111386     0.328112295     0.012618564
    -0.383216754     0.322130952     0.012569267
    -0.388227898     0.316070526     0.012530272
    -0.393143085     0.309932282     0.012490860
    -0.397961382     0.303717679     0.012454612
    -0.402681596     0.297428341     0.012422556
    -0.407302177     0.291065705     0.012387056
    -0.411821821     0.284631184     0.012343416
    -0.416239614     0.278126472     0.012296014
    -0.420554445     0.271552996     0.012242480
    -0.424765340     0.264912165     0.012182120
    -0.428871626     0.258205982     0.012125210
    -0.432872120     0.251436437     0.012072343
    -0.436765398     0.244605042     0.012014116
    -0.440550495     0.237713025     0.011945835
    -0.444227028     0.230762122     0.011877684
    -0.447794319     0.223754552     0.011818602
    -0.451251000     0.216692240     0.011761483
    -0.454595764     0.209576595     0.011694857
    -0.457827865     0.202408978     0.011616761
    -0.460946965     0.195191183     0.011535956
    -0.463952502     0.187925326     0.011459019
    -0.466843544     0.180613389     0.011383887
    -0.469619184     0.173257055     0.011305862
    -0.472278747     0.165857950     0.011223744
    -0.474821754     0.158417952     0.011141240
    -0.477247593     0.150939044     0.011059637
    -0.479555454     0.143423097     0.010974887
    -0.481744695     0.135871833     0.010884739
    -0.483814953     0.128287022     0.010792094
    -0.485765838     0.120670608     0.010699711
    -0.487596892     0.113024602     0.010608716
    -0.489307564     0.105350925     0.010517190
    -0.490897325     0.097651407     0.010422723
    -0.492365807     0.089927880     0.010325429
    -0.493712742     0.082182226     0.010227106
    -0.494937881     0.074416446     0.010129679
    -0.496040867     0.066632506     0.010032161
    -0.497021345     0.058832295     0.009932731
    -0.497879072     0.051017713     0.009831252
    -0.498613862     0.043190672     0.009728154
    -0.499225555     0.035353104     0.009623824
    -0.499714042     0.027506947     0.009519109
    -0.500079239     0.019654150     0.009414709
    -0.500321037     0.011796706     0.009310238
    -0.500439172     0.003936493     0.009201499
    -0.500433775    -0.003925460     0.009091832
    -0.500306110    -0.011787497     0.009007450
    -0.500052118    -0.019642626     0.008863662
    -0.499677171    -0.027493555     0.008768083
    -0.499178478    -0.035337971     0.008663261
    -0.498556420    -0.043173787     0.008554459
    -0.497811340    -0.050998912     0.008445342
    -0.496943487    -0.058811334     0.008337087
    -0.495953081    -0.066609085     0.008229691
    -0.494840363    -0.074390201     0.008122941
    -0.493605549    -0.082152772     0.008015610
    -0.492248919    -0.089894928     0.007907306
    -0.490770910    -0.097614781     0.007800099
    -0.489171896    -0.105310400     0.007694021
    -0.487452240    -0.112979860     0.007588334
    -0.485612370    -0.120621277     0.007483033
    -0.483652727    -0.128232770     0.007377848
    -0.481573772    -0.135812461     0.007272300
    -0.479376001    -0.143358544     0.007166383
    -0.477060060    -0.150869216     0.007062433
    -0.474626626    -0.158342574     0.006962165
    -0.472076270    -0.165776722     0.006864675
    -0.469409562    -0.173169816     0.006768650
    -0.466627142    -0.180520136     0.006674442
    -0.463729885    -0.187825795     0.006585038
    -0.460718345    -0.195084930     0.006496846
    -0.457593219    -0.202295858     0.006409803
    -0.454355341    -0.209456916     0.006326006
    -0.451005591    -0.216566309     0.006246729
    -0.447544799    -0.223622226     0.006171524
    -0.443973854    -0.230622875     0.006100506
    -0.440293447    -0.237566456     0.006029488
    -0.436504192    -0.244451471     0.005955339
    -0.432607798    -0.251276443     0.005893899
    -0.428604962    -0.258039147     0.005835083
    -0.424496078    -0.264737929     0.005768648
    -0.420282605    -0.271371790     0.005709194
    -0.415966003    -0.277939091     0.005663953
    -0.411547088    -0.284437784     0.005624075
    -0.407027045    -0.290866673     0.005595656
    -0.402407577    -0.297224166     0.005588179
    -0.397689364    -0.303507797     0.005583188
    -0.392872788    -0.309715933     0.005566666
    -0.387958836    -0.315847525     0.005541295
    -0.382949055    -0.321901340     0.005515988
    -0.377844543    -0.327876051     0.005491049
    -0.372647202    -0.333770945     0.005486593
    -0.367358671    -0.339584465     0.005507005
    -0.361980879    -0.345314792     0.005556193
    -0.356514434    -0.350959239     0.005605484
    -0.350959930    -0.356515983     0.005637264
    -0.345317757    -0.361983679     0.005637647
    -0.339589584    -0.367362146     0.005627548
    -0.333777092    -0.372650444     0.005616909
    -0.327882361    -0.377847676     0.005621076
    -0.321906949    -0.382952609     0.005642588
    -0.315851751    -0.387964416     0.005681203
    -0.309717147    -0.392883213     0.005745437
    -0.303505824    -0.397707014     0.005839862
    -0.297206642    -0.402443052     0.005950706
    -0.290916717    -0.407123992     0.007755133
    -0.284543645    -0.411582029     0.007402901
    -0.278032311    -0.415921590     0.005961617
    -0.271374691    -0.420309919     0.006199597
    -0.264832582    -0.424457637     0.006118462
    -0.258138850    -0.428604750     0.006860235
    -0.251389226    -0.432631156     0.007431093
    -0.244573108    -0.436531065     0.007613282
    -0.237696096    -0.440319911     0.007726878
    -0.230761026    -0.444000988     0.007856228
    -0.223767428    -0.447572118     0.007958864
    -0.216713883    -0.451028174     0.007932066
    -0.209601436    -0.454366868     0.007746069
    -0.202433961    -0.457590748     0.007482036
    -0.195215682    -0.460702848     0.007231709
    -0.187948503    -0.463703556     0.007018877
    -0.180630672    -0.466590847     0.006795607
    -0.173260162    -0.469362801     0.006517008
    -0.165837120    -0.472021148     0.006224946
    -0.158368609    -0.474579830     0.006239201
    -0.150866113    -0.477057818     0.007000957
    -0.143329514    -0.479436287     0.008155290
    -0.135756771    -0.481703974     0.009476596
    -0.128162770    -0.483851604     0.010864354
    -0.120562949    -0.485870510     0.012212954
    -0.112976176    -0.487748867     0.013351253
    -0.105423030    -0.489669239     0.017892195
    -0.097666061    -0.491000448     0.012502728
    -0.090039843    -0.492163382     0.006746041
    -0.082282910    -0.493473552     0.005839671
    -0.074453061    -0.494667930     0.004899788
    -0.066557808    -0.495778003     0.004622828
    -0.058630232    -0.496883863     0.006728417
    -0.050831350    -0.497905923     0.009986896
    -0.043056776    -0.498696301     0.011140429
    -0.035248437    -0.499323691     0.011434251
    -0.027409590    -0.499816277     0.011454102
    -0.019528477    -0.500181535     0.011360991
    -0.011713884    -0.500172025     0.006292012
    -0.003886007    -0.500080237     0.002015170
     0.003947011    -0.500077983     0.001979616
     0.011790207    -0.499952824     0.001944970
     0.019635916    -0.499704424     0.001909877
     0.027479381    -0.499332645     0.001872408
     0.035317295    -0.498837485     0.001831222
     0.043147049    -0.498219065     0.001786372
     0.050966307    -0.497477590     0.001738636
     0.058772810    -0.496613289     0.001688332
     0.066564256    -0.495626430     0.001635470
     0.074375329    -0.494742016     0.006133650
     0.082158186    -0.493617501     0.008269196
     0.089907367    -0.492271281     0.008391960
     0.097628811    -0.490801091     0.008446865
     0.105324988    -0.489208937     0.008479656
     0.112994896    -0.487493919     0.008468269
     0.120637606    -0.485658357     0.008454377
     0.128250711    -0.483702811     0.008438045
     0.135857904    -0.481688370     0.009724912
     0.143408952    -0.479501025     0.009850899
     0.150924781    -0.477195253     0.009975543
     0.158403529    -0.474771615     0.010098724
     0.165843344    -0.472230701     0.010220310
     0.173242383    -0.469573129     0.010340129
     0.180598812    -0.466799537     0.010457840
     0.187910838    -0.463910589     0.010573298
     0.195176719    -0.460907046     0.010687950
     0.202394670    -0.457789793     0.010804644
     0.209562799    -0.454559625     0.010922965
     0.216679220    -0.451217142     0.011038323
     0.223742199    -0.447763050     0.011148735
     0.230750068    -0.444198224     0.011255345
     0.237701130    -0.440523593     0.011359348
     0.244593669    -0.436740094     0.011461432
     0.251425975    -0.432848689     0.011562032
     0.258196335    -0.428850365     0.011661414
     0.264903016    -0.424746140     0.011759463
     0.271544229    -0.420536987     0.011854043
     0.278118185    -0.416223737     0.011939897
     0.284623287    -0.411807243     0.012013761
     0.291058137    -0.407288611     0.012078296
     0.297421348    -0.402669161     0.012139419
     0.303711407    -0.397950333     0.012202837
     0.309926564    -0.393133422     0.012268281
     0.316064978    -0.388219408     0.012328532
     0.322125050    -0.383209203     0.012377718
     0.328105479    -0.378104000     0.012417659
     0.334004954    -0.372905232     0.012453232
     0.339821975    -0.367614267     0.012485252
     0.345555065    -0.362232340     0.012512150
     0.351202945    -0.356760794     0.012536161
     0.356764380    -0.351201153     0.012562120
     0.362237996    -0.345555006     0.012593191
     0.367622203    -0.339823882     0.012627680
     0.372915179    -0.334009137     0.012657231
     0.378114952    -0.328111920     0.012667515
     0.383219535    -0.322133178     0.012640500
     0.388227211    -0.316073685     0.012559498
     0.393137429    -0.309933828     0.012421162
     0.397951788    -0.303714709     0.012266029
     0.402672158    -0.297420786     0.012180948
     0.407297271    -0.291057451     0.012211240
     0.411820989    -0.284627069     0.012282926
     0.416237519    -0.278126124     0.012257298
     0.420548190    -0.271552475     0.012131727
     0.424755834    -0.264909328     0.011990774
     0.428860554    -0.258200664     0.011880646
     0.432861712    -0.251429591     0.011823580
     0.436757180    -0.244598473     0.011806527
     0.440543907    -0.237708425     0.011786188
     0.444219511    -0.230758823     0.011713861
     0.447785248    -0.223750633     0.011621276
     0.451242479    -0.216687382     0.011565789
     0.454589280    -0.209572213     0.011540409
     0.457822482    -0.202406219     0.011495989
     0.460940590    -0.195189423     0.011404815
     0.463944769    -0.187923379     0.011301066
     0.466835398    -0.180610854     0.011213638
     0.469611354    -0.173254282     0.011139745
     0.472271304    -0.165855409     0.011066443
     0.474814326    -0.158415677     0.010985918
     0.477240112    -0.150936776     0.010903306
     0.479548359    -0.143420743     0.010825443
     0.481738359    -0.135869592     0.010750605
     0.483809296    -0.128285138     0.010673079
     0.485760600    -0.120669139     0.010590952
     0.487591879    -0.113023452     0.010505843
     0.489302699    -0.105349990     0.010418146
     0.490892583    -0.097650609     0.010326585
     0.492361212    -0.089927159     0.010232446
     0.493708372    -0.082181595     0.010138818
     0.494933743    -0.074415922     0.010046275
     0.496036918    -0.066632070     0.009952708
     0.497017593    -0.058831925     0.009857336
     0.497875559    -0.051017397     0.009760710
     0.498610621    -0.043190416     0.009663129
     0.499222601    -0.035352905     0.009564609
     0.499711386    -0.027506780     0.009465885
     0.500076887    -0.019653931     0.009367545
     0.500318966    -0.011796027     0.009268501
     0.500438043    -0.003934462     0.009178605
