    10.444264901     0.682001883     1.047386143
     9.511093773    -1.616417070     1.149842808
     9.005677717    -2.049916601     1.054162848
     8.583309656    -1.324352823     1.187872005
     9.097996046    -1.841283139     1.234512021
    10.067234354     0.180974718     1.035004427
     9.114499516    -0.960401286     1.100424509
     9.974844641     0.415798210     1.049302576
     9.428099562    -0.175605580     1.069280077
     8.993143592    -1.859263543     1.232169592
    10.005543260     0.131488338     1.040910016
     9.859266440    -0.084999031     1.048395117
     9.443178962    -2.077769297     1.272352537
     9.288179932    -0.732100341     1.075553236
     9.240346538    -0.549884675     1.070632778
     8.610350039    -1.277066700     1.184802389
     9.374912366    -1.894677409     1.344801635
     8.685808431    -1.796858637     1.192116165
     9.665586732    -0.137311294     1.061609894
     1.360870722     1.016676573     1.435673178
     9.003262630    -2.109815845     1.125328484
     9.254245378    -0.796959789     1.122668555
     8.559704835    -1.257057620     1.188811961
     8.690373388    -1.322194543     1.194674741
     8.775996083    -1.339509521     1.200324284
     8.800990839    -1.435322316     1.211840968
     9.086842331    -1.601890753     1.348937285
     9.018044214    -1.688342592     1.363553640
     8.984107877    -1.526121095     1.265278366
     8.559145020    -1.187040498     1.182735394
     8.591693596    -1.268769834     1.186578608
     8.780812445    -1.397821831     1.210068964
     7.570052876    -1.147686115     1.245555680
     7.895937038    -1.123884043     1.218922900
     8.548389315    -1.156267540     1.191087341
     0.500428401     0.003930455     0.008985152
     1.145772485     0.231487043    -0.538266181
     4.300566278    -0.678568621     2.475105167
     1.051088731     0.916895519     2.365365882
     0.500304933     0.011790345     0.008985240
     0.690445301    -1.558839292     1.915164644
     2.545819185     0.098907000     3.995256763
     1.859330943    -1.224003681     2.177859303
     0.874647621     0.457701547    -0.233825251
     4.076855533    -0.380647841     2.108151349
     0.802814603     0.490109303     1.471660399
     0.719962778     0.492398302     1.028758333
     0.559730722    -0.198170530     1.071135590
     0.512682784     0.482819803    -0.930952263
     2.763000819    -0.273917848     0.140882702
     0.566309457     0.172530704     1.115709864
     3.401397849    -0.231407043     2.567402100
     1.253082212    -0.202979055    -0.840369546
     1.129504859     0.710894534     1.749982189
     0.378554936     0.717881852     1.049054004
    -0.071973406    -1.298472877    15.738048878
     0.922400773     0.172848768     0.883274683
     0.721274023     1.237661631    23.542584332
     3.200003597    -0.165996849     2.281070821
     3.367676446    -0.656077745     4.434703792
     0.893211617     0.989594643    19.782315332
     1.469295363    -0.343885497     0.706501323
     0.517730164     0.554387356    -0.167630452
     0.052080805    -1.234195706    14.187478856
     0.499972499     0.019643990     0.007273571
     1.870003720    -1.015280478     2.293321169
     2.508724679    -0.568896907     3.162504428
     2.713239921    -0.862120131     4.163412721
     1.969472295    -0.682395905     3.716839513
     1.227062819    -1.380657552     2.559933227
     2.920197172    -0.589450682     4.214666457
     0.499687720     0.027499479     0.008985270
     3.602526094    -0.230015437     2.784496533
     0.260155564     0.875803615    14.899576536
     0.296500861    -1.023046357    11.763779446
     1.075187723    -1.055155711     1.091531642
     0.528983942    -1.485149708     4.462155371
     0.793575285     0.176226359    -0.006414955
     0.629383931     0.180091923     3.287209940
     0.563537124     0.985329799    17.131694241
     3.115988346    -0.213942929     2.339878698
     2.093848986     0.157655598     1.144448529
     3.198384374    -0.342654383     2.854772812
     0.499194132     0.035344839     0.008985274
     0.498492126     0.043174030     0.007273778
     3.482433581    -0.956046316     3.569381768
     3.108262419    -0.958166341     2.975577540
     0.988611027    -0.553949662     1.242267373
     2.907201666    -0.286215775     1.909956962
     3.464907136    -0.660005400     4.217956726
     0.091426933     0.804981508    14.065873889
     3.302190468    -0.163179840     2.175369559
     1.788321772    -0.908534784     3.763528070
     3.257148158    -0.516254008     3.825815602
     1.589335929    -0.969268837     2.432219435
     2.454080706    -0.456170004     3.190002877
     2.497891240    -0.331285096     1.479443552
     2.226847908     0.076694873     1.061969933
     2.814350435    -0.532794382     3.424157815
     0.795862284     0.106728882    -2.089776615
     0.837151999    -1.100197893     0.872725796
     1.432400947    -0.935325192     3.284135318
     2.961519663    -0.888441338     3.538110126
     0.471366354     0.317751966    -2.219828911
     0.882232333    -0.856116919     1.528322681
     3.394699770    -0.690989804     4.345882701
     2.795850051    -0.377067746     1.978018192
     2.701691505    -0.546920429     3.304017849
     0.585413928    -0.656189548     2.768923863
     3.543937578    -0.497050987     3.748953397
     0.932398282     1.175936223     3.018881260
     0.497837605     0.051007448     0.008985301
     0.496975006     0.058820807     0.008985362
     0.270809114     1.283251940    23.026876275
     3.737795050    -0.793698603     3.207185934
     2.305753618    -0.273740120     4.849231715
     1.934821811    -0.312651530     2.554834466
     1.602126937    -0.821279105     3.122880072
     0.795861492    -1.183033903     1.188013762
     2.648781481    -0.849112322     4.180110727
     0.495905219     0.066607043     0.007275542
     2.244365278    -0.606315348     3.215080748
     1.461596332    -0.932489018     2.448355031
     0.494882302     0.074401513     0.008986049
     2.602096780    -0.381484770     1.292113631
     3.512551167    -0.618711604     4.067903220
     3.056007032    -0.467014806     3.214090496
     2.343994475    -0.497195647     2.708977322
     0.710839809    -1.145417818     1.475428063
     1.930282284    -1.472611258     2.750930461
     1.915532001    -0.519841573     2.206778497
     2.004444054    -0.631921131     3.150301654
     0.738485524     0.194952175    -0.937414213
     1.941775885    -0.783967514     3.766219554
     0.718025851    -0.984125581     1.489414415
     2.120999662    -0.688442805     3.528073504
     1.273210196     1.296906554     1.840097938
     2.579207196    -0.816559746     4.202892255
     1.401898547    -1.265414882     1.824655788
     0.493652949     0.082163953     0.008987456
     0.355300913    -1.361070511     3.345624522
     3.665867926    -0.572422911     3.756916992
     0.430698935    -1.278257719     3.264964496
     0.594903126    -1.004872639     2.876975826
     0.317196653    -1.128941775     5.520568521
     1.321747467    -0.529444532     1.265605643
     2.668408239    -0.434710952     2.671675903
    -0.082209236     1.362589541    26.411995492
     0.825516268    -0.880487868     1.377805018
     2.414312682    -0.424214893     2.676847456
     0.515158707    -1.229319532     0.832859985
     0.491639638    -1.244528686     5.122289432
     2.678216854    -0.719611852     4.072452817
     2.544061573    -0.424589692     2.587593075
     0.492302680     0.089902166     0.008991044
     2.885261242    -0.386738763     2.482655383
     1.891763760    -0.179470487     1.890814575
     0.295624287    -1.167396283     8.951733394
     1.055430692    -0.951768026     2.049375057
     2.780282951    -0.795897640     4.473878070
     1.965895796    -0.098052341     1.852010760
     1.464563788    -0.399571339     1.244184309
     0.972742338    -0.561612914     0.339608943
     0.357843263    -1.134094879     2.639364649
     1.186150752    -0.930580497     3.276499409
     2.184507544    -0.518203337     2.502784721
     1.053423628    -0.918729724     2.090043680
     2.325458952    -0.187341198     1.498510404
     2.176078051    -0.027168424     2.370072342
     0.119991597    -1.153455076    11.917244510
     2.107018230     0.069135914     2.054229874
     1.233443389    -0.651918813     0.622287209
     1.995229406    -0.125953787     2.701860886
     1.696908549    -1.172767795     3.114979906
     1.206948210    -0.986567011     3.556446184
     1.039776510    -0.867293834     2.408477348
     1.211906865    -0.974903749     3.545183908
     2.792131832    -1.094473660     4.391634242
     2.305710465    -0.381602597     2.321967459
     0.754503475    -1.343602050    -0.089164786
     1.903417500    -0.773537119     0.200190359
     0.608654479    -0.666380692     1.889405107
     3.280732899    -0.580909489     4.606108972
     1.719835554    -0.687123811     3.241183703
     3.101840400    -0.528303983     4.251769933
     0.490834784     0.097605189     0.009015633
     1.744476171    -0.629112582     2.935402924
     0.321156980    -0.938336198     5.179153189
     2.167714008    -0.143644878     3.162363853
     1.592460027    -0.627280458     2.683229406
     2.073845259    -0.731143881     4.107965765
     2.950153072    -0.486794131     3.453232853
     0.361557378    -0.834215446     7.697046637
     0.489257707     0.105241279     0.009081173
     0.441497297    -0.763947835     8.749716913
     0.315106585    -1.180435866     4.537109693
     0.221648303    -1.213439283    15.253350426
     0.418893834    -0.595404211     6.242000827
     0.149319560    -1.127623885     9.804814861
     0.487595766     0.112709778     0.009168636
     2.233551378     0.005050154     2.025970961
     0.484029391     0.128185596     0.014418582
     0.480137775     0.143647832     0.023420966
     1.179338871    -0.688172626     1.713968592
     4.585347212    -0.022297156     1.774079136
     1.178252722    -0.779718718     1.600965604
     1.814573582    -0.659027561     2.633115313
     1.958010274    -0.135584845     2.464616548
     3.857825415     0.437740446     1.779814321
     2.325902499     0.024394025     2.039831653
     0.306903284    -1.016192283     9.547163799
     0.464434888     0.300142330     0.819106541
     0.210191385    -1.143738227    12.077220430
     0.477814474     0.150927639     0.021801994
     0.345916449     0.642595404     0.191522567
     1.127823610    -0.668175481     1.549634497
     1.397380245    -0.087226242     0.919276922
     0.957347526    -1.286643745     1.091027615
     0.475110173     0.158277174     0.015723998
     0.992691953    -0.217148245    -1.403887324
     1.483607345    -1.023689515     3.903784215
     1.076036077    -0.687986752     0.321357822
     0.472338274     0.165733213     0.011521123
     0.123516328    -1.239597127    14.212541799
     1.514518022    -0.711991553     2.889880519
     0.487798875    -0.904617267     4.216080220
     0.434509986    -0.301767023     4.340271827
     0.265778159    -1.168783129    14.112850147
     0.251572566    -1.053924581     9.217752885
     3.743094614    -0.212639969     2.853610633
     4.799014635    -0.444706630     1.682932415
     1.660117790    -0.320586025     1.399850192
     3.829488324     0.523500398     1.147433825
     3.209469649     0.372003000     1.124873770
     3.867776514    -0.421004911     2.584906850
     0.402067167    -0.923739894     5.051763167
     0.505927943    -0.762188206     3.723701536
     0.649606062     0.209255082     3.821807084
     0.225078096    -1.062252650    10.103635346
     1.011953403    -0.850298629     2.317384180
     2.098035346    -0.591561964     2.689653875
     0.664245661    -0.729555428     1.622187409
     0.797410832    -0.398612516    -0.333998605
     0.803009180    -0.578106754     0.297859331
     2.805333155    -0.589180405     3.821744761
     1.128818267    -0.505409045     1.025711480
     0.613481085    -0.940553453     2.796946119
     0.298860484    -1.152179930     5.413727280
     1.101179103    -0.323462525     1.914222082
     0.451708249    -0.803826995     1.951891981
     1.531577734    -0.490528568     1.694624114
     0.478326973     0.376896007     0.243113549
     1.831514666    -0.524678056     2.872974205
     1.873538618    -0.331337840     2.583689813
     1.972350091    -0.281527982     3.075003213
     0.515526544     0.656701275     0.739608226
     0.634317419    -0.634144948    -0.174075492
     0.672680616    -0.675677751     3.863937650
     0.469569799     0.173171287     0.009785635
     1.514791494    -0.606596443     1.740685876
     0.496171189    -1.058419040     1.391505603
     0.713097740     0.336348883    -0.050370010
     3.886442209     0.280013400     1.643800496
     1.367922898    -0.557663627     1.711479726
     3.809059161    -0.151027006     2.943577104
     0.648847547    -1.106219186     1.434501392
     0.541556832    -1.070033344     2.214749735
     0.466752133     0.180549290     0.009216282
     1.807891355    -0.399151463     2.688216817
     1.767715542    -0.472428228     2.497545042
     1.642379977    -0.449341607     1.931761849
     0.964632487     0.282042618     0.003276102
     0.731782398    -0.863499476     1.940130998
     0.463845816     0.187868838     0.009057251
     1.133495890     0.582753772     1.338698230
     0.992196226    -0.801989960     1.584574118
     0.698903482    -0.604552702     0.233310493
     3.661229407     0.021173795     2.243412419
     0.209615936    -1.161368632    13.841534914
     0.416560041    -0.335072391     5.818465645
     0.867493605    -0.703352625     0.754689777
     1.680354462    -0.170683732     0.868545230
     3.843056581     0.179044559     2.171141852
     1.285142452     0.602074649     0.706205246
     1.481733348    -0.627675305     1.428306462
     2.933148808     0.299396625     1.197846332
     3.604587112    -0.048715914     2.626807324
     0.425503600    -0.849492108     5.531092334
     3.287724485     0.231790182     2.361253147
     0.644950071    -0.963607429     5.884154323
     1.026692145    -0.780010864     3.112524500
     1.680976316    -0.520659516     2.621185034
     3.561153059    -0.400764211     3.262489185
     1.090018158    -0.803777197     2.253309937
     4.923393321    -1.168998550     1.849371209
     1.444768832    -0.613275584     1.528812751
     4.359041503    -0.142146886     1.971815137
     3.597349864     0.447820243     0.957813743
     0.767401848    -0.749022216     2.933617728
     1.488932599    -0.873856624     2.964373304
     0.379550271     0.690104817     1.398607537
     0.454117263    -1.090575617     3.005484833
     0.460834316     0.195135601     0.009027832
     2.994318867     0.171026759     1.466157196
     0.460120589     0.392824227     2.594054878
     0.584548196    -0.682975537    -0.133512761
     1.434376255    -0.473930377     2.110858574
     1.471941205     1.193600891     3.292617975
     4.773391428    -1.420234521     2.070991388
     0.769105988    -0.175207462    -1.541922930
     0.401291820     0.425680754     0.548603611
     0.712785667    -0.917800971     2.158148378
     0.580596959    -0.305325489     3.026961034
     0.531772404     0.335535523     2.966737173
     0.499518837     0.896465207     5.963523569
     3.563518147     0.313727888     1.710172520
     0.878386551     0.224459772     1.356508428
     0.456097694    -0.985537699     5.012185406
     0.698371894     1.118244038    10.625127997
     1.084438032     0.476198654    -0.367319952
     0.555095152    -0.526694102     2.620624385
     1.355227047    -0.731353733     2.122959939
     0.457710138     0.202350996     0.008994399
     0.397128138    -1.317203236     3.444430404
     0.396511089    -0.913827983     7.774147218
     1.365103246    -0.907958339     3.482202738
     0.243314559     0.818837960     4.258711820
     0.233869136    -0.979636069    11.416221005
     0.737791028     0.076719510    -1.993646895
     0.146267784    -1.120068997    14.423450574
     0.320262184    -0.486541314     9.996189987
     0.438312486     0.987791288     3.699447756
     0.459543175    -0.714777393     4.070258021
     0.454398022     0.209483054     0.007320072
     1.373063954    -0.774941156     2.647595498
     0.437763829     0.639406103     0.213839305
     0.451128214     0.216631169     0.009019041
     3.435637234    -0.548140517     3.969674215
     0.447671284     0.223695216     0.009086960
     0.659245607     0.947739468     5.304163615
     0.431664625     0.330196909    -1.877262818
     0.607205271     1.155989959     4.502678873
     2.224250404     0.542846951     0.243909517
     0.709155747     0.174976275    -1.405070954
     4.062639905    -0.508938966     2.729051953
     0.502529567     1.009966425     3.373498922
     0.444107544     0.230710109     0.009277512
     2.321735460    -0.085307913     1.898436825
     2.548860128     0.623522742     0.741790343
     0.440441519     0.237676532     0.009681168
     0.680902948    -0.708877802     2.397738474
     4.062677202    -0.052436594     2.210195535
     1.626930155     0.505391826    -1.952489205
     0.712069829     0.755574739     3.490916414
     1.234980802    -0.681781918     2.547363795
     0.618384148     0.649831359     2.730564291
     0.436655001     0.244620841     0.010242303
     5.136797880     0.055394745     1.513916378
     0.610918702     0.596627452     1.643104577
     0.792826428    -0.562364292    14.589900178
     2.409756176    -0.649954935     3.632608652
    -0.005778585    -1.158372328     9.406080032
     0.476447050    -0.207727440     3.978207592
     5.318296478    -0.657101696     1.620750341
     0.584306124    -0.598572360    13.829146047
     0.007323547     0.984383669     2.641667705
     4.149580033     0.634665441     1.216830509
     3.978759926    -0.096925943     2.656524048
     0.211334395     1.073347027     3.699612502
     0.263128239     0.964307935     2.977227280
     2.798777523    -0.475713510     2.741559547
     2.162320574     0.670970042     1.140893838
     3.879362721    -0.172974274     2.632994078
     0.432819746     0.251430657     0.011108543
     2.233359204     0.915691097     0.746477031
     4.484411940     0.193531181     1.451466803
     0.396002898     0.775452746     3.460972640
     0.407490842     0.687039472     2.728387578
     2.074407581    -0.575963158     2.310307163
     4.688235991    -1.706196017     1.945837299
     0.029057265    -1.171946292    12.200655769
     0.404653890    -0.605189074    13.615490676
     2.168335258     0.751208809     0.549726648
     0.155494814     1.493480082     2.814580560
     0.428850665     0.258231197     0.012026236
     1.295248174    -0.372096392    -0.246084079
     1.438636176    -0.836582309     3.390934775
    -0.060284425     1.029920269     2.330710195
     0.327929814    -1.048453934     6.753426514
     3.300811358     0.178966840     2.656262339
     0.700666841    -0.374383614    10.624044390
     0.424704592     0.264928267     0.011321737
     1.098277192    -0.890601340     1.483477025
     0.597212824    -0.573514242     1.601447333
     0.049792546     1.082588626     2.039507420
     0.073598729     1.177214568     2.329871553
     0.414557401    -0.734490883     5.648918031
     0.117724977     0.917178231     2.688529593
     3.401472811     0.197803157     2.114619635
     0.164712440     0.994299712     3.342723139
     4.524514281    -0.006663074     1.726061142
     3.315695722     0.599349932     0.648809301
     0.476004902    -0.580493217     5.251520178
     0.420493336     0.271706753     0.012884908
     0.708462976    -0.136448151     7.091976164
     1.153114528    -0.977151263     1.615409499
     0.297530874     0.912063236     3.229868385
     0.884096059    -0.899099448     1.664003118
     0.514214725    -0.549068122     3.464581636
     2.873370620     0.226918001     1.930824532
     0.488661259    -0.691983836     6.654188018
     0.416394302     0.278621219     0.020370020
     0.412333630     0.284962023     0.024526160
    -0.103815557     0.813069231     5.304439923
     1.880080707    -0.542176272     2.630135792
     0.516979989    -1.035414892     3.743515394
     4.747004363    -0.521032995     1.512608933
     0.249582063     0.757216744     6.453044271
     0.407696095     0.291014013     0.018198736
     0.428917857     0.307930468     0.477459516
     0.402763170     0.297323453     0.012489229
     0.397901238     0.303737840     0.011743139
     2.865766665     0.549404124     1.092138763
     3.278940354     0.218986583     2.886983011
     0.373154647    -0.915455751     8.542260439
     2.062273433     0.689678449     0.553777769
     0.393099888     0.310190436     0.015010970
     0.388411027     0.316607445     0.022153965
     0.383590273     0.322718723     0.025853613
     1.740961134    -0.538780440     3.192166819
     0.210926623    -1.113394125     9.040423527
     1.326348143     0.388916385    24.203539795
     1.947110973    -0.237577242    39.588563084
     2.349450287     0.475417159     0.740194097
     1.209346230    -0.667742323     0.206522712
     3.087327175     0.200110106     1.757820784
     4.491010069     0.258561839     1.276703249
     0.378228406     0.329115770     0.027558432
     0.245727183     0.623152602     3.056330712
     0.956067493    -0.949911974     1.606327690
     1.121815668     0.012493421    14.142551671
     3.111829044     0.097890758     2.590124248
     1.478435316     0.096338514    27.867787607
     1.436651497    -0.921486299     4.384114618
     3.062260622    -0.145272949     5.994332755
     0.997320667    -0.157332956    13.056045139
     0.373618784     0.336577412     0.057492145
     2.824444272     0.021385939     2.448509635
     0.711681829     0.236692633    -0.299638532
     1.820970771    -0.476611558     2.454456920
     0.363661613     0.345135711     0.027472631
     1.351668063    -0.554687033     1.233793253
     2.040737775     0.367672770     1.622161552
     0.971708787    -0.250544652    13.758520368
     0.996477889    -0.339877915    15.486573203
     0.357118818     0.350867604     0.012943451
     0.351214979     0.356568264     0.009961767
     5.089911056    -1.485221000     1.847112067
     2.690736619    -0.108379966     2.976267313
     0.345461815     0.362122616     0.009636980
     0.783261603     0.197139167     0.510421289
     0.681596758     0.083623263     0.444474984
     0.339696108     0.367601336     0.010586831
     0.333904114     0.373071807     0.013590622
     3.027218378     0.126328524     1.991155087
     0.625690536     0.432453132     7.873738029
     0.770662756    -0.082588080     8.346646152
     2.079384934    -0.207924631     2.930035395
     2.799073207     0.117653399     1.961725632
     0.786080447    -0.126778596     9.268910983
     0.415803272     0.359399090     1.740332447
     1.898063833    -0.042440210     1.087462997
     1.038762065    -0.706091490     2.393778568
     0.328168203     0.378510623     0.019384011
     0.737428507    -0.061843522     7.705729372
     3.221637664    -0.200083813     2.564627677
     0.322470772     0.383654327     0.023641567
     0.285361868    -0.807830460     8.071458846
     0.706307199    -0.027108340     6.838132935
     1.800456163     0.035965127     3.902977708
     2.766738843     0.712981414     0.959501618
     3.729853754    -0.047362060     2.967108753
     1.356933099     0.352213963    -0.973461281
     4.758093026    -1.690058361     2.009221616
     0.538703392     0.112451327     2.344434958
     0.316470997     0.388397631     0.020221284
     0.923729006    -0.058940589     1.016985702
     0.869404101    -0.524005279     0.517822667
     0.503698005     0.233959184     1.580086918
     0.510567380     0.195870424     1.700920418
     0.310140262     0.393088252     0.014206399
     0.303750618     0.397832305     0.010802549
     0.297395943     0.402467455     0.008593022
     0.290980774     0.407163660     0.009145484
     0.284536357     0.411691314     0.009117886
     2.999095933    -0.165412546     4.736223450
     0.223186311     0.714100159     2.830698256
     2.561279733    -0.049326604     2.740716890
     0.943436971     0.017120320    -1.123277332
     2.698801929     0.255299637     2.190576890
     0.069158420    -1.140566432    10.597637542
     0.278023139     0.416122391     0.009198508
     2.737745058    -0.536934974     3.226045547
     0.552358536     0.124931997     2.820268389
     0.189945612     0.755246396     4.223929313
     0.321913331     0.638750804     1.632240505
     0.540739945     0.127522901     2.640207418
     0.271400979     0.420458345     0.008978822
    -0.244444331    -1.576322320    23.859782157
     2.751641369     0.543304712     1.301584085
     0.508195288     0.219792688     0.673637187
     0.652764252     0.259368322     3.422009783
     3.004101318    -0.266229539     2.307937688
     0.443449420     0.893857539     3.803355048
     0.620826067     0.180030969     2.911686712
    -0.243148847    -1.295196551     2.521904262
     0.264404825     0.424793124     0.007291924
     0.566811330    -0.066445757    -0.954756381
     0.572916943     0.091045365     3.642480603
     0.552828784     0.104848184     3.209107933
    -0.618137992     0.354791809     0.911593612
     0.526848342     0.122490021     2.625377934
     1.622723723     0.644855457     0.035084324
     0.037629041    -1.223073963    12.283598725
     2.606930909    -0.299036951     1.569824988
     0.273150587     0.537581447     1.652209719
     2.628185578     0.076569993     3.348974495
     3.368999970    -0.394251637     3.319445732
    -0.515369895     0.571599391    -2.672196584
     1.129295298    -0.296342262     1.793200555
     0.580033139     0.458231829     0.085914100
     0.099468145     0.774327429     3.586138506
     0.382809060     0.372372700     0.330719617
     1.598307662    -0.140980824     4.145472454
     1.882787600    -0.037510960     1.308967095
     0.265711728     0.673646518     3.917572752
     0.257090636     0.429312210     0.008224287
     0.249800430     0.434650807     0.026610807
     2.266605299     0.324814968     2.394792759
     0.507256982     0.154985035     2.296745550
     2.383306664    -0.127076227     1.445002287
    -0.113856550     0.924548122     1.658795788
     1.834759538    -0.177779196     2.017017796
     1.686120923     0.833113982    -0.062565611
     2.504363921     0.365686410     1.507136966
    -0.188457952     0.747696607     1.473259126
    -0.372438602     0.502791492    -0.143817556
     2.576469556     0.107191445     4.120774672
     0.669190390    -0.803915110     2.635152541
    -0.444703678     0.642497794    -0.830167553
     1.180480985    -0.258361955    -5.030459457
     0.688447956    -0.126494195    -1.003549195
    -0.481133644     1.066650143    -0.496524073
     0.871409573    -0.478197708     1.265437341
     0.768633493    -0.364689341     0.907332571
     0.620638008    -0.853459734     2.875326776
     0.237636236     0.440427816     0.009057251
     0.230694599     0.444101280     0.009023355
     1.139006641     0.335245636    -0.467389934
    -0.047627220     0.903022463     2.701319099
    -0.378855452     0.949421940    -0.636346888
     0.622335514     0.200534738     1.681627985
     0.472523634     0.240255332     1.723742558
     0.321882958     0.850775226     2.762425651
     1.559167225     0.660213897    -0.090643601
     2.576150818     0.279946796     2.190948140
    -0.642754358     1.308704822    -1.548148118
     1.066081716    -0.179694611     0.579159615
     2.240768146     0.251622289     3.351418943
     2.189979156     0.292390111     2.511476938
     0.564372968     0.145665495     4.192325325
     2.195342988     0.433599194     2.440565760
     0.223698619     0.447662783     0.008965299
     0.216664307     0.451103055     0.008852405
     2.341481286     0.366262060     2.111557719
    -0.597734987     0.787645593    -0.876036749
    -0.324231712     1.011469240    -1.178532439
    -0.873058013     1.098591591     4.555751575
    -0.622231199     1.146442595    -2.455569871
    -0.866389320     0.736603467    -1.311735590
     1.969983105     0.328234692     1.751077974
    -0.854450476     1.148021088     1.288202857
     1.711254470    -0.009107212     2.579510213
     0.209632397     0.454396843     0.008549909
     2.785098015    -0.202058948     2.355906353
     1.450798354     0.434846124     0.082278446
     2.761043137     0.028563655     2.521795364
     0.499421962     0.910834939     4.441801841
     1.800962184     0.232311272     0.705565403
     0.979234750     0.286272851    -1.030090972
     0.877209848     0.094482908    -0.444077451
    -0.096164102     0.807997726     5.684646391
     2.553166644    -0.586484836     3.883845670
     0.085620851     1.352111578     4.083630793
     2.409788154    -0.177020073     1.853130321
     0.202724469     0.457457652     0.007403956
     0.814421733     0.108212259    -0.974042262
    -0.581940057     1.014924061     0.543869689
     0.608411645    -1.154750082     2.085499191
     2.002701260     0.410523341     1.446634078
    -0.915424129     0.900345194    -2.319785920
     2.661977780    -0.054493144     2.958132056
    -0.396622201     0.831929613    -2.439174170
    -0.808021659     1.304926590    -0.689858881
    -0.131567649     0.762532599     2.791730571
     0.717504563    -1.035041283     1.557852269
    -1.203832951     0.564550673    -0.242718262
     0.344023500     1.178987629     3.458928753
     1.168498190    -0.285207631    -0.570273790
     0.449710075    -0.680551307     4.375571265
     0.207302375     1.469156703     3.507765859
     2.484753632     0.238634158     2.995969439
     2.957150914    -0.113253064     2.670417505
     0.189221570     0.463410862     0.011230523
     2.501291530    -0.079315852     2.178885006
     0.345818523    -0.929969389    10.607357684
     0.181140330     0.466505874     0.008903190
     1.445354453    -0.457916315     3.331155670
     0.173340733     0.469476737     0.009212953
     1.249946599    -0.559636840     0.251293891
     0.561146012     0.425722144     4.854760882
    -1.086290141     0.862288431    -0.951983096
    -0.872578699     0.985013744     0.655515423
     0.917215406    -0.526525851    -0.406520740
     0.956442892    -0.315605000    -1.790263478
    -1.449914489     0.522046487    -0.228715004
     1.038772717    -0.303621868     0.670188818
    -0.582975910     0.966758577     0.881215111
    -1.319743304     0.785868842    -1.341038146
     1.292583896    -0.641464518     2.832767259
     0.165855976     0.472169277     0.009144996
     0.158392146     0.474720057     0.009048518
    -0.600395014     0.713839321    -4.965284061
    -0.066306053     1.201595381     1.899654225
     0.671457829    -0.425169989     1.137157915
    -0.188781246     1.211149037     0.660198691
     1.524798091     0.633601656     0.283678431
    -1.146111114     1.077149202    -0.940765730
     1.594631863     0.660782320     0.154264833
     1.306743386    -0.012382033    -0.043020811
     1.204063028    -0.378169773     0.565760608
     0.150892693     0.477067476     0.007345435
     0.143390033     0.479462349     0.009001385
     0.834079675    -0.424481304     1.156917001
     0.539176572    -0.020515238    -1.444063139
    -1.453750770     0.142494845     0.502166220
     0.135837915     0.481656707     0.009006911
     0.989338602     0.427052343    -0.158658072
     0.575820801    -0.173534491    -0.705709231
     1.988947346    -0.005864893     2.213708514
     2.771797295    -0.064665931     3.377152027
     1.424844492    -0.313239628     0.283235543
    -1.337590383     0.414609264     0.906898682
     0.473871871    -0.675415962     7.088718321
     0.190385092     1.551249075     4.227782772
     0.728945427     0.620332326     2.870604359
     1.648557849     0.364365203    -0.780771832
     1.741324516     0.006657827     2.754152997
     0.128248193     0.483735834     0.009063549
     0.614594461     0.217429916     6.428236893
     0.300610046     0.727558936     2.351387526
     0.825576246     0.985625671     3.474374629
    -0.211613383     0.927384014     0.855211446
     1.166791191    -0.264468751    -5.313816812
     0.120613960     0.485708067     0.009305297
     1.433859111    -0.265998733    -0.367460009
     0.112923637     0.487602710     0.010266457
     1.749343477     0.960322795     0.580913230
    -1.156457496     0.183648911    -1.332656108
     0.734384249     1.326575803     3.818016983
     0.105160925     0.489468186     0.012859720
     0.417292072    -0.539837632     4.386833666
    -1.129156800     0.360484388    -0.460929311
    -0.696193518     0.333770028    -0.956632486
     0.008375884     0.832176387     4.415669445
    11.056915727     4.366361871     0.997556020
    -1.045197097     0.506813928    -1.705924576
     0.567238068     1.600958968     3.963929166
     0.445526776     1.268521656     3.665902614
     0.097680183     0.491270954     0.017864063
     0.512072552    -0.193881160    -0.288591605
     0.936300944    -0.541729586    -0.014220115
     0.683884966    -0.333889146     1.005453447
     1.205668773    -0.458755800     1.793509101
     0.995685328    -0.359531122     1.019705320
     0.709593362     0.866752478     3.897931278
    -1.074522194     0.609960566    -1.802116599
     0.810540850     0.054540569    12.162650597
     0.299567641     0.753774802     3.337090707
     0.872565165    -0.544334471    -0.066492202
     0.779430255    -0.176408545    -1.125808120
     0.664560206     0.083497453     8.928616479
     1.099162877    -0.510737055     1.389749367
     1.052888671    -0.480823105     1.232246697
    -1.082980522    -0.146378528    -0.290369485
     1.128537934     0.154425373    -1.456061830
     0.391793066    -1.246396779     0.937123803
    -1.522662275     0.778804417    -1.091027026
     1.216700578    -0.250228337     3.368597028
     0.421685584    -1.088884160     4.560123290
     0.880345454    -0.196351762    -0.192183342
     0.869220858    -0.068978955    15.032709714
     0.090129435     0.492554875     0.014770648
     1.195558457    -0.063498869    -0.535853180
     1.276711082     0.312915454    -0.538124137
     0.662379097    -0.380593007     2.228564055
     0.082295816     0.493722719     0.010797479
     0.074451697     0.494898032     0.009446444
     1.047789792     0.228269581    16.604963052
    -0.872590216    -0.238176757     3.354901847
    -0.694373134     0.545104633    -1.718516717
     0.540983507    -0.254395529     0.511171641
    -1.257790993     0.177448288     1.049392579
     1.852958155     0.149826773     2.039187416
     1.882767104     0.620914342    -0.854020526
     0.673915571    -0.549147924     2.028178723
    -0.860689280     0.531164573     0.766128637
    -1.276389785     0.271112389     0.653041080
     1.881540855    -0.187795882     2.066706757
    -0.458297527     0.449767890     1.240528548
     0.798361210    -0.287984620    -1.088070146
     0.260130993     0.623905181     1.634500766
    -0.661257059     0.597722384    -1.087437084
     1.608903426     0.157500569     0.283346560
    -0.744765772     0.368901550    -0.099722107
     0.972713722     0.647432350     0.775556177
    -0.601903004     0.338488503     1.806540473
    -0.405816878     0.579717514     2.646191092
    -0.989985060     0.361123133     2.173398723
     1.536796850     0.052713273     0.450783223
     0.955852162     0.162430917    15.098844820
     0.925260070     0.444416829    -0.243066536
    -1.067870149     0.291394420    -0.101036043
    -1.025404690     0.322956503     1.381085352
     1.535022021    -0.179460123     0.505986560
     0.945508632    -0.251365177     1.119818121
    -0.769280680     0.155266704     2.747480598
     1.054703992     0.219364644    -0.155854196
    -0.894950744     0.229780235    -0.273476285
    -0.947079819     0.242430462     3.241719049
     1.006639130     0.074682817     1.159319150
     1.095101265     0.072453458    18.751650090
     0.913488263     0.397496771    -0.403563866
    -0.842571892     0.346872569     1.574224791
     0.066636200     0.495993206     0.009097253
     1.531331202     0.323747907    -1.027440636
     1.195552307    -0.159491284     0.903362118
     0.579482301     1.254759947     4.788346841
    -0.800828358     0.105555285     2.097440351
     0.058824103     0.496930711     0.008113344
     1.117842352    -0.126577637    -0.645232153
    -0.674464543     0.236056940    -0.803084173
     0.051005218     0.497783460     0.007903483
    -1.000012615    -0.321846989    -0.660219431
    -0.649115652     0.455792014    -1.363090182
     1.286487408    -0.036789859    23.606032671
     1.346705708    -1.211591543     1.742921267
     1.633298625    -1.135600473     3.495845466
    -0.836070178    -0.011622020     4.208063304
    -0.716457169     0.267125555    -0.342376054
     1.384614454    -0.222860039    27.366826357
     0.657800097     0.707651673     2.903993397
     2.018444308     1.016139564     0.542370382
    -0.867919798    -0.093658695     5.020402222
     1.255145178     0.733187030     1.315181039
     0.043181718     0.498574460     0.008927589
     0.769472082     0.831195159     2.891394059
     0.956203195    -0.100919630    -1.542632798
     1.056235697    -0.181657110     0.627304080
    -0.610110572     0.338936569     3.260477719
     0.421390099     0.684507113     2.637451040
     0.035339666     0.499112444     0.007348274
     0.906955118     0.610240849     0.712722735
     0.027495121     0.499605396     0.007336486
     2.699549082    -0.071782308     3.843438634
     0.019644007     0.499974049     0.007304571
     0.822177250     0.375937218    -0.442792705
     1.759219037     0.387235394    32.009409544
     0.510467767     0.430867362    -1.081769531
     0.011789914     0.500288310     0.008652672
     1.534962229     0.278746900    27.672822975
     0.500106893    -0.313769737     2.185955473
     1.769496487     0.193129434    32.895245511
     0.003929421     0.500349275     0.007402517
     0.728431913    -0.481928870     0.706524844
    -0.003930606     0.500428536     0.008987877
     1.875444294    -0.218073237     2.133472484
     1.486620079     0.232388112    27.094645491
    -0.011790659     0.500220954     0.007306285
    -0.019648696     0.500058775     0.009001460
     1.196777666     0.622570806     1.464438651
    -0.027503222     0.499689958     0.009034064
     0.427001982     0.863328147     3.613138530
     0.426998432    -1.034698104     7.325256296
    -0.035354290     0.499201044     0.009136509
    -0.043220790     0.498536675     0.008242214
    -0.051041478     0.497884561     0.009988923
     2.049636142     0.123896305     1.199244237
     1.001706500     2.511698744     1.535666782
     1.788891623     1.441073875     0.971932689
    -0.058875407     0.497048811     0.010579668
    -0.066630806     0.496096685     0.011134042
     0.736957336     0.813648003     3.098571271
     0.605542661     0.312537173     1.739104726
     0.472991121     0.294798926     2.992583703
    -0.074366427     0.494958933     0.010397384
     1.898034592     1.656511719     0.916489741
     0.458854605     0.413433749     2.453957121
     0.609084002     0.381869808     0.532550904
    -0.082148265     0.493700684     0.009877731
     0.684261516     0.447345997     2.423066339
     1.706862192     0.667256831    -0.265852380
     0.953352926     0.198067966     2.232280020
     0.562006244    -0.007716468    -1.335116409
    -0.089899794     0.492324542     0.009412661
    -0.097610132     0.490784373     0.008046050
     1.034387167     0.342349053    -1.297623733
     0.499531152     0.270010783     3.809865596
    -0.105331953     0.489244180     0.009198054
     0.458365220     0.705614578     3.897504187
     0.367690995    -0.872208123     8.950920757
     0.349420301     0.885524639     3.729277148
     1.357860919    -0.994160649     3.024395950
    -0.113009161     0.487531705     0.009268915
    -0.120658930     0.485704655     0.009455843
    -0.128275570     0.483761619     0.009702345
     0.563875392     0.454112022     2.959445576
    -0.135853657     0.481695301     0.009835285
    -0.143396135     0.479497913     0.009717813
     0.258725868     0.602122950    -0.128394892
     0.352720676     0.504905643    -0.435727686
     2.121402769     1.468406086     0.849904290
     1.085666998     0.139002141     1.288186772
     0.916843733     0.672224239     0.822297592
     0.461144876    -0.700606771     6.115629746
    -0.739051153    -0.472794667     8.265194015
    -0.150912963     0.477171233     0.009446229
     2.356552979     0.158542867    45.242334450
    -0.158419618     0.474719626     0.009214276
    -0.165980446     0.472046310     0.007650913
    -0.173730701     0.469353862     0.009617842
     0.434441482     0.453047727     3.451808406
     0.926168633     0.347726533     0.791941319
    -0.181962182     0.466153440     0.008336017
    -0.195470655     0.460603240     0.007391345
    -0.845757816    -0.039670902     0.570589648
    -0.202400401     0.457602758     0.007430040
    -0.209525702     0.454469811     0.008981065
    -0.216595902     0.451045608     0.007224393
     0.339737033     0.518994009     1.293310732
    -0.869178289     0.024565650     2.445470117
     0.764780224     0.467461197     0.779755299
    -0.223683777     0.447668323     0.008931720
    -0.230679429     0.444097569     0.008817630
     0.402285144     0.478477196     3.770857670
     0.692865999     0.670607323     2.521765723
     1.803896723     1.018437811    36.268110957
    -0.237609907     0.440411451     0.008519168
     0.888974208     0.214609371     1.224947361
    -0.244472025     0.436603336     0.007886305
     0.708582977     0.832448515     4.091357355
    -0.251276735     0.432669412     0.006962460
    -0.258047786     0.428628985     0.006335823
    -0.796884241    -0.363974527    -1.249021001
    -0.264784276     0.424518821     0.006645148
     0.789361002     0.376969702    -1.381091976
    -0.271395259     0.420176328     0.004178383
    -0.278034565     0.416062326     0.008326632
    -0.284537098     0.411667528     0.008734992
     0.855751246     0.455276255    14.567715085
     1.582350053    -3.474539256     0.194052008
    -0.290922404     0.407072883     0.006989608
    -0.297325223     0.402542474     0.008959136
    -0.303610832     0.397824220     0.008977440
     0.534881061     0.389596315     6.546417429
    -0.309821880     0.393006755     0.008982619
    -0.315956621     0.388091936     0.008983236
     0.770291057     0.678049897    12.901602804
    -0.321958962     0.383016059     0.007283333
     0.761668119     2.377545470     1.692790379
    -0.327990723     0.377975823     0.008977234
    -0.333831245     0.372714774     0.007297897
    -0.339702202     0.367487771     0.009001435
    -0.345432243     0.362106313     0.008992797
    -0.351077031     0.356635507     0.008983821
    -0.356635541     0.351077067     0.008984804
    -0.000202075     1.144558155     2.894897573
     1.991238509     0.263609109    38.936641732
    -0.362106032     0.345431980     0.008985115
     0.463487040     0.774748479     3.095332911
     1.441631463     1.009057558    29.780695831
     1.735924690     0.800452197    34.546396555
    -0.332435540    -1.075530632     0.231584425
     2.345872070    -2.146983186     1.271837004
    -0.367487166     0.339701661     0.008985190
     0.459127555     2.366045358     1.018229757
    -0.372777610     0.333887539     0.008985181
    -0.047230501    -1.329221945    24.379546950
    -0.000892647     0.759056041     3.592899000
    -0.377976025     0.327991096     0.008985177
    -0.927553635     0.036099436     0.663820760
     0.816057618    -0.809769964     1.431705580
    -0.037490650     0.951291707     2.508154574
    -0.334556159     0.661367318     2.933940957
     1.187699029     0.595830606    22.731171588
    -0.538660271    -0.842819432    -1.693971841
    -0.383081109     0.322014010     0.008987661
     1.069714975     0.632089368    20.663243932
     1.498602407     0.720300063     0.127879525
     0.470152310     0.346614894     3.322926846
    -0.388091117     0.315958177     0.008990169
     0.848880182     1.001418100    19.550545975
    -0.731972347     0.229868381     1.140584566
    -0.393003470     0.309826791     0.008991825
     0.601268613     1.175892045    18.371604833
    -0.397812763     0.303627445     0.008996881
     1.259553092    -0.339174191    -0.133874741
     0.304265931     1.158026023    15.018477483
     0.344018943     1.044448649    13.439008554
    -0.359613780     0.655395859     3.549134871
     0.293890526     0.986656311    11.970734536
    -0.888386693    -0.016076179     5.150513428
     0.259851721     0.954596866    11.125483026
    -0.402503581     0.297382193     0.009010598
    -0.224592464    -1.400545909     3.162538385
    -0.732858878    -0.218385465     1.012199231
    -0.407026206     0.291161647     0.009014351
    -0.278587552    -1.324127453     1.824574751
     0.273415096     0.937331034    11.040951860
     0.288161321     0.929873454    11.160776833
    -0.166035427     0.844184816     5.716958031
    -0.563286391    -0.426398953     2.251551406
    -0.391644920    -1.296013053     0.087780732
    -0.289156604     0.714724068     3.342606991
     0.252236403     0.904792479    10.403854592
    -0.263259715     0.759741205     3.291895444
    -0.586189976    -0.634599969    -3.161355551
    -0.808337662    -0.293146909     6.160815376
    -0.520335505     0.693796603    -1.284603115
    -0.893650783    -0.224408165    -0.390677872
    -0.414293486     0.279977593     0.000776977
     0.196311186     0.842041710     8.766606177
    -0.420239203     0.271788265     0.009503750
    -0.424577403     0.264482179     0.004444728
    -0.428718829     0.258153529     0.008966103
    -0.432647935     0.251343655     0.007263254
    -0.107461265     0.906942192     8.534593820
    -0.290985187     0.797851492     6.978747091
    -0.584353146     0.512715183    -2.123559815
    -0.248512389     0.795758459     6.697965096
     0.622407762     1.245456437     4.250254031
    -0.438952658     0.240008546     0.005932328
    -0.444100545     0.230692079     0.008987072
    -0.326517595    -0.422554730    -2.462059459
    -0.429945992    -0.366501503    -3.375989640
     0.072971586     0.759031428     3.952668965
    -0.447594674     0.223651088     0.007321854
    -1.244191241     0.406788006    -0.271619780
    -0.451127729     0.216628476     0.008986981
    -0.454474771     0.209515744     0.008987770
     0.441932924     0.935127805     3.696817238
    -0.457631402     0.202316663     0.007276500
    -0.903278391     0.511579262     1.360779332
    -0.381795942     0.740451913     6.661437159
    -0.272542739    -1.167609201     2.180045665
    -0.460493698    -0.370542208    -3.426592225
    -0.550280026    -0.372656737    -2.797914243
    -0.460831488     0.195136898     0.008985866
    -0.480786833    -0.422551136    -2.568965874
    -0.375377287    -0.433965788    -2.612797790
     1.172798284     2.023347395     1.906074762
    -0.463761312     0.187841958     0.007288968
    -0.353469589     0.695081091     2.801461483
    -0.466738106     0.180567060     0.009082848
    -0.612364972    -0.720239543    -1.782939505
    -0.469512328     0.173211139     0.008982985
    -0.473023381     0.162858034     0.005772633
    -0.496525652     0.575680216     5.502808115
    -0.646282984     0.540609095     7.613896988
    -0.354335788     0.614592829     2.206460958
    -0.701425128     0.529876066     8.479670112
    -0.479603102     0.142529957     0.006799580
     2.034355379    -1.638103392     3.173032430
    -0.481630728     0.135239463     0.005271037
    -0.485688852     0.120626848     0.008994439
     1.848667840    -1.570846199     3.652250815
    -0.900232846     0.287959288     1.380934914
    -0.685915943     0.553573520     8.338456449
     0.563455270     1.017532004     7.184437599
    -0.848478514     0.477703513    10.847655267
    -0.849514012     0.509566435    10.974576906
    -0.720261398     0.698685641    -0.148174566
     0.864268992     0.360846698     0.114245619
    -0.930831306     0.575828585    12.918690894
     0.503383820     0.919518699     6.413842111
    -0.377580220     0.667965493     4.733926546
    -0.487520475     0.112995641     0.008989057
    -0.489234401     0.105327790     0.008989335
     1.053115525    -1.368355872     1.037476988
    -0.224751482     0.802152578     1.387641955
    -0.490828070     0.097631297     0.008985765
    -0.876416154    -0.099559546     1.158051264
     0.290247280     2.799710168     0.716022376
    -0.772738249     0.200291980     8.494658657
    -0.492217020     0.089893991     0.007276342
    -0.893736404     0.298004470    10.839272230
     0.404722553     0.771536348     2.961381285
    -0.493652588     0.082166279     0.008987991
    -0.494797635     0.074389388     0.007275462
    -0.495797462     0.066592919     0.005101985
    -0.763920706     0.212076941     7.972806893
    -0.969992705     0.140911309    12.450368870
    -0.524258842     1.140294866    -2.566038893
     0.530926285     1.461916973     4.017259527
    -0.925173591     0.232386365    11.153253812
    -0.496782182     0.058797553     0.005100940
    -0.497752549     0.050998747     0.007275300
    -0.952122101     0.332672087    11.644594969
    -0.498577508     0.043181492     0.008987931
    -0.499108847     0.035338801     0.007275289
    -0.499687853     0.027499486     0.008987931
    -0.910310630    -0.072453763     0.688415335
    -1.054788890     0.145437308     1.154697085
    -0.122169573     1.335405416     0.323402525
    -0.815863092     0.153847717     8.754086967
     0.013201904     1.729826317     3.169612153
    -0.499972585     0.019643976     0.007275294
     1.308262400    -1.446140177     1.598959869
     0.164830541     1.834994103     3.650887695
    -0.500304934     0.011790339     0.008985271
     1.155206199     0.188356743    -1.385239731
    -0.500428407     0.003930436     0.008985269
    -0.216560588     1.404976343    -2.375623212
    -0.500428408    -0.003930436     0.008985273
    -0.500304934    -0.011790339     0.008985273
     2.976102703    -1.917194012     2.263648406
    -0.499972505    -0.019643973     0.007273683
    -0.499687721    -0.027499479     0.008985273
    -0.689564679     0.007139674     6.920540950
    -0.499108767    -0.035338796     0.007273684
    -0.498577375    -0.043181480     0.008985269
    -0.045330268     1.629308750     3.240849852
    -0.789423346     0.027829911     8.638251489
    -0.280901899    -1.538429616     1.502924279
     1.415879925     1.341084967     3.217594366
    -0.497837602    -0.051007466     0.008985273
    -0.525154906    -1.265332577    -1.443584060
    -0.299656990     1.553487582    -0.598721821
    -0.856461720    -0.004999113    10.149740312
    -0.896578180    -0.035420394    11.095645755
     1.129053061    -2.039763626     0.329607246
    -0.496974994    -0.058820867     0.008985269
    -0.524688798     1.859979598    -0.157971644
    -0.495904948    -0.066608362     0.007273685
     1.253572378    -2.348324235     0.845090688
    -0.925834958    -0.064452983    11.816694730
    -0.494882159    -0.074402204     0.008985273
    -0.157894003     1.780560177     4.370050974
    -0.669487698    -1.834977867    -0.220995046
    -0.973809611     1.862412270    -0.628229886
    -0.933290547    -0.076851717    11.961572653
    -0.493568030    -0.082152245     0.007273685
    -0.245784516     1.839293328     1.112290726
    -0.492241342    -0.089899232     0.007773692
    -0.910869807    -1.806643431    -1.559598783
    -0.490746115    -0.097615472     0.007316419
     0.003267792     1.804600108     1.934494017
    -0.941317445    -0.091905879    12.144406620
    -0.489233869    -0.105329296     0.008985273
     2.284467287    -2.967585450     0.728472640
    -0.813993789     1.909953916    -0.048106545
    -0.425854581     2.103788564     0.904478753
     0.172019881     1.958775934     2.641549350
    -0.327864426     0.718570817     1.366888326
    -0.360937896     0.501680370     0.055421117
     0.661140096     2.113144911     1.988945667
    -1.077128887    -0.256156962    16.306504033
    -0.453325000     0.684938780    -0.728600150
    -0.487519073    -0.113000854     0.008985273
    -0.955571730    -0.128716818    12.551408249
     2.085395888    -2.259867960     0.769561260
    -0.919269954    -0.100989940    11.472104313
    -0.485600933    -0.120623899     0.007273685
    -0.928610933    -0.127745196    11.805668500
    -0.996803119    -0.232686843    14.104095560
    -0.853484472    -0.057622372     9.476368909
    -0.483646427    -0.128236526     0.007275311
    -0.783124680     0.016113182     7.405121608
    -1.280817710     1.805675354    -0.124387446
    -0.664574158     0.171638108     4.331758231
    -0.603995161     0.261793008     3.317162448
    -0.549784524     0.410465598     3.739566249
    -1.529461076     1.772449245    -0.799019003
    -2.007859531     1.813020152    -0.228125443
    -0.481654925    -0.135840738     0.008987934
    -2.902680740     1.077101211    -2.263395622
    -2.315859615     1.294005108    -3.733554632
    -1.716796105     1.702611403    -2.108506445
    -1.518372697     1.951127787     0.455638769
    -0.447176984     0.357617645     1.532612859
    -1.164500501     2.404838193     0.505403947
    -0.479461683    -0.143389448     0.008985273
    -0.477068751    -0.150877034     0.007275300
    -2.211939647     1.800675523     0.448819598
    -0.474721253    -0.158378992     0.008987932
    -3.093095386     1.209642463    -1.675095298
    -2.559746694     1.424662859    -1.739173927
     1.671905388    -1.943705926     0.901344476
    -0.472094185    -0.165787678     0.007275325
     1.092741911    -2.258855078    -0.245486021
    -0.873339396    -0.850294077    -2.469503532
    -0.469512202    -0.173212196     0.008987927
    -0.481233820     0.457885988     3.672865562
     0.658328977    -2.522334654    -0.005464482
    -0.466733456    -0.180565556     0.008985268
    -0.463839799    -0.187874461     0.008987923
    -2.050974787     1.524323817    -4.138759134
    -0.060801276    -3.288191780    -0.826395338
    -0.460831450    -0.195136910     0.008985272
    -0.457709521    -0.202351263     0.008985272
    -0.454474659    -0.209515688     0.008985272
    -1.677503020     2.053647372     0.840931508
    -0.644271847     0.576763606     7.683210315
     3.597267531    -0.711188412     3.472311143
    -2.257936659     1.496201741    -1.332311208
    -2.822208123     0.871527582    -3.295639060
     3.542838969    -1.739275040     2.378698985
     0.874796452    -0.289704090    -0.228638618
    -0.533148834     0.487843652     4.920202434
    -0.451127662    -0.216628418     0.008985268
     0.432014012    -2.978301336    -0.416727946
    -0.447669476    -0.223687758     0.008987927
    -0.444100595    -0.230691787     0.008985273
    -0.675111813     0.597857974     8.548725479
    -3.087750395    -0.105571019    -2.386454619
    -1.863942781     1.826205373     0.308467450
    -0.440422376    -0.237639020     0.008987932
    -0.436635254    -0.244527492     0.008985273
    -0.432740517    -0.251355693     0.008985269
    -2.286558702     0.588711140    -2.575315185
    -0.428739007    -0.258121877     0.008985264
    -0.899852896    -1.085076625    -2.076748476
    -3.716694082     1.555612974    -1.421512515
    -0.916351215     0.575713242    11.818406544
    -1.183471767    -1.049229711    -2.250660516
    -0.877588538     0.458494355     9.875411080
    -0.424631712    -0.264824372     0.008985265
    -0.472843176    -1.631445908    -0.489913879
    -0.981255062     0.139557084     9.988746001
    -0.014417338    -1.806207020     2.122283773
    -0.751118549    -0.989925678    -2.180217674
    -0.410730772    -1.653132734     0.313164609
    -0.967288893     0.177619863     9.741795793
    -0.420419646    -0.271461527     0.008985270
    -0.093357983    -1.813593990     1.144170576
    -0.416103848    -0.278031701     0.008985276
    -0.166824378    -1.811762101     0.409649350
    -0.741370931    -1.725243351    -1.759447616
    -0.411615019    -0.284484575     0.007273803
    -0.407010121    -0.290848490     0.005108830
    -0.402476342    -0.297273107     0.007275964
    -1.050021536    -0.091231538    11.611136267
    -1.084856724    -1.703527141    -2.215529325
    -1.128591801    -0.168568809    13.512679458
    -0.397825207    -0.303610421     0.008988148
    -1.252200657    -0.364520899    17.279174544
    -0.393007347    -0.309821395     0.008985920
     4.600696974    -2.664753876     1.475411671
     1.256101444    -1.222595997     1.636046703
    -1.467915356    -0.508538696    22.433648130
    -0.388031487    -0.315896287     0.007283833
     1.280689191    -1.583798064     0.819044328
    -0.383031628    -0.321941436     0.007296179
    -1.235759799    -0.738627491    21.163360712
     0.741903016    -1.997759781     0.291772709
    -0.345158281    -2.047997737    -0.097949660
    -0.377989109    -0.327977191     0.009000563
     1.763961045    -1.168968792    -0.471500904
    -0.372821995    -0.333840963     0.009025103
    -0.367638474    -0.339544650     0.009077692
    -0.358317101    -0.349352343     0.008984525
    -0.794099068    -0.979269665    19.606763850
    -0.835016235    -1.178047693    23.549837297
    -0.346369580    -0.361194788     0.008810014
    -0.339975537    -0.367222165     0.008817222
    -0.334049142    -0.372513001     0.007202974
    -0.328014797    -0.377953631     0.008957611
     2.436172522    -0.460480849     2.817910609
     2.105936443    -0.999715091     4.393191798
    -0.322020876    -0.383075277     0.008986734
    -0.315958789    -0.388090252     0.008984490
     1.301372021     1.057377673     1.569963810
    -0.309822496    -0.393006618     0.008988102
    -0.365595279    -1.435342992    27.382153529
     1.029414758     0.400527424    -0.470985504
     1.938704786    -0.454449851     1.871664594
    -0.664393022    -0.991358602    18.361366768
     1.198735777     0.711474235     1.104489206
    -0.876321644    -1.675575568    33.109898635
    -1.226216234    -1.778731478    37.335375767
    -0.303610631    -0.397824842     0.008984892
    -0.623101496    -1.911751139    36.594806458
    -0.297274035    -0.402475521     0.007273789
    -0.290964742    -0.407165433     0.008987890
     0.441529921     1.114459665     3.706535092
    -0.284533282    -0.411685378     0.008985260
    -0.009460277    -1.977689405    38.642922301
     3.106613939    -0.756202261     4.196678553
    -0.442831785    -1.960207324    37.002983124
    -0.879553500    -2.038955464    39.394338748
     1.497274239    -1.253226095     1.998986383
    -0.277984188    -0.416032665     0.007273595
    -0.217794079    -2.242944035    42.632207957
     1.198740059    -1.380182994     2.602346673
    -0.271415161    -0.420347810     0.007275275
    -0.264824443    -0.424631825     0.008987933
     1.521706869    -1.788140938     1.033514305
    -0.258121877    -0.428739007     0.008985273
    -0.251355760    -0.432740632     0.008987934
    -0.804893252    -0.755047356    -2.275535742
     1.052016424    -2.612309012     0.008353028
     0.137425131     1.416151278     3.442298713
    -0.244527619    -0.436635483     0.008990507
     2.222046160    -1.789662118     2.622516833
    -0.535060945     0.979387863    -0.185916484
    -0.370946765    -2.673569051    50.552300800
    -0.837288612    -2.451209885    46.514892847
    -0.237639020    -0.440422376     0.008987934
    -0.230691787    -0.444100595     0.008985273
    -0.223687758    -0.447669476     0.008987932
     0.869931765    -2.270246969    49.534084367
    -0.019681221    -2.194051859    40.929114506
    -0.216628418    -0.451127662     0.008985269
     1.696736025    -0.926836621     3.123957882
     0.555621457     1.235967290     4.732413748
     2.465889662    -1.228170729     3.399211848
    -1.114824891     0.323477234    -0.236967338
     0.705316410    -2.215107884    46.356147762
    -0.209479859    -0.454396941     0.007273682
    -0.202351263    -0.457709521     0.008985269
    -0.195136962    -0.460831573     0.008987932
     0.419323050    -2.603946176    -0.875320209
     1.734837639    -1.291915479     2.954997504
     1.722946551    -1.544835809     1.495071221
    -0.911461865     0.881383162     0.915326672
     1.485231756    -1.770353320    49.597900562
     1.419833912    -1.895263031     0.029186043
     1.159976275    -2.104787241    49.408003531
     1.065795236    -2.273176013    50.748464213
     0.985025378    -2.269169886    49.564870428
     0.959190655    -2.347563172    50.435296174
     0.971031054    -2.444884837    52.073889065
     2.081273433    -1.093809026     4.761900055
     1.685358278    -1.785111992     1.234732377
     1.051445963    -2.678716187    56.817304292
     1.051501014    -2.671036877    56.528146934
     1.030829030    -2.661753525    55.992968000
    -0.045992965     1.474411199     2.555922709
     1.045505400    -2.716264635    56.939355892
     1.934855612    -1.342452642     2.109900637
     1.029866215    -2.720410981    56.694522352
     2.230442661    -0.985866071     4.615412269
     1.908048571    -1.798500583     2.119991572
     3.217182435    -0.862027226     3.619180439
     3.458389920    -1.234956144     3.120945543
     0.973624879    -2.725478415    56.060706037
     0.976473209    -2.863973432    58.398169750
     1.843709323    -0.184625081     1.906478625
     2.526237932    -2.045980987     2.524443591
     2.252158266    -0.250378605     4.153839138
    -0.187874461    -0.463839799     0.008987934
    -1.046306145     0.896073456     0.275874287
     0.874841404    -2.925404649    58.427093425
     0.637230271    -2.996124597    57.701556007
    -0.390855725     1.486947916    -2.098683022
     0.141457542    -3.396654470    62.782439557
     2.416929866     0.044768714     2.410025455
     2.073509309    -0.466187090     0.747020317
     0.516520518    -0.731190577     3.616194845
     0.058136277     1.344521105     3.184952891
    -0.180565556    -0.466733456     0.008985273
     2.195453365     0.209330141     1.849351225
    -0.173212196    -0.469512202     0.008987932
    -0.165816006    -0.472174853     0.008985269
     2.200613173     0.358757533     2.520605599
     2.462178502    -0.134214655     1.765878247
     2.724565434    -1.244504698     3.651496002
     2.334110630     0.111189902     3.429840322
    -0.158351866    -0.474639946     0.007273682
    -0.150902815    -0.477150269     0.008985264
    -0.143389448    -0.479461683     0.008985264
    -0.135817472    -0.481572430     0.007273679
     3.456611826    -2.497469887     1.451003162
    -0.128258439    -0.483729069     0.008985264
     2.185581926     0.264826322     3.049334662
     2.011402400    -0.968686136     3.456502923
    -0.120623899    -0.485600933     0.007273679
     0.517325928    -0.002960527    -0.292402593
     2.175934883    -1.127345864    53.283205157
    -8.788693874    11.700120131   292.899953193
     1.952997676    -0.385204137     2.104153959
    -0.112981530    -0.487435704     0.007273685
    -0.105329296    -0.489233869     0.008985273
    -0.097631776    -0.490828085     0.008987930
     2.633152863    -0.682368677    60.074827481
     2.000903862    -0.699503139    47.227076432
     0.525568299     1.004218124     3.516629207
     1.769509774    -0.116001038     1.451805625
     1.877078838    -0.637562692     3.125164060
     3.188331684    -2.178979866    79.469648112
     2.044526353    -0.455099761     2.472519900
    -1.573857285    -0.171653502    -0.966828611
     0.691305412     0.339003625    24.941155611
     0.375042666     0.786599114     2.605036603
     1.324078006    -0.575681653     3.000642968
     0.643530333     0.295974884    23.577570262
     0.722453313     1.111123296     4.084229890
    -0.110149575     1.044667173    27.480880066
    -1.174506487    -0.553485752    -1.557397745
    -0.089910115    -0.492300935     0.008985264
    -0.082152245    -0.493568029     0.007273679
     0.393854726     1.675455692     3.923787432
     0.645812306    -0.459682574     2.321255477
    -0.074373327    -0.494690088     0.005100675
    -0.066593898    -0.495797265     0.005100675
     0.049249256     0.881488714    25.380010726
    -0.058798038    -0.496782111     0.005100675
    -0.493081129     0.737658866    20.385662375
     1.166844850     0.180682449     1.401158309
     0.958608169    -0.328516921    -1.554267799
    -0.050987670    -0.497644384     0.005100675
    -0.181574187     0.634374016    18.790781249
    -0.192600538     0.719030170    20.749386890
     0.622988342    -0.393786591     1.954226257
    -0.043164721    -0.498383870     0.005100675
    -0.229893413     1.039292662     0.026552015
     1.015108933    -0.022667650    -1.187816198
    -0.035331122    -0.499000387     0.005100675
     1.503655740    -0.162110141     2.379413226
     1.332176134    -0.280125352    -0.366845272
    -0.027488806    -0.499493784     0.005100675
    -0.174768083     1.019380756    27.501081667
    -0.019639708    -0.499863938     0.005100675
     0.251599362     1.512562165     3.370473247
    -0.675022567     0.841156473    24.278833014
     0.851537592    -0.235872965    -0.229398312
    -0.011788323    -0.500219378     0.007273679
    -0.003930436    -0.500428407     0.008985264
     1.095105442    -0.690778444     1.358925486
    -0.512923136     1.194643513    31.322742572
     0.003929764    -0.500342831     0.007273679
     0.011785763    -0.500110758     0.005100676
    -1.387752869     0.460514457    26.891587713
    -1.229416769     0.678159612    27.702366823
    -1.273005032     0.839584700    31.067202163
    -1.312499646     0.913651836    32.958834691
    -1.217502854     0.893297271    31.579818386
     0.528914259    -0.081578108    -0.659629408
    -1.041552412     0.870816663    29.310033032
    -1.053360113     0.963970485    31.301068753
    -0.965672848     1.107085822    33.332789357
     0.019639708    -0.499863938     0.005100676
    -0.807021003     0.463101345    19.655122307
    -0.864947715     0.706484759    25.143415447
    -0.837030085     0.806812340    26.983415638
    -1.074315854     1.017998094    33.399755047
     0.027488806    -0.499493784     0.005100676
    -0.886974928     1.447578799    40.273672714
     0.035331123    -0.499000387     0.005100676
     0.043164721    -0.498383870     0.005100677
     0.050987670    -0.497644384     0.005100678
     0.058798039    -0.496782111     0.005100682
    -1.404968478     0.922071096    36.323307415
    -1.342952140     1.585203127    47.014699642
     0.066593901    -0.495797265     0.005100690
     0.074373333    -0.494690089     0.005100707
     0.082134417    -0.493460855     0.005100743
    -1.575750085     1.211384612    43.614225880
     0.089875240    -0.492109869     0.005100820
     0.097593897    -0.490637464     0.005100980
     0.105288490    -0.489044007     0.005101312
    -1.946234413     0.326134921    39.006892120
    -1.855856443     1.000337620    45.104166619
    -1.227581975    -1.952538629    -1.733199181
    -1.705931258     1.717325446    54.130471219
     0.112957135    -0.487329894     0.005101983
     0.120597961    -0.485495560     0.005103319
     0.128209119    -0.483541476     0.005105909
     0.135788785    -0.481468157     0.005110786
     0.143335167    -0.479276176     0.005119633
     0.150846497    -0.476966167     0.005134955
     0.158321018    -0.474538826     0.005160001
     0.165756961    -0.471994894     0.005198133
     0.173152532    -0.469335085     0.005251518
     0.180535777    -0.466654655     0.007300521
     0.187874803    -0.463840153     0.008997065
     0.195137584    -0.460832013     0.009000876
     0.202321864    -0.457633609     0.007358926
     0.209519170    -0.454475920     0.009037334
    -2.053102851    -0.485411860    39.814779853
     0.216612501    -0.451059200     0.007613173
     0.223703963    -0.447678611     0.009296237
     0.230707238    -0.444089767     0.008935552
     0.237659134    -0.440443644     0.009553311
     0.244545817    -0.436675531     0.009867178
     0.251367700    -0.432773532     0.009676857
     0.258134923    -0.428762153     0.009516439
     0.264842067    -0.424610770     0.008817165
     0.271528020    -0.420431083     0.009898896
     1.014948731    -0.925195222     1.970739790
     0.278195267    -0.416138558     0.011380467
     0.284844691    -0.411817615     0.014703344
     0.291359707    -0.407415776     0.017655520
     0.297867603    -0.402580829     0.016027866
     0.305208015    -0.396889868     0.013636692
     0.320512837    -0.387314788     0.055103782
     0.327775053    -0.378085334     0.007806651
     0.338944191    -0.370027993     0.036224489
     0.344905597    -0.362602105     0.008918144
     0.351447759    -0.356284173     0.009188295
     0.358519559    -0.349303335     0.011217703
     0.668661603    -1.153013601     1.939559144
     0.366453486    -0.341018059     0.011786679
     0.375007447    -0.332862753     0.028732464
     0.384603596    -0.322580765     0.039601880
     0.391881482    -0.313729382     0.040310125
     0.396445923    -0.306286027     0.019874213
     0.406958719    -0.292319140     0.021433067
    -0.348659715    -2.091062399    33.869440634
    -0.472301425    -1.681619074    27.118750296
     0.412741636    -0.285294498     0.035019681
     0.418209345    -0.278167866     0.045555727
     0.427092596    -0.265632800     0.059318090
    -0.324128014    -1.786804075    28.126860895
     0.428738860    -0.258122066     0.008984716
    -0.187059579    -1.934354348    30.387816774
     2.255331991    -0.849358650     4.940365111
     0.340558821    -1.264009661     4.402941456
     0.435216524    -0.251239006     0.050705620
     1.830457442    -0.477701777    -0.196979025
    -0.277686957    -1.607401150    24.854527663
    -0.145989175    -1.508887209    22.191363246
    -0.153875773    -1.516338585    22.475863808
     0.440203008    -0.238411288     0.012485644
    -0.089965952    -1.351394851    19.059916254
    -0.040717923    -1.321313179    18.291956890
    -0.054919705    -1.309712810    18.230576775
    -0.375857281    -1.544118194    25.249268141
     0.271211759    -1.071245413    12.817721709
     0.444096006    -0.230693519     0.008919796
     0.349712496    -1.003163763    11.775981180
     0.368136053    -0.961347143    11.076886527
     0.287886433    -1.147848153     6.111530851
     0.815640318    -0.538391065     9.953249387
     0.327667720    -0.910724666    10.029598757
     0.447658526    -0.223684433     0.008762315
     0.191916548    -1.123263954    14.384078767
     0.452895885    -0.218124180     0.053827706
     0.073647260    -1.123817389    14.949252505
     0.139593029    -1.100491290    14.322896703
    -0.181140046    -1.337642073    17.336709458
     0.380061359    -0.849244468     9.345508669
     0.127165839    -1.119266607    14.951868706
     0.263075998    -0.946238386    11.225356619
     0.454466024    -0.209508084     0.008764756
    -0.724622612    -0.666151276    10.579238071
     1.626162737    -1.088497286     3.430620238
     0.283142569    -0.948170241    11.424818498
     0.258452452    -0.915886712    10.803562934
     0.901985046    -1.045279768     0.641100404
     0.538124490    -0.679203306     7.579218648
     0.457704152    -0.202345532     0.008840717
     0.386178898    -0.815855720     9.233208650
     0.312962330    -0.895700408    10.797370359
     0.342655053    -0.863463983    10.255223160
     0.440830133    -0.718611494     7.840030665
     0.406107845    -0.776922198     8.906904866
     0.433961559    -0.754420730     8.736966289
    -0.124442120    -1.230370735    13.575424829
     0.502923144    -0.580869874     5.957011120
     0.460828058    -0.195133264     0.008894358
     0.511605762    -0.662022089     7.647446166
     0.502520004    -0.649565423     7.409152507
     0.475151142    -0.707684018     8.423579942
     0.536436450    -0.609514511     7.091415413
     0.572175476    -0.575263738     6.905782207
     0.660517493    -0.520719400     7.171351629
     0.463750148    -0.187833916     0.007021627
     0.466731853    -0.180564225     0.008945751
     0.436336231    -0.397947339     2.484088801
     0.471971079    -0.170189278     0.034741210
    -0.283265596    -1.006440158     6.226693643
    -0.249629849    -1.053358727     5.452652041
     0.669055718     0.017422250     3.736355594
     0.474720025    -0.158378394     0.008960868
     0.768833981    -0.021740919    -1.561854188
     1.144040546     0.408493283    -0.145489117
     0.191913924    -1.415093049     3.743986688
     0.178344860    -1.574783206     4.091805968
     0.307429359    -1.591830013     4.441833331
     0.323105000    -1.555724032     4.032239327
     0.477149379    -0.150902303     0.008965206
     0.479460943    -0.143388968     0.008968336
     0.178693075    -1.504959329     4.021941880
     0.242952362    -1.502256847     4.011204484
     0.481603933    -0.135825739     0.007924967
     0.116049076    -1.428084423     3.635662130
     0.847872834    -1.505537063     3.561899982
     0.648160975    -1.449181559     2.023358284
     0.578817914    -1.412786284     2.291554675
     0.319648314    -1.443844804     3.327551800
     0.266845192    -1.482232007     4.381691891
     0.131378946    -1.375988255     3.593637520
     0.214564795    -1.244706530    15.194916256
     0.720814383    -1.277987930     0.900638002
     0.882807377    -1.213260310     0.485143637
     1.118809612    -1.207490375     1.315057230
     1.195251128    -1.111150812     1.486208331
    -0.256812584    -1.175138270     6.310592396
    -0.142144297    -1.208165787     4.747057451
     1.072520547    -1.437876815     0.878739820
     0.239002246    -1.103898759    13.063928214
     0.483683545    -0.128246042     0.008041661
     0.215964276    -1.281204957    15.991441556
     0.485683772    -0.120644519     0.008981005
     0.621812885    -0.198777814     3.051378245
     0.487518704    -0.113001147     0.008979415
     0.515714682    -0.150434417     0.588611206
     0.489232854    -0.105330238     0.008969394
     0.603165479     0.043032655    -1.588987790
     0.506284723    -0.185024392    -0.617081837
     0.645214078     0.052620429     0.497814420
     0.630040403    -0.149493546     2.983126742
     0.490825042    -0.097634095     0.008937293
     0.492293754    -0.089914956     0.008861381
     0.700102444     0.405867514     1.867806018
     0.772384410     0.299308112     0.036909857
     0.695122491     0.284181960     1.874712632
     0.824388517     0.395753297     1.313571779
     0.493636712    -0.082173478     0.008698407
     0.972931897     0.749413361     1.323827734
     0.885611699     0.785633043     1.938653355
    -0.128334796    -1.056006228     2.912570787
     0.048418967    -1.508498518     4.446910241
     0.048493195    -1.426172859     4.828749729
    -0.039821432    -1.338526112     3.712869780
    -0.030634447    -1.274722425     3.773588642
    -0.082784510    -1.210435995     3.663745177
    -0.339568458    -1.035823956     7.208121928
    -0.418262744    -0.916300147     5.431188839
     0.602501237    -0.217482658     2.811887998
     0.453484846    -1.190262059    -1.592601624
     0.660439714    -1.389827415     3.412418801
     0.275497843    -1.650393832     6.023897402
     0.220896946    -1.226861354     5.155633654
     0.617451424    -1.724679386     4.567378070
     0.552818869    -1.591315823     2.715919790
     0.686910385     0.149202251     5.296515020
     0.494850902    -0.074407048     0.008381486
     0.495834176    -0.066600723     0.005850499
     0.831686480     0.450407909    11.523778859
     0.752669581     0.310942752     8.138499954
     0.808357496     0.627488325    14.028415791
     0.780807188     0.558482574    12.350038427
     0.804686303     0.543164186    12.150794371
     0.902572495     0.584781361    14.010884090
     0.496944024    -0.058808677     0.008341511
     0.617249897     0.797057449    14.873648782
     0.632008933     0.860041630    16.136969771
     0.645545788     0.939071772    17.717872995
     0.636360852     0.613900104    10.759260771
     0.663976996     1.217928390    23.160745024
     0.675625746     1.171779566    22.120898999
     0.497820434    -0.050995437     0.008619192
    11.563760738     0.515266805     1.036583026
     0.498570028    -0.043174019     0.008826001
     0.499191508    -0.035341305     0.008927924
     0.499686875    -0.027498052     0.008966809
     0.500057761    -0.019646811     0.008979729
     0.500304859    -0.011790160     0.008983682
     0.500428386    -0.003930378     0.008984830
     9.437068811    -1.694629523     1.312753708
     9.262040586    -1.456557842     1.284349191
     9.438865672    -1.643021955     1.241168527
     9.390426945    -1.841834378     1.361702017
     9.234118430    -1.992029844     1.290921003
     9.203443403    -2.051624687     1.174811507
     9.927680984    -0.339199371     1.033434103
     9.363926301    -2.044612441     1.274699827
     9.389241271    -1.947101385     1.309626648
    11.422031983    -0.076384098     1.010281020
    10.779651624     0.709649971     1.043450264
     8.721093923    -1.776244007     1.219454806
    10.680388129     0.848770428     1.059370805
     9.328008862    -1.636815382     1.311594982
     9.152536840    -2.144728416     1.153762868
     9.251342072    -1.533035346     1.286171260
    10.733471813     0.682723865     1.021941029
    10.267887134     0.168284698     1.038241879
     9.629111010    -1.778144282     1.231605626
    11.440835102    -0.136919928     1.036006600
     9.197300808    -1.477186817     1.324468375
    11.421724525    -0.266003994     1.067167952
    11.534946069     0.057519407     1.004111504
     9.476369266    -2.012643126     1.310303182
     8.956730002    -1.509898779     1.251604186
     9.450378131    -1.894241640     1.332525845
     9.592237487    -1.838817663     1.279828687
    10.565670192    -0.591384835     1.041257305
     8.912986290    -1.801401915     1.164012780
     9.397568832    -2.037265339     1.275353075
     9.015794894    -1.967838280     1.169663773
    11.533039039    -0.254844815     1.065703207
     9.545560818    -1.790305834     1.334613724
     9.405441416    -2.085074356     1.272308173
     9.375141192    -2.016273714     1.269113753
     9.042016763    -1.873841445     1.265580777
     9.058868807    -1.363313218     1.163679471
     9.089435868    -1.417439524     1.250139176
     9.417649056    -1.839021139     1.364857801
     9.495652258    -1.931678010     1.297420908
    11.179045379    -0.802414323     1.104547677
    11.394634876    -0.869129497     1.136718225
    11.365965146    -0.822912990     1.110227966
     9.173770007    -1.359225740     1.145840393
     9.122822222    -1.513342085     1.296314285
     9.226931771    -2.106508511     1.099041771
     9.198418214    -2.110770641     1.097449136
     9.580308222    -1.883415380     1.297574828
    11.449143815    -0.517298048     1.077166909
    11.624512395    -0.313076294     1.073114090
     9.311389238    -1.783526263     1.393093610
     9.333024826    -1.838651882     1.354504218
     9.433331601    -1.822135786     1.333794979
     9.177957625    -0.635415352     1.044972075
     9.041100782    -2.102457296     1.099346760
     9.270178327    -0.660105222     1.035166513
    11.346923588    -0.522140654     1.054271205
    11.490696775    -0.035103283     1.016528691
     9.253041711    -0.695437531     1.046028954
     9.226460368    -0.773486239     1.094558888
    11.124649032    -0.495031282     1.061139821
    10.451295155    -0.317037223     1.053225197
     9.281494443    -0.477142812     1.058591840
    11.557095717    -0.196720487     1.032504215
    11.069955568    -0.557747833     1.087176176
    11.353060195    -0.889441685     1.132894229
    11.296459307    -0.548146366     1.070588313
    11.434734884    -0.838718036     1.120303860
     8.703790614    -1.831643102     1.143159929
     9.039404628    -1.690460175     1.378759695
    11.370096756    -0.659495907     1.095249675
     9.273307172    -1.374307930     1.128792605
    10.184183390    -0.748416216     1.184413632
    10.778772185    -0.625500855     1.061559174
    10.710190786    -0.633665600     1.077105822
    10.766756057    -0.684367125     1.126281015
     9.265606125    -1.616755422     1.355640312
     9.175247506    -1.986087885     1.219091197
    10.310692175    -0.664195631     1.069672732
    10.335370710    -0.786626733     1.195866832
     9.245676056    -1.598094579     1.357292656
     8.818053079    -1.750926154     1.171018176
     9.313191572    -1.666323401     1.379367889
     9.442406360    -1.627402819     1.213629165
    10.028525657    -0.531666209     1.048846678
    10.808965126    -0.675625870     1.110131878
     9.354548158    -2.058966882     1.270806336
    10.219265332    -0.807305945     1.201394646
    10.170009140    -0.576238104     1.037280002
    10.291128508    -0.736076658     1.147653366
    10.417353391    -0.749004796     1.123586503
     9.547534032    -1.753481633     1.247096737
     9.921197922    -0.838599597     1.115443837
     9.014924476    -1.325242005     1.159078691
    11.162022816    -0.968059327     1.166811094
     9.364949723    -1.931237481     1.319157771
    10.057584080    -0.432542246     0.987246113
     9.342871503    -1.844881308     1.366875125
     9.107358634    -1.708905724     1.408284410
     9.239933524    -1.181565784     0.996614132
    10.203241242    -0.704769175     1.127828765
    10.333348218    -0.588623605     1.017335588
    10.256329565    -0.659090065     1.083781382
     9.249326887    -0.913722832     1.127314819
     9.466013584    -0.750225138     1.062846544
    10.356554335    -0.728208499     1.107013887
    10.117027502    -0.584606570     1.053654710
    10.686757046    -0.739748425     1.064067197
    10.269922942    -0.499938850     0.980262939
     9.505069484    -1.712264052     1.256808898
     9.365908562    -0.740529855     1.072917330
     9.990459414    -0.897997212     1.109879599
     8.748928543    -1.869148037     1.147347068
     8.787828569    -1.918479891     1.199750048
     9.191681974    -1.011666661     1.076373569
     9.578662217    -0.737166990     1.072681057
     9.192700138    -2.136258670     1.159860601
     9.191871050    -1.725586271     1.393282226
     9.023609520    -1.571643708     1.314288458
     9.348268802    -1.199807186     0.970379699
    10.124541423    -0.345852849     0.986042081
    10.091306015    -0.654529036     1.119294047
     9.003729012    -2.024851082     1.135233093
    10.146292447    -0.698378935     1.134433048
     9.592102900    -1.759655917     1.226415479
    10.145784369    -0.495832401     0.981858800
    10.389181944    -0.820161589     1.182177295
     8.863622526    -1.793842090     1.163237487
     9.580854544    -1.648889499     1.177506302
     9.428240645    -1.485923382     1.108571957
     9.125319841    -1.830947560     1.294238422
     9.519017682    -1.570098584     1.164404916
     9.371530406    -0.887890750     1.055209318
    10.126608588    -0.790353225     1.184387283
    10.300290564    -0.243183298     1.018203688
     9.397936938    -1.332877766     1.024064795
     9.223537640    -1.434263982     1.228143923
     9.332549248    -1.457006232     1.167365313
    10.255342834    -0.612758719     1.013721636
     9.613135169    -1.529595106     1.107560980
     9.315239978    -0.938185634     1.091601134
     9.315676334    -1.282935651     1.023806821
     9.564161114    -1.604602954     1.093005252
     9.515572786    -1.506783072     1.106152878
     9.392019263    -0.834763681     1.108465105
    10.511810680    -0.517469983     1.010109260
     9.591443621    -1.527762549     1.108395874
     9.954141997    -0.911323059     1.124214999
     9.226991010    -1.357403910     1.136413798
     9.306361712    -1.334565631     1.085282677
     9.030382997    -1.286407912     1.141346833
     9.388298223    -0.942064341     1.059245799
     9.548555574    -1.872372566     1.286827239
     8.923972542    -1.522166780     1.257746077
     9.395936092    -0.985241159     1.066781180
     8.989548983    -1.811105423     1.198706956
     9.184136251    -1.452437793     1.267478506
     9.510682782    -0.870115418     1.099077329
     9.270520972    -0.947145850     1.094929129
     9.593882603    -1.891407821     1.282755858
     9.544086540    -1.617406331     1.124122527
     9.501920839    -1.393006234     1.018913732
     9.384119173    -1.445018048     1.117098397
     9.290175035    -1.378969279     1.132560619
     9.221741105    -1.292985983     1.071719991
     8.830840795    -1.862503062     1.166428651
     9.268112212    -1.433214724     1.198116527
     9.259500832    -1.272923032     1.026028941
     9.470829906    -1.448511409     1.075860549
     9.165522396    -1.289908093     1.097760132
     8.931617630    -1.763842958     1.166933000
    10.190475853    -0.311838635     0.992478338
     9.236491290    -1.568117812     1.330776104
    10.058505190    -0.483800597     0.998495036
     9.246389713    -1.322073164     1.088338600
     9.410749009    -1.395189165     1.072682268
     9.429667446    -1.616577733     1.226483246
     9.494314746    -0.813903144     1.083267404
     9.356946877    -1.263654660     0.996853240
     9.485526584    -1.782089949     1.326003689
     9.499624190    -1.970054112     1.315520900
     9.559613307    -1.926667935     1.308776609
     9.167160655    -1.254462342     1.037772167
     9.309083189    -1.228764838     0.982713915
     9.074912606    -1.390273028     1.208240492
     9.206480377    -1.397231714     1.185567001
     9.148927267    -2.081119077     1.119383183
     9.451414685    -1.830693731     1.355293566
     9.237886148    -2.095867454     1.151187414
     9.396387122    -1.767356009     1.371176690
     9.365735088    -1.332894192     1.029650088
     9.147887946    -1.380374405     1.191316471
     9.487774040    -1.943835753     1.311715329
     9.356463021    -1.362005652     1.103576928
     9.124057773    -2.020830712     1.199234177
    11.154897618    -0.994504706     1.171973241
     9.489632850    -1.628189446     1.189140103
     9.315977570    -1.511831114     1.232219918
     9.088160078    -1.535704397     1.298897255
     9.355979436    -1.610735281     1.294397957
     9.016927957    -1.892631305     1.207134494
     9.501121471    -2.023669578     1.304224653
     9.438125214    -1.341901224     1.017936508
     9.471855943    -1.519014329     1.155509193
     9.215084770    -1.230450482     1.005102909
    11.294790304    -0.440018334     1.053090894
     9.378715041    -1.519977559     1.196140682
     9.298174498    -1.557369649     1.299878492
     9.179911862    -1.319247804     1.127712728
     9.386824633    -1.267065220     0.992870054
     9.538665416    -1.641601802     1.230642001
    11.617184411     0.090852796     1.015253803
     9.252957835    -0.976456090     1.079253242
     9.532204910    -1.597498381     1.129273243
    10.471148095    -0.355772196     1.010497974
     9.193132029    -0.780842842     1.104609931
     9.293910120    -1.417872365     1.146295632
     9.221854288    -2.001205863     1.255402885
     9.629516065    -1.855912765     1.270618973
     9.297632859    -1.487020531     1.236838157
     9.264968568    -1.397876747     1.137270847
     9.436666764    -1.468706776     1.088945522
     9.021759185    -2.064058803     1.062667492
     9.394626576    -1.257431007     0.974076844
     9.336809991    -1.722799876     1.405777108
     9.382813582    -1.584393148     1.259540893
     9.208411059    -1.587565335     1.357709395
     9.408552218    -1.522687874     1.192202127
    10.568226944    -0.329054612     1.042938801
     9.513041221    -1.431812423     1.069395318
     9.412918785    -1.600796735     1.247872721
     9.272810538    -1.034939198     1.058141450
     9.355921835    -1.730463247     1.406635690
     8.687595195    -1.892040765     1.177479506
     9.540759630    -1.915290832     1.299475394
     9.204136370    -1.265553520     1.045088804
     9.210658833    -1.462427348     1.295307261
     9.642019423    -0.784340459     1.085777530
     9.531897641    -1.850884872     1.281742939
     8.801927855    -1.787830285     1.181720269
     8.860721188    -1.501924722     1.233370046
     9.144610304    -2.033091235     1.209195893
     9.481107148    -1.662802225     1.260006939
     9.385666988    -1.659067176     1.300663362
     9.125662593    -1.762409007     1.433719162
     9.016574734    -1.745359142     1.319243263
    10.395472359    -0.778365196     1.182928888
     9.434814432    -1.523930783     1.187169368
     9.184510080    -1.406254867     1.212735742
     9.437851771    -1.766842005     1.342241719
     9.129535794    -1.324713414     1.132250480
     9.459009746    -0.893469662     1.088363588
     9.204004026    -1.156752792     1.023496805
     9.369304998    -1.692242968     1.370000993
     9.201876308    -2.096409010     1.118446458
     9.369139161    -1.227061115     0.986392241
     9.326318534    -0.983085570     1.096549527
     9.480049063    -2.030367074     1.296739954
     9.504162660    -0.774304802     1.067232604
     9.423638009    -1.578971499     1.232118086
     9.327564573    -1.539966780     1.255563350
     9.886289290    -0.853790474     1.116092464
     9.373537576    -2.101592210     1.259244181
     9.468365785    -1.845463986     1.357035575
     9.104493316    -1.983490068     1.200502024
    11.298055313    -0.938965762     1.127693663
     9.125545760    -1.442079106     1.266612486
     9.164809453    -0.642180411     1.070669842
    10.344742156    -0.245326986     1.024816953
     8.886562681    -1.471629484     1.222983218
    10.704203845    -0.727914918     1.081593302
     9.248405139    -1.655185600     1.370859738
     9.201002469    -0.627866680     1.042071660
     8.761611054    -1.781310394     1.201785884
     9.982381203    -0.845955677     1.113497619
     8.978834335    -1.769249184     1.225737338
     9.142818249    -1.654298322     1.340316261
     9.147276179    -1.465279278     1.288959541
    11.057575938    -0.694049738     1.097978141
     9.071513814    -1.740892768     1.376818900
     9.481828071    -1.870224541     1.324322653
    10.086366174    -0.892315870     1.149925968
     9.076062560    -2.058293263     1.093980144
     9.074571685    -1.918296463     1.213784624
    10.521215806    -0.383572151     1.008778794
     9.235607031    -1.847073607     1.348730725
     8.915084997    -1.730818613     1.196526543
     9.118194670    -1.791795097     1.366908863
     9.057765645    -1.987626837     1.173617985
     9.221916484    -1.510227454     1.300620561
     9.365455460    -0.852915742     1.078660897
    10.038568895    -0.720970298     1.144677566
    10.076231494    -0.861651182     1.186073022
     9.059852210    -1.210349052     1.113762703
     9.208384235    -0.603900123     1.090166777
     9.338608039    -2.120675054     1.232473006
     9.219842359    -0.648122473     1.032438958
    10.121242418    -0.271742408     0.999970358
     9.106175075    -1.103929621     1.091745932
     9.204820158    -0.671539469     1.049841406
     9.260917587    -0.708999204     1.051420137
     9.119986508    -2.059677991     1.132644182
     8.733553369    -1.810940749     1.172509313
     8.908063826    -1.700048142     1.253274702
     9.303094524    -0.498743906     1.042220148
     9.165615881    -1.879665895     1.297581876
     9.223116105    -0.487433687     1.063038550
     9.227768936    -0.731565409     1.071972836
     8.750527722    -1.744886169     1.217304068
     9.211635540    -1.827935386     1.387468908
     8.694661590    -1.943349471     1.189404755
     9.176133305    -0.963153257     1.083298019
     8.924043316    -1.684074007     1.353728060
     9.122608282    -2.090975640     1.067719417
     9.151335512    -1.612939329     1.364731540
     9.215210044    -2.020205954     1.181741244
     8.976644961    -1.724042482     1.315924498
     9.202306988    -1.915495371     1.248357794
     9.049276730    -1.808286702     1.256183831
     9.141057749    -1.894833346     1.217291461
     8.819994110    -1.706834586     1.214420931
     9.128377951    -1.986519505     1.222385493
     9.077810694    -1.825900612     1.246018789
     9.051195293    -2.047764718     1.092420705
     9.250118943    -0.938410301     1.100830588
     9.268623799    -1.555896279     1.309088438
     9.305813808    -0.645737516     1.038037059
