  0.000000000000000E+000 -0.402048912333990       -6.34484298767745     
  0.159154943091895       0.609945370575106        15.2681430839072     
  0.318309886183791        1.22563015850576        5.77058248085818     
  0.477464829275686      -0.800829068623789        2.31875410237394     
  0.636619772367581       2.535067674666940E-002 -2.015177140819918E-002
  0.795774715459477      -0.303981537856315       -4.30905892623344     
  0.954929658551372        1.06192922407693       -11.4406242762677     
   1.11408460164327       -20.3553911500666       -23.5080301421065     
   1.27323954473516        1.09630950803569        5.68398764439909     
   1.43239448782706      -5.119348070467074E-002  0.458439493479942     
