  0.448140700628042       4.673508623681596E-002 -5.054125499872377E-003
  0.462227804817640       9.490497517322419E-002 -1.508266992129814E-002
  0.493041272284565       0.179685807540471      -2.487335162811346E-002
  0.333683047770553       0.260891997308155      -3.427176572113397E-002
 -0.166866087948507       5.963798826389226E-002 -4.312969359577076E-002
  0.342325280605503       0.250931169318665      -5.130744043797323E-002
  0.344630885626950       0.412330355779427      -5.867603829488885E-002
  0.245096976206161       0.417847716432440      -6.511927997652842E-002
  0.226996212032559       0.453240952265865      -7.053555171256558E-002
  0.508008942612902       3.196121358636919E-002  1.593717681025275E-003
  7.832621705736231E-002  0.456533512816592      -7.796305700452838E-002
  4.900155732927330E-002  0.499579038867332      -7.985715436502286E-002
 -4.719971004066548E-002  0.500027570250171      -8.049185669683015E-002
 -0.150512574621569       0.545618333987792      -7.985715436502307E-002
 -0.285832392671428       0.437144324753402      -7.796305700452866E-002
 -0.351373264291223       0.590636979232677      -7.483943566219955E-002
 -0.303439776966924       0.466525702144973      -7.053555171256558E-002
 -0.517831101881777       0.313054192849751      -6.511927997652819E-002
 -0.343045064304220       0.386051233527601      -5.867603829488906E-002
 -0.456086838932451       0.304998542563317      -5.130744043797326E-002
 -0.304017857100081       0.320732145325467      -4.312969359577105E-002
 -0.464659262717563       0.262963323784276      -3.427176572113353E-002
 -0.580916800921238       0.151979442061136      -2.487335162811233E-002
 -0.528588052531547      -1.395071925634478E-002 -1.508266992129779E-002
 -0.628525266753633       0.103568480020080      -5.054125499873309E-003
 -0.607605779431578      -8.184163672932930E-002  5.054125499872747E-003
 -0.533181363314043      -9.334421769514296E-002  1.508266992129870E-002
 -0.540559474387120      -0.166513179868206       2.487335162811306E-002
  0.489918589413406       6.753159658681347E-002  8.161265032763451E-003
 -0.451975894526258      -0.259961402953972       4.312969359577050E-002
 -0.434470116017872      -0.289656473678996       5.130744043797365E-002
 -0.365933412022829      -0.451590713548745       5.867603829488888E-002
  0.517036681793105       0.116579568699050       7.508709354497042E-003
 -0.243901875226228      -0.446235052645824       7.053555171256504E-002
 -0.221434167302016      -0.429367079569653       7.483943566219910E-002
 -0.129468167082279      -0.568827979089710       7.796305700452870E-002
 -0.122825470213488      -0.497513030892877       7.985715436502240E-002
 -3.287196405936869E-002 -0.522584043429990       8.049185669682922E-002
  0.499997338118064       9.537959332814702E-002  2.280094764134204E-002
  0.125396032937257      -0.464959560989928       7.796305700452841E-002
  0.473082994968240      -0.494329663485692       7.483943566219871E-002
  0.454889924906659      -0.441494141023893       7.053555171256584E-002
  0.122208288750870      -0.450736235291243       6.511927997652818E-002
  0.404139604415125      -0.442952159452154       5.867603829488890E-002
  0.450393362016542       0.198346247510283       3.424846353528109E-002
  0.362667795010700      -0.318231201488473       4.312969359577010E-002
  0.369859528749146      -0.249961314834250       3.427176572113427E-002
  0.462774265429405      -0.169993141809189       2.487335162811290E-002
  0.411253591027564      -8.933953021591239E-002  1.508266992129770E-002
  0.491996449260488      -2.338618107901611E-002  5.054125499873328E-003
  0.176095898072441      -0.524525386373776       8.318696779715702E-004
  0.431341341476429       0.103898078185398       3.802229532619611E-003
  0.481367862885069       0.165001918232324       6.146147099659471E-003
  0.426390913967957       0.176182106997004       7.968368215010192E-003
  0.404822705734075       0.271460553409387       9.183451258980407E-003
  0.328361484236200       0.339261131262752       9.746267728549720E-003
  0.341566133861512       0.360923644903855       9.662598106485570E-003
  0.239366530119662       0.400511247791987       8.985692650423142E-003
  0.235747895069830       0.418838140963053       7.804387160851575E-003
  0.189281212300653       0.452917800317682       6.230051937462087E-003
  7.703605152011382E-002  0.466367003410278       4.384659683608709E-003
 -0.266821658941502       0.315156586801929       2.391114925615276E-003
  8.400429613738472E-002  0.469832989071111       3.663522133133759E-004
 -7.857356042156415E-002  0.489002529039748      -1.582877184704005E-003
  0.157943222567028       0.437269185560638      -3.362002859222348E-003
 -0.214617034032794       0.487745022394199      -4.889139073695157E-003
 -0.300899457379267       0.459749432788871      -6.094956787677358E-003
 -0.309544444337283       0.356789344419189      -6.922813141458877E-003
 -0.376929377874416       0.355116980604736      -7.329906525840871E-003
 -0.408051594843542       0.433429323670464      -7.289912345226963E-003
 -0.535500902412507       0.414791291953973      -6.797043308492793E-003
 -0.480690484391098       0.205162146669906      -5.870868593423949E-003
 -0.580451080724873       0.149525864290541      -4.560996296831839E-003
 -0.602048078819188       0.116625949358324      -2.950512151787509E-003
 -0.533708340993545       4.496956332573305E-002 -1.226314089348241E-003
 -0.559392270408764      -6.016630759774747E-002  9.659707677996640E-004
 -0.592540147540780      -0.139058477544044       2.738427987576690E-003
 -0.556501346688979      -0.158827026624409       4.397960254589902E-003
 -0.463946090389710      -0.140203616231056       5.764132924722569E-003
 -0.668158724177812      -0.275811189957228       6.753373387776626E-003
 -0.439104364413371      -0.320655867842549       7.306135271694202E-003
 -0.380090988853720      -0.408730321973664       7.394154946626350E-003
 -0.298240210759508      -0.435871331436637       7.016214800261546E-003
 -0.220905753367327      -0.436955418497004       6.195084508835824E-003
  4.624106016757696E-002 -0.559331414104610       4.973561546158693E-003
 -0.104269290820966      -0.498576332582793       3.411538794498497E-003
 -5.871268570236844E-002 -0.538580861197413       1.584195974104324E-003
  8.252563074567777E-002 -0.478211768519422      -4.190605593489552E-004
  0.115343300119603      -0.489623078488720      -2.495561443281138E-003
  0.139536067540979      -0.479203398206216      -4.531002701121166E-003
  0.139757191448944      -0.430952120825478      -6.402468522175447E-003
  0.285574559686300      -0.442675362394155      -7.983440970708893E-003
  0.238464052301721      -0.330163847312989      -9.151155890401544E-003
  0.256679851279455      -0.309391745654746      -9.796308649399533E-003
  0.362519542422747      -0.310447286876705      -9.834583016521440E-003
  0.382198355380666      -0.226315845459767      -9.218713069927852E-003
  0.387521289456591      -0.241114640343634      -7.948691837081334E-003
  0.433147589960014      -0.167735537153494      -6.075732359778437E-003
  0.435468904369637      -8.808835799348060E-002 -3.684178400391966E-003
  0.481520018575480      -2.942394669510928E-002 -6.929153733955083E-004
  0.483347613827853       5.524531916324790E-002 -1.180084301719984E-002
  0.490339919223178       0.106285797033953      -2.992320623268296E-002
  0.466423243163720       0.176121657843148      -3.469733862350299E-002
  0.417316092890281       0.197051113276787      -3.513432104028912E-002
  0.390647800197522       0.248462670415430      -3.495806453084613E-002
  0.366047318495283       0.338083411466992      -3.476165665475445E-002
  0.353921022044027       0.505847945449789      -3.459100794177909E-002
  0.255936919193415       0.423891603908796      -3.448352515189559E-002
  0.240194875308684       0.407448915402872      -3.448298315929955E-002
  0.190606203545366       0.443541420759582      -3.538740621935690E-002
  2.896004214557329E-002  0.539008875775818      -4.440111565661227E-002
  0.139647805116659       0.440525258734370      -5.135456530467013E-002
  0.105800975568414       0.546535261856277      -4.622899015391652E-002
 -5.264553356896268E-002  0.497356738237421      -3.731908264656381E-002
 -0.177613216783714       0.509488481796301      -5.052171320994224E-002
 -0.198951172625132       0.542428561570243      -6.679621214387506E-002
 -0.253541266440973       0.454221611333051      -7.018480543835423E-002
 -0.305127404835581       0.472610823799958      -7.227589143520485E-002
 -0.418651447715497       0.386051451563586      -7.408911407020945E-002
 -0.496227947155637       0.308628904828108      -7.496897124234816E-002
 -0.504931666233029       5.557072484091657E-002 -7.331782257398686E-002
 -0.490973068631855       0.195657792114465      -6.594490639968044E-002
 -0.443918337857673       0.156492853316687      -4.641573552893648E-002
 -0.593948169959350       0.147124843565726      -1.913163284568573E-002
 -0.527377026169517       3.540935057773985E-002 -4.300026651425470E-004
 -0.556529129488991      -7.484285959099021E-002  1.827705563168131E-003
 -0.638647471645035      -0.197454156744244       1.958551281566749E-002
 -0.508344518572988      -0.196989242375009       4.606586417104117E-002
 -0.453300366377380      -0.356764088328360       6.361199679834630E-002
 -0.509560203564674      -6.961155268760338E-002  7.156394349588864E-002
 -0.445337296556599      -0.339947274051308       7.384679502663960E-002
 -0.369751772455201      -0.440523297862526       7.353367893994894E-002
 -0.360510750570385      -0.462786693950814       7.240680737736398E-002
 -0.237994200581613      -0.502660779902924       7.144581226203592E-002
 -0.206806054674986      -0.472572602165625       7.062373148504685E-002
 -0.128151000652182      -0.592413036788084       5.819252211301212E-002
 -5.843535558280907E-002 -0.534133000664527       3.968324294349506E-002
  9.963950329376137E-002 -0.513327798602951       4.647865252438095E-002
  5.230884543946372E-002 -0.476882911161129       4.936836261736198E-002
  0.111596317230378      -0.435995683595003       4.187405673003517E-002
  0.176664819790825      -0.445217865199577       3.411069468666743E-002
  0.249329379464852      -0.411276438123332       3.429815971352956E-002
  0.287167418586236      -0.409136006110680       3.508183452566913E-002
  0.303808732487108      -0.271213395669464       3.562975835957553E-002
  0.407552600589050      -0.325354378335890       3.592108166250779E-002
  0.395766571731655      -0.251933086425574       3.593330441624611E-002
  0.458913381552153      -0.176080415674958       3.587386922203692E-002
  0.463977073305142      -0.179909153617650       3.419237142280238E-002
  0.458519916273641      -9.015248349062384E-002  2.917176493308016E-002
  0.393351266449222      -0.125194151847937       1.170028824045398E-002
  0.486564307477030       3.846087350165336E-002 -6.129212808904804E-003
  0.408899350501479       2.706366907460231E-002  6.625246154473365E-003
  0.455585793569208       0.151016206671880       1.027387022910240E-002
  0.493030100074375       0.177936492877874       1.261075368036732E-002
  0.353345687459779       0.241385806649015       1.451454701953602E-002
  0.354972316855193       0.311510243635142       1.677158443255829E-002
  0.310687532498775       0.387105860533970       2.039996652513710E-002
  0.314764573227327       0.368969518424659       2.442438151614759E-002
  0.486764695529149       2.002471471852131E-002  2.699772393159395E-002
  0.162087107349946       0.470923840564463       1.775695702656279E-002
  3.911990308046050E-002  0.479133784412542      -8.029332773653206E-003
  8.548882208102483E-002  0.440586245753294      -2.625706476071914E-002
  9.936332611303050E-002  0.645176961355381      -2.772432233191703E-002
  6.742652900242579E-002  0.490816852667393      -3.189725943666585E-002
 -9.522359001388253E-002  0.572217347777785      -2.811133926052668E-002
 -0.261075659938296       0.526859908942684       3.286541418827782E-003
 -0.315774509661695       0.457271382551571       2.301497729737952E-002
 -0.273551163846686       0.494469758233027       3.110459869323819E-002
 -0.386695577441475       0.374514821235056       3.871552755435786E-002
 -0.182376541697346       0.464350943755108       5.103184940359645E-002
 -0.441463295990284       0.285356805976535       6.600677495380344E-002
 -0.475223711741057       0.256782945939215       6.869187550449435E-002
 -0.367143749746043       0.128829362534497       4.790451156732210E-002
 -0.561048189931584       0.100108817622422       1.170061175959091E-002
 -0.545613182394090       3.279767760532681E-002 -5.588995289077028E-003
 -0.562582908908201      -5.445108917075128E-002  6.146110368234618E-003
 -0.525073390787277      -9.548648943890674E-002 -9.766774885598101E-003
 -0.513355384929927      -0.197823089493875      -4.551428470056055E-002
 -0.310602684028420      -0.395679285290243      -6.476578638022347E-002
 -0.463786215621707      -0.289843367974373      -6.251732118989871E-002
 -0.408423230163930      -0.357117473697962      -4.829265859942430E-002
 -0.385096942433988      -0.435361559776838      -3.683917827119881E-002
 -0.325136854624290      -0.363124845884750      -2.991525960753547E-002
 -0.231807690906149      -0.476525735983037      -2.217388765391778E-002
 -0.142443932114079      -0.544461535267897      -2.110794076879382E-003
 -0.188111749284689      -0.505226728937839       3.029633594844879E-002
 -1.182467509400683E-002 -0.514343942338332       3.175009736678701E-002
  0.111876897260762      -0.566288289247245       2.597873756679995E-002
  7.113540866481237E-002 -0.511072990537748       2.353192707696731E-002
  7.306060228603004E-002 -0.497487758552111       7.204768895865756E-003
  0.203521488796708      -0.482764985342838      -1.545673266746613E-002
  0.202109317535557      -0.415314401638576      -2.447103253272899E-002
  0.201572920521230      -0.383248782302491      -2.335775827189968E-002
  0.335001250383794      -0.347575973777217      -2.065217082212519E-002
  0.411840491191218      -0.278154466800225      -1.768343712348117E-002
  0.441260779493774      -0.248189426570446      -1.536043006567557E-002
  0.514922285361255      -0.144424085789530      -1.300845472378013E-002
  0.447373321882028      -0.175508348149582      -9.286331454491826E-003
  0.467205704696211      -7.279869246930687E-002 -5.790382054414714E-003
  0.486716850373786      -4.127740439927731E-002  6.556148511594992E-003
  0.480446096630412       4.727577411698233E-003 -3.340457624058454E-002
  0.497419689811945       4.134106046725790E-002  0.102122996224747     
  0.458732568438671       0.150187189975413      -2.453104063816235E-004
  0.520787623703294       0.176724841260804       8.640274242661153E-003
  0.410110113939960       0.273561103828442      -6.535323202975108E-003
  0.388962874626969       0.287246115113443      -2.245536624417555E-002
  0.327709581330442       0.382316409680704      -2.238287040454917E-002
  0.343878449277762       0.386755340693040      -3.995275122792571E-002
  0.260053485345248       0.414731578889588       2.635976292762194E-002
  0.166489871952312       0.468596914844769       3.029535508070829E-002
  0.149047775402618       0.458603839525676      -1.759571378755504E-002
  4.660061533536486E-003  0.499414786794543      -3.042660780381851E-002
  9.544771066858183E-002  0.497186129852281      -1.253358000090550E-002
 -9.608291361694969E-002  0.512659089805998      -8.946874852615945E-003
 -4.241351436289210E-002  0.513946610124732       3.442236070607909E-004
 -0.187854397803273       0.497014523558832      -1.560176830543112E-002
 -0.252834198138857       0.451702940100364      -1.398371650168276E-003
 -0.316990228453940       0.480129275598748      -3.163244924445195E-002
 -0.340279103616082       0.401047021644143      -3.634693754068494E-002
 -0.425667863421674       0.298086221172546      -2.454124709819527E-002
  0.435760394288450       0.210834087506571       0.100950988639819     
 -0.477786678222898       0.266390604631385      -5.582408167632408E-002
 -0.531891971426298       0.174060196461720       2.627033255350812E-002
 -0.562211149289792       0.130493967395394       2.573884468665108E-002
 -0.564100093533036       2.926477148623626E-002  1.507344358593590E-002
 -0.561362856745990      -6.106044784720837E-002  4.073467986814226E-003
 -0.573224131737023      -8.822193753452863E-002  2.691289234084961E-002
 -0.496980595974218      -0.158583037508821       7.662740632529684E-003
 -0.543931274484573      -0.168556274261437       6.073758614614958E-002
 -0.440273667225823      -0.328198989735962       3.453896098297431E-002
 -0.410819201334651      -0.365533328012531       2.656195319839399E-002
 -0.384090460483056      -0.209805664521448       3.772687392027830E-002
 -0.339352731179708      -0.427061540924846       3.632081960914767E-002
 -0.235112498189332      -0.444700046956644       1.092040188379187E-002
 -0.177934387881585      -0.535779902825841      -8.627415050992891E-002
 -0.115097198656176      -0.521216563278349       1.118451402984889E-002
 -6.923714466061931E-002 -0.498928812882271       8.588019508359497E-003
  9.620648043502310E-002 -0.474317446483978       7.619440341289307E-003
  2.447075648409193E-002 -0.489975152944015       1.888168512757473E-002
  7.208628194005161E-002 -0.442395155310625       3.462211440325056E-003
  0.164473602090347      -0.419195002180793      -1.232495200638520E-002
  0.238353499538001      -0.427903727638742       8.350614649044009E-003
  0.308903725584040      -0.402634778259814       5.538299612859231E-002
  0.199069827104863      -0.385612435186262       3.783148586317286E-002
  0.421080951680229      -0.224476955734800       3.665798658306980E-002
  0.437104960924845      -0.232746202617119       1.597095016208140E-002
  0.435269217643598      -0.217875188175281      -6.346754436479182E-003
  0.459360599988128      -0.134680296698627      -2.344364553725242E-004
  0.436377940856829      -0.104571947582183      -2.128765323404859E-002
  0.488030478032090       5.651036917925512E-004  1.448603619290068E-002
  0.454811576590571       6.988614875459667E-002 -2.522474674112526E-002
  0.454322486592764       9.487475009893204E-002  1.554290523273739E-002
  0.428935742296440       0.232508585910768       1.154788177878181E-002
  0.397849116019654       0.210723277263361       5.913501742800943E-003
  0.386381039114686       0.258042213216340       1.531815700082664E-002
  0.404224540073113       0.381606723418654      -1.334674812552971E-002
  0.324585160447135       0.445918464172065      -3.878431349578459E-002
  0.244033302855745       0.385365848267244       1.066569357911603E-002
  0.240582209283148       0.467078296162358       4.264840353368517E-002
  0.122734084604172       0.460575927425822       9.633204275098872E-002
  5.921107726173748E-002  0.440958857034270       2.875110126287776E-003
  6.526167754825739E-003  0.477675483835530      -4.956176345582720E-002
  3.469128433786803E-002  0.634680047440865      -3.496529764268685E-002
 -6.646659672141575E-002  0.499855624040339      -1.870501643054876E-002
 -0.133277020900752       0.531479054065213      -1.114563722057196E-002
 -0.202424443736446       0.554046989398237      -9.181182857663627E-003
 -0.304185229682620       0.457220109801183      -1.947980483699756E-002
 -0.319744340814642       0.478983715168776       2.247794692191604E-002
 -0.418857182784247       0.379204109051927       4.783444945342177E-002
 -0.382952024344493       0.372758691741195       4.660132297510786E-002
 -0.433094958923446       0.285365231195180       1.199819903396320E-002
 -0.504534013181586       0.157404254934822      -3.890197499054987E-002
 -0.456659768197189       0.150397835032446      -2.826397676781926E-002
 -0.526575886109685       7.971384407344728E-002  5.074617069334464E-003
 -0.556507616518186       2.331882913788735E-002 -1.296104011557514E-002
 -0.561794449075191      -5.681858023708958E-002  1.353479469782896E-002
 -0.529424463342308      -7.198112270219661E-002  1.925215138268781E-003
 -0.507145027676199      -0.155119631289524      -9.127829461354646E-003
 -0.486765467685485      -0.271772020770146      -1.245299054992230E-002
 -0.442646458469648      -0.280578601235041      -4.360221292830214E-004
 -0.438010403347867      -0.346917851939712      -3.126198048586425E-002
 -0.380368388131019      -0.370170161456810      -9.922588904118417E-003
 -0.368664110421110      -0.465471630958592       3.513207588481015E-003
 -0.211094246815521      -0.475732930015392      -2.935760233701824E-002
 -0.217631779862165      -0.424904428913628       6.107750305524968E-002
 -0.127153959071731      -0.564825438605133       0.110391217401886     
 -7.542801992555638E-002 -0.515738354660351       3.445206609376959E-002
  0.103274252410603      -0.523318655631287       4.806040131760686E-002
  3.489096197957363E-002 -0.489252219361902       6.725705806347357E-002
  8.760900387091114E-002 -0.453053340473905       1.174210872808882E-002
  0.164617774521399      -0.452604078520136      -5.418259330732234E-002
  0.281042420517458      -0.413623337370059      -4.733351362020929E-002
  0.326035548599838      -0.392727549935017       7.220212731449403E-003
  0.286233884482845      -0.355784813855640       2.019830141226036E-002
  0.397487466109338      -0.314490165635704       7.943265883051831E-004
  0.430277426129332      -0.259515243319946      -2.432281599545226E-002
  0.450619626474540      -0.172022189979636       7.802818713509162E-003
  0.463034566293890      -0.120172327759638       1.523339939776623E-002
  0.465491450279854      -7.455525198139726E-002 -4.775468747046280E-003
  0.485475896758885      -3.331553347315828E-002 -5.439085664348818E-003
  0.580900399997449      -0.109846016977500       1.062574446980331E-002
  0.558964819050056       0.234273764369023       3.261519231623901E-002
  0.465463606162338       0.198545157211844       5.286049383257949E-003
  0.484100476917172       0.157293779906133       4.986258798142353E-002
  0.388279321919365       0.251347557863012      -9.816978829416777E-003
  0.408589332803680       0.237646609302312       4.510353769409291E-002
  0.322470662679006       0.450745426880398      -1.394039292183602E-002
  0.203358929983260       0.381027276997251      -2.639264056887758E-002
  0.239979134878892       0.435574231443647       4.600582019061127E-002
  0.171674259156975       0.471055538640272       4.429677338932562E-002
  5.612924119142958E-002  0.411658121297568      -2.771720657642612E-002
  3.107001691092971E-002  0.491785914469658       1.706703973172292E-002
 -1.589081483413450E-004  0.511206504929692       4.252533829752111E-002
 -9.449980472964631E-002  0.507467117237464       4.712103896655881E-002
 -0.160985314904699       0.488982777948839       4.687956804707068E-002
 -0.234274455418696       0.496474069280565      -1.397649029764554E-002
 -0.251533098483816       0.510271145847408       4.204045358827446E-002
 -0.253964819621142       0.401666961740067       4.716805867947553E-002
 -0.349803845199798       0.378480448506903      -2.322131424058987E-002
 -0.388934206503845       0.359791255118053       1.565120374687719E-002
 -0.386712217603068       0.253294390708294       2.994051354379879E-003
 -0.515154957609874       0.200745045782982       2.857555365441886E-002
 -0.486666033660603       0.159705220812155       8.461410379656255E-003
 -0.521143953143851       0.104868955220953       1.909301384906180E-002
 -0.534806876247461       2.380685233189609E-002  4.743308748084495E-003
 -0.553259847918270      -5.676775917911968E-002  1.191644329735226E-002
 -0.535785465084794      -0.100205065355884       2.041246190454534E-002
 -0.502415493262361      -0.189918966874917       2.413834461559126E-002
 -0.499377445090948      -0.253625986399067       4.119328582770823E-002
 -0.475557819362660      -0.304943467939580       3.041735471460230E-002
 -0.496982156351762      -0.255818812156034       2.128090150155281E-002
 -0.293450146253311      -0.314502455783478       2.100777127841227E-003
 -0.349323098828161      -0.412788185681708       3.819533446172519E-003
  0.631606403702531       0.290536283511746       5.605523258107309E-002
  0.499885411879658       3.746230296205702E-002  7.239292958390593E-002
 -5.050233876443991E-002 -0.500302746343321       2.111684341229130E-002
 -2.498257993288756E-002 -0.538770432649835      -1.101691775264066E-002
  5.057734546300846E-002 -0.542460236880085      -2.200388646224021E-002
  9.256280464966019E-002 -0.491819322027346      -3.453908728175624E-002
  0.173955147779270      -0.495054668363531       4.191630135712484E-002
  0.180792198624992      -0.492413879625982       5.682413287653038E-002
  0.289252226678235      -0.440024894471844      -8.731186189304999E-003
 -9.072303347479412E-002 -0.460568014481569       4.966135376679182E-002
  0.366664664963754      -0.337742222678575       2.751863936702272E-002
  0.451360585569960      -0.246559708434952       1.860831563279416E-002
  0.302513910846444      -8.097157973073930E-002  5.971941084161009E-002
  0.458373187974203      -0.246321477152930       3.642726918272067E-002
  0.469369548132292      -0.138937909848803       2.007950734912605E-002
  0.463677114520663      -9.389355367370249E-002  2.625237763996200E-002
  0.482264098953561      -5.327136241250090E-002  2.886799219743209E-003
  0.516646875459691       1.486750901471965E-002 -0.111896647946628     
  0.414702824126160       0.144183183385431      -5.046928696999106E-003
  0.434672942060416       0.167745589132209       1.040890355685962E-002
  0.445539100238391       0.214875076748909       1.359211747185669E-002
  0.394943133690010       0.260626163520302      -1.945528495720825E-002
  0.364138192373861       0.327535062261701       1.105087932145921E-003
  0.328342701507835       0.360490893704069      -1.051218401131924E-002
  0.271774601179004       0.392678897366322       5.202900096004934E-002
  0.233217293280496       0.412586099283826      -5.588697959104569E-002
  0.217333121145530       0.488216706964548       4.090765849210855E-002
  4.946891434779085E-002  0.458758064649273      -1.471840969333073E-002
 -0.125710595672018       0.741722990023767      -5.001203487529707E-002
  3.411945712086339E-002  0.510889712671318      -8.263246852693537E-002
 -3.371055516896920E-002  0.496042136472461      -5.284469213233268E-002
 -8.095657671002739E-002  0.566674452968654      -5.316390657005842E-003
 -0.235681727788892       0.489969842706440       9.599416332331915E-003
 -0.274444537451024       0.460188864656909      -2.396222783653158E-002
 -0.323758944914218       0.411672147020387       4.593262899067007E-003
 -0.324246397434715       0.426422739662559       9.613788219327118E-002
 -0.443785557053112       0.266474403265704       1.685086226490703E-002
 -0.488602653907763       0.198060549945618       4.787318133069650E-002
 -0.467811531512713       0.230617263688798      -1.955646113604799E-002
 -0.519008695135276       0.195187013698800      -4.205173471374148E-002
 -0.500411744236810       6.702833252266813E-002 -6.075329319700954E-003
 -0.615444253506014      -4.876693571488244E-002  2.073569614666421E-002
 -0.545837757243597       1.619472906759124E-002  1.074248735421237E-002
 -0.552554212199745      -8.957823025385517E-002 -3.144192565335897E-002
 -0.553577688705745      -0.167350559462749       2.122299367865190E-002
 -0.485117420957097      -0.258717819681041      -9.524023481020477E-004
 -0.440387751172333      -0.283484386581213       9.916463586530836E-003
 -0.390008352804469      -0.348116216955206      -2.844927095615882E-002
 -0.400750273866442      -0.382279170995339      -3.629654330073807E-002
 -0.262670294379753      -0.390835021381696      -2.526959341982200E-002
 -0.221027156692088      -0.442125217975710      -4.595242374789218E-002
 -0.264460387143924      -0.473080654147791      -5.987356517710899E-002
 -0.111311353254324      -0.545004092916775      -8.927585760412757E-003
 -6.898993341617260E-002 -0.521823173495581       6.309688244601677E-002
  9.442937310416127E-003 -0.509688161084667       8.897005946978960E-002
  8.380385986169746E-002 -0.505526454054194       0.105297904447346     
  0.128158762131759      -0.465804578632565      -5.998697870282464E-002
 -0.120560010283335      -0.392862251750109       6.532972078017181E-002
  0.177127773428078      -0.344818602386128       1.410115635444810E-002
  0.304564517859294      -0.405090188875106      -5.038030532629247E-002
  0.322977738002236      -0.337578468665948       2.901272391481977E-002
  0.395202781098578      -0.317203185191362       2.787267913405811E-003
  0.452947725542994      -0.242770585685003       5.119795406098888E-002
  0.454193145991381      -0.169888452796904       3.375709480998470E-002
  0.465055040832709      -0.107170578436262       2.308682470165520E-002
  0.545413900709837      -9.531467958921613E-002  8.526053873249699E-002
  0.533699441859305      -3.011819250925756E-002  1.653464593788986E-002
  0.518750525312161       8.305267143583482E-003  7.788386664602957E-002
  0.545383626876374       0.103540493312182       5.505320567741262E-003
  0.455317424601471       0.217197819877346       3.531516647050868E-002
  0.442451323892982       0.213078145701083       5.419045801753227E-002
  0.386970892408268       0.256366361034915      -1.396384355816369E-002
  0.359992117902833       0.331659805760827      -1.696024517491144E-002
  0.334344861154413       0.409003219109067      -2.244709802163743E-002
  0.322901623280165       0.411350213640805      -4.319842975003509E-002
  0.213753732442405       0.383472254283906      -2.547977006451384E-002
  0.213360275585368       0.484547506094579       5.474752430524205E-002
  0.118275383522205       0.452690579581793       6.673962780231873E-003
  4.628788578112396E-002  0.483272798371188      -2.351800948619938E-003
  9.644034615960417E-003  0.483543413989851       1.066337336038653E-002
 -2.176848052050884E-002  0.491229794803138      -6.018231621750911E-002
 -0.172462646030142       0.521121628394025      -0.122622837695061     
 -0.146649537598169       0.505930660455941       6.739972379694940E-002
 -0.276725430678201       0.449376415348274       0.136196712667007     
 -0.343837843687179       0.429685930816392       4.935280279791492E-002
 -0.351849125583109       0.390344140061365       2.513123626986126E-002
 -0.390302539427620       0.340713971577977       3.115478145755581E-002
 -0.439657883477381       0.276546017515051       4.872265066004933E-002
 -0.467382070163001       0.174758921142858       1.763702445799360E-002
 -0.494771364576123       0.155781968509958       7.678991817916318E-003
 -0.502298381126285       0.100011873118278      -4.125759680179216E-002
 -0.504690236304894       5.386940479920200E-002 -2.998858285384073E-002
 -0.536355043766584      -0.199856676538460      -2.511488645026407E-002
 -0.492977394485547      -9.377054733275941E-002 -3.654369676452080E-003
 -0.491603816555126      -0.146390802964721      -4.424255060649397E-002
 -0.490198645083790      -0.236860943660890      -1.517740139012736E-002
 -0.439570065398594      -0.281897640471004       2.386019825225162E-002
 -0.390022486235073      -0.332810646546447       1.628286125287637E-002
 -0.367268620724149      -0.397976226147707       5.889116881289625E-004
 -0.322070772883516      -0.429635705556676      -7.132691051083649E-003
 -0.251265956664396      -0.524306222011228       1.097286146044421E-002
 -0.247740890311374      -0.423942952569813       4.321157597066673E-002
 -9.568840769388252E-002 -0.526034033889567      -0.143355619993404     
 -4.828898975581356E-002 -0.527321775648547       5.449413512467459E-002
  3.269980249916291E-002 -0.512434874685263       7.619235094383329E-003
  4.310047025411985E-002 -0.488174183572152      -4.173514941076763E-002
  0.146399084030198      -0.480939378852756       7.426241936374993E-002
  0.188502150148766      -0.457772367885117      -7.406393252450894E-002
  0.278175442352316      -0.418287526864849      -2.828935273009351E-002
  0.322802425812409      -0.402643775558594      -1.141855746137137E-002
  0.336427284649731      -0.350385058535469       9.661117436626407E-003
  0.365931022306705      -0.338872910988397      -3.361536300690133E-002
  0.455105999364309      -0.280325400382845       5.725187630943760E-002
  0.463910989664764      -0.193405798881859      -2.658444674345224E-002
  0.470010151910109      -0.141327308394337       1.533257472421007E-002
  0.493375754009571      -7.659700054268924E-002  7.640217554124337E-002
  0.489534722116169      -3.150487899442177E-002  3.991126019952819E-002
  0.656598813574533      -1.172293738764832E-002 -1.982139865151020E-002
  0.494401111771258       0.102902619922114       2.316795592969555E-002
  0.403081735648084       0.134833374947989       0.108321825202934     
  0.447056711379242       0.196395678907914       5.671121670965308E-002
  0.390767946547809       0.254471185359661      -2.071235079770834E-002
  0.386479326400438       0.284710900975446       1.685185582820106E-003
  0.346277188633090       0.349239502113990      -4.157895829492407E-002
  0.323507243537572       0.418982684806344       6.895972331352122E-002
  0.244857696756277       0.473202723751551      -5.471662657582864E-002
  0.200437840217601       0.472632650575572       0.245145966422575     
  0.118864039893496       0.465017957768322       7.761466172310008E-002
  3.765517000565587E-002  0.493209674917257      -3.869697552938601E-002
  1.367543432884930E-002  0.521415951645067      -8.687988553712389E-002
 -3.110746691913181E-002  0.514281849964246       4.522977351233313E-002
 -0.177195656660165       0.531730686581577      -8.014885701452046E-002
 -0.214278684086983       0.497536961005287       1.856794276987968E-002
 -0.195633037043035       0.432534236515528      -1.271864778952956E-003
 -0.312075151688690       0.417370286147023      -8.658862402112028E-003
  0.296175068632116       0.673240939743846       2.668931926751757E-002
 -0.416458155818088       0.320257415534643      -1.121704823761729E-002
 -0.436471209197817       0.272131541101594       3.820086198232777E-002
 -0.476033461133119       0.213809861072546       3.738508439000875E-002
 -0.495786465353379       0.144706705328361      -6.829767660091883E-004
 -0.513938018496222       7.786106827014842E-002 -7.593307391420971E-003
 -0.527531700326998       4.983601324294970E-002  2.005330588825885E-002
 -0.541957161385522      -4.291683957891528E-002  1.755866898408020E-002
 -0.502901510895308      -7.094873858533769E-002 -5.758516932576920E-002
 -0.502649334324621      -0.188765264876905      -4.788615191928416E-002
 -0.476984007128564      -0.239560515892760       1.947355651569638E-002
 -0.447040707387140      -0.276383277770636       7.821203023946920E-003
 -0.398812794214628      -0.354188425100206       7.165936582033886E-002
 -0.363280848293787      -0.417589786879831       3.812461755753075E-002
 -0.318854529076137      -0.488182948222782       4.220090596494987E-002
 -0.240643566505000      -0.459466426568427       5.738560386053116E-002
 -0.196884164870162      -0.483377247578062      -0.110177559993230     
 -0.117926976651586      -0.510067832538373       8.879463644255291E-002
 -4.809474053207199E-002 -0.518225765784692       0.109367445962309     
  2.514236331706482E-002 -0.499441548066016       0.133709073951053     
  6.006857842772135E-002 -0.497614911119448       0.176521097776693     
  0.152024417340184      -0.480597521563769      -0.168927971044909     
  0.187614292814202      -0.445296096303288       0.113762968804465     
  0.264620504201347      -0.420000116117111       4.592801574168517E-002
  0.250329986252012      -0.420312273984428      -7.814373684382003E-002
  0.337202141472643      -0.360718879779702      -3.892070226491761E-003
  0.400568175419438      -0.323908247859455      -5.989187241828862E-002
  0.463884712151260      -0.280059453210664      -3.415925144768561E-002
  0.474700082452360      -6.710993677687854E-002  2.105731073990141E-002
  0.466488096115980      -0.130450073330897       2.236720737565442E-002
  0.496441301949001      -7.902408027420024E-002 -4.157819306055421E-002
  0.481067436708208      -3.343686282836757E-002  2.069975963773896E-002
