  0.914019062350425       0.296982796089986      -0.835042725241292     
  0.564894846897872       0.777511054237563       -1.28318336147470     
  5.730752982019404E-017  0.961056516295154       -1.24119156742311     
 -0.564894846897872       0.777511054237563      -0.725106781165653     
 -0.914019062350425       0.296982796089986       6.794415002405253E-002
 -0.914019062350425      -0.296982796089986       0.835042725241292     
 -0.564894846897872      -0.777511054237563        1.28318336147470     
 -1.683298322827097E-016 -0.961056516295154        1.24119156742311     
  0.564894846897872      -0.777511054237563       0.725106781165654     
  0.914019062350425      -0.296982796089986      -6.794415002405267E-002
