  0.914019062350425       0.296982796089986       2.882572639892605E-003
  0.564894846897872       0.777511054237563       -1.22817935007442     
  5.730752982019404E-017  0.961056516295154       8.678317815524220E-002
 -0.564894846897872       0.777511054237563      -2.945173126815457E-002
 -0.914019062350425       0.296982796089986       5.980495690269885E-002
 -0.914019062350425      -0.296982796089986       9.935285722016084E-003
 -0.564894846897872      -0.777511054237563       0.113103481596401     
 -1.683298322827097E-016 -0.961056516295154       9.152657116048338E-002
  0.564894846897872      -0.777511054237563       3.260906130856438E-002
  0.914019062350425      -0.296982796089986       2.137383606114566E-002
  0.840485015941004       0.194946671204332      -2.879539448554709E-003
  0.934980133849754      -0.294999288353876      -1.863512099153929E-002
 -8.386453078576249E-002  0.951141369786197      -6.421076108858870E-002
  0.855624736655551      -0.285963072244085      -6.794415002405267E-002
 -0.918394955431180      -0.250194261601278      -0.162168746702127     
  0.255317055200898      -0.860217866262957      -1.653344496532982E-002
 -0.919925168950598       0.292773044634791      -6.632514526374209E-002
  0.291879234759133      -0.886741337448530       7.151685414305262E-003
  0.528006797715488      -0.650486822316187       3.553230403533722E-003
  0.887280860827430      -0.290698436630916      -2.753962957836063E-003
  0.829070860172900       0.217848685735064       1.906985141960751E-002
  0.559346658635698      -0.731543040454836       0.725106781165654     
  0.592537163850528      -0.762767556317860      -9.741211925890188E-002
  0.930599572397822      -0.299634066166872      -6.915128123825379E-004
  0.589805847112174      -0.694592475981961       1.249937480016608E-002
  5.004944882027990E-003 -0.937684865495009        1.24119156742311     
 -0.643590262097492      -0.627516999311838      -0.149668183350221     
 -4.073466459757821E-002 -0.746117049597934       4.851949154800536E-002
  0.515537223613751      -0.648415153252662       3.612012144704171E-002
  0.928905515544137      -0.287800186837585       2.595767410582845E-002
  0.817456584806667       0.227485091683088      -1.990120193749324E-002
 -7.864736817554698E-003  0.980602817263618       -1.24119156742311     
 -0.579592105813252      -0.779397474882607        1.28318336147470     
 -0.615387907549303       0.746181928742036      -4.057029345817845E-002
 -0.928521459601450       0.312831917294953      -1.704625306145220E-002
  0.872252989929543       0.229846057106305       1.390221619644996E-003
  0.889145228153441       0.281234181763460      -0.835042725241292     
 -1.981354363823755E-002 -0.674535492703603       1.738084313486681E-002
  0.548399582454423      -0.679117517519431      -4.688158606214278E-002
  0.890086391273542      -0.292576249351530      -2.689438772402445E-002
  0.814403956807236       0.234410874641337      -4.987859236741112E-003
 -0.581552694975780       0.750909884615299       6.959959526602074E-003
  0.909198127493463      -0.303867787876417      -8.828345171728047E-002
  0.564835353519546       0.775831013145753      -3.388774676136620E-002
  0.137329153915088      -0.934193453523617      -0.139437107221251     
  0.929916578807152       0.260106199387811      -4.842127858348875E-002
  0.636105868062200      -0.733904205072451      -1.934271866079744E-002
  0.104836783590732      -0.661688254558325       3.590491687420735E-003
  0.582674148490056      -0.643938026729544       8.679311461696964E-003
  0.924962150964167      -0.306698802930749      -2.974629217518967E-003
