  0.436568702405464       6.183038540014159E-003 -5.054125499872377E-003
  0.433144990102521       8.090554079969446E-002 -1.508266992129814E-002
  0.434692721389967       0.160740505139682      -2.487335162811346E-002
  0.342518269940077       0.258643139290165      -3.427176572113397E-002
 -0.168055066722618       1.369071854218344E-003 -4.312969359577076E-002
  0.341180396055680       0.267623647315271      -5.130744043797323E-002
  0.323640222940391       0.400060397302534      -5.867603829488885E-002
  0.253524482360928       0.420555164618000      -6.511927997652842E-002
  0.216650010157889       0.465536440266292      -7.053555171256558E-002
  0.480250909043554       7.403204868973500E-003  1.593717681025275E-003
  8.744366087310282E-002  0.500557538380101      -7.796305700452838E-002
 -1.563662837231760E-002  0.513716802407334      -7.985715436502286E-002
 -5.176518791121879E-002  0.480029789953382      -8.049185669683015E-002
 -0.190862940913563       0.523633359922382      -7.985715436502307E-002
 -0.297021696680438       0.449311121197993      -7.796305700452866E-002
 -0.355572618756947       0.594688127719181      -7.483943566219955E-002
 -0.298339586968024       0.389224242675272      -7.053555171256558E-002
 -0.527530142620591       0.312672238758409      -6.511927997652819E-002
 -0.437058015381640       0.414732353464911      -5.867603829488906E-002
 -0.502657727995695       0.221288051107365      -5.130744043797326E-002
 -0.348585306661881       0.301987939759764      -4.312969359577105E-002
 -0.475703330128395       0.244322075757135      -3.427176572113353E-002
  0.462580323605107       1.324468526838646E-002  0.110008261881304     
 -0.565165981918077      -3.324036757131812E-002 -1.508266992129779E-002
 -0.642107056422804       0.108423428108779      -5.054125499873309E-003
 -0.621341972700489      -0.100395996828827       5.054125499872747E-003
 -0.565757660063072      -0.171421382050650       1.508266992129870E-002
 -0.564925976033745      -0.172434510550430       2.487335162811306E-002
  0.459208020316700       1.527301482597537E-002  8.161265032763451E-003
 -0.469323773874266      -0.295337519863152       4.312969359577050E-002
 -0.443195469461366      -0.300887438553822       5.130744043797365E-002
 -0.346984539068819      -0.478806549849057       5.867603829488888E-002
  0.481152572747259       0.130888042408159       7.508709354497042E-003
 -0.152353550511526      -0.479343941813740       7.053555171256504E-002
 -0.186711925451364      -0.406765465260475       7.483943566219910E-002
 -8.349554739268479E-002 -0.621674421728602       7.796305700452870E-002
 -8.739870201071331E-002 -0.533246140441890       7.985715436502240E-002
 -1.415171710473964E-002 -0.537136533370171       8.049185669682922E-002
  0.436335090015868       7.727005296212115E-002  2.280094764134204E-002
  0.143438179233877      -0.442405693641616       7.796305700452841E-002
  0.491326987453617      -0.466657730632861       7.483943566219871E-002
  0.461074324673816      -0.424209809678854       7.053555171256584E-002
  0.179415318445986      -0.479966817715140       6.511927997652818E-002
  0.418989366012369      -0.434609840112969       5.867603829488890E-002
  0.390856073758227       0.174590387557773       3.424846353528109E-002
  0.386529125464346      -0.322046579955885       4.312969359577010E-002
  0.381425925518902      -0.264230087195008       3.427176572113427E-002
  0.438810211976739      -0.199452830898258       2.487335162811290E-002
  0.396379898661462      -0.109156787563685       1.508266992129770E-002
  0.496619323557471      -1.462136000756782E-002  5.054125499873328E-003
  0.190867365133715      -0.472248742513011       8.318696779715702E-004
  0.419085145668415       9.012842964752113E-002  3.802229532619611E-003
  0.460187077555377       0.167537938227922       6.146147099659471E-003
  0.426271285361347       0.196338862652435       7.968368215010192E-003
  0.356812454115496       0.238538257402540       9.183451258980407E-003
  0.330463188678309       0.336437523320132       9.746267728549720E-003
  0.318231611697819       0.351479572811728       9.662598106485570E-003
  0.211949358353926       0.400737841389087       8.985692650423142E-003
  0.252244906742780       0.408418903895486       7.804387160851575E-003
  0.172876545369635       0.478352881657052       6.230051937462087E-003
  2.791385758824217E-002  0.430537479426005       4.384659683608709E-003
 -0.307866212529565       0.304004574928766       2.391114925615276E-003
  2.980549308704903E-002  0.441638773807578       3.663522133133759E-004
 -7.330642955916973E-002  0.509880179971078      -1.582877184704005E-003
  0.187089408321958       0.436094987501569      -3.362002859222348E-003
 -0.311434698745221       0.497657174296113      -4.889139073695157E-003
 -0.376450956871546       0.476709345892070      -6.094956787677358E-003
 -0.326604590250379       0.346111497858674      -6.922813141458877E-003
 -0.418970194857733       0.355196274171097      -7.329906525840871E-003
  0.105956753723080      -0.200196160516860      -7.289912345226963E-003
 -0.544313641434245       0.412156304954687      -6.797043308492793E-003
 -0.493551677439092       0.239700371869942      -5.870868593423949E-003
 -0.630563514347804       0.130567238636688      -4.560996296831839E-003
 -0.640444550399943       0.109079773603373      -2.950512151787509E-003
 -0.536540804135679       6.755121943452072E-002 -1.226314089348241E-003
 -0.570965858675181      -6.645972973504664E-002  9.659707677996640E-004
 -0.607611169900094      -0.163598648428066       2.738427987576690E-003
 -0.563115799327657      -0.183353848508923       4.397960254589902E-003
 -0.490125252040338      -0.159287911624484       5.764132924722569E-003
 -0.668305705061038      -0.298797072976159       6.753373387776626E-003
 -0.462679873472123      -0.304689719975405       7.306135271694202E-003
 -0.359578170358274      -0.469454377826511       7.394154946626350E-003
 -0.312888609510967      -0.456264935599635       7.016214800261546E-003
  6.732054265427326E-002  0.242473972565914       6.195084508835824E-003
  0.103057952100152      -0.541411836823548       4.973561546158693E-003
 -0.104628880328984      -0.548285255481215       3.411538794498497E-003
 -9.697565614693688E-003 -0.550527089953477       1.584195974104324E-003
  5.036890388045550E-003 -0.438553476018364      -4.190605593489552E-004
  7.992384876054613E-002 -0.465911063305776      -2.495561443281138E-003
  7.940151539089647E-002 -0.450485799381883      -4.531002701121166E-003
  0.100109372175637      -0.404772489817687      -6.402468522175447E-003
  0.309734327544400      -0.660532932536747      -7.983440970708893E-003
  0.217434270522726      -0.330497973160428      -9.151155890401544E-003
  0.237766279320951      -0.305411844349332      -9.796308649399533E-003
  0.615492894093841       0.242457243179845       0.127446491000991     
  0.370162339883096      -0.250014941504807      -9.218713069927852E-003
  0.396465829145649      -0.245163669899709      -7.948691837081334E-003
  0.449546189898990      -0.189228749454010      -6.075732359778437E-003
  0.415991653929610      -0.120761883319487      -3.684178400391966E-003
  0.486803446742793      -3.379023143905279E-002 -6.929153733955083E-004
  0.495501521206859       8.795770476736804E-003 -1.180084301719984E-002
  0.328283150024186       3.219495015547840E-002 -2.992320623268296E-002
  0.442278313087132       0.199541772692422      -3.469733862350299E-002
  0.408168676091929       0.196976817519278      -3.513432104028912E-002
  0.367557010556931       0.259658428401075      -3.495806453084613E-002
  0.376815788388729       0.317819826120675      -3.476165665475445E-002
  0.340794852073439       0.491571559525424      -3.459100794177909E-002
  0.208494967451912       0.348889708000713      -3.448352515189559E-002
  0.194386064936810       0.415648566985278      -3.448298315929955E-002
  0.182178853807389       0.475606607390705      -3.538740621935690E-002
  3.923392339798092E-002  0.496333380773645      -4.440111565661227E-002
  0.129093009360065       0.445355012077191      -5.135456530467013E-002
  7.033718235918614E-002  0.488935693719412      -4.622899015391652E-002
 -4.418666414826886E-002  0.460572116329877      -3.731908264656381E-002
 -0.194114117892626       0.522957872311119      -5.052171320994224E-002
 -0.207368821347097       0.549269947426669      -6.679621214387506E-002
 -0.328298255112825       0.469046705432459      -7.018480543835423E-002
 -0.334777594109297       0.462436652796296      -7.227589143520485E-002
 -0.450944616943715       0.362562576741857      -7.408911407020945E-002
 -0.523987541277190       0.301907787712746      -7.496897124234816E-002
 -0.544046266526716       9.214307179585939E-002 -7.331782257398686E-002
 -0.463144010703323       0.209591038935506      -6.594490639968044E-002
 -0.466847172721500       0.129519701998926      -4.641573552893648E-002
 -0.635172004388363       0.141868533451030      -1.913163284568573E-002
 -0.491728005444142       6.209260666415040E-002 -4.300026651425470E-004
 -0.609048531927028      -6.015115031716813E-002  1.827705563168131E-003
 -0.641737132386726      -0.219644683864589       1.958551281566749E-002
 -0.491861172349100      -0.164617799320537       4.606586417104117E-002
 -0.446032670295770      -0.363466382640178       6.361199679834630E-002
 -0.499668631424120      -3.942890672756813E-002  7.156394349588864E-002
 -0.467129376296703      -0.331693416879597       7.384679502663960E-002
 -0.352230651618088      -0.474751857970061       7.353367893994894E-002
 -0.348925295766522      -0.467681226174380       7.240680737736398E-002
 -0.210716889323073      -0.542633634676699       7.144581226203592E-002
 -0.211192986306440      -0.477270269990052       7.062373148504685E-002
 -7.377902653929774E-002 -0.599851422957946       5.819252211301212E-002
 -6.417315795645215E-004 -0.525869760171993       3.968324294349506E-002
  0.100236090856022      -0.499806478728091       4.647865252438095E-002
  4.999422036997087E-002 -0.483020621215989       4.936836261736198E-002
  6.277387346138985E-002 -0.402631175703070       4.187405673003517E-002
  0.167697210463387      -0.419680722690589       3.411069468666743E-002
  0.256627243838972      -0.427225125139466       3.429815971352956E-002
  0.301845234076638      -0.419126367016514       3.508183452566913E-002
  0.261433145971423      -0.257949316130596       3.562975835957553E-002
  0.427784147746159      -0.329034767307776       3.592108166250779E-002
  0.374483269665290      -0.261536224467112       3.593330441624611E-002
  0.455126310282455      -0.182045628371255       3.587386922203692E-002
  0.457818379684915      -0.181660427383850       3.419237142280238E-002
  0.504290969267701      -0.134079145137599       2.917176493308016E-002
  0.384991280590802      -0.150547002778695       1.170028824045398E-002
  0.501441297152779       6.126216067771927E-002 -6.129212808904804E-003
  0.402259746198945      -9.021337062720246E-003  6.625246154473365E-003
  0.480660063702924       9.853611850707671E-002  2.870219619746996E-002
  0.448297745999439       0.169643274819768       1.261075368036732E-002
  0.329627363267868       0.252109268881968       1.451454701953602E-002
  0.335227619104756       0.301682788052105       1.677158443255829E-002
  0.306794825327127       0.408381966276226       2.039996652513710E-002
  0.304172013293477       0.392173776972217       2.442438151614759E-002
  0.513087424503875       4.668995828182051E-002  2.699772393159395E-002
  9.467095081385515E-002  0.442651627849895       1.775695702656279E-002
  3.698860190951452E-002  0.493148844812388      -8.029332773653206E-003
  2.147171827444021E-002  0.460837959224616      -2.625706476071914E-002
  0.101497052287448       0.630486243592460      -2.772432233191703E-002
  2.119982872211268E-002  0.490425540115762      -3.189725943666585E-002
 -8.107724370991545E-002  0.565162653640332      -2.811133926052668E-002
 -0.271064164299896       0.498252156194916       3.286541418827782E-003
 -0.357555804156442       0.427948702960904       2.301497729737952E-002
 -0.314581996652019       0.468544694269726       3.110459869323819E-002
 -0.406851683257765       0.335952617124464       3.871552755435786E-002
 -0.222441969038618       0.463877992088879       5.103184940359645E-002
 -0.430132388261277       0.229484868882181       6.600677495380344E-002
 -0.505405884059331       0.241822697473361       6.869187550449435E-002
 -0.401035577389487       0.101860424189995       4.790451156732210E-002
 -0.570207906631903       9.022008861576020E-002  1.170061175959091E-002
 -0.574349657187910       9.469254287726284E-003 -5.588995289077028E-003
 -0.551474469499684      -6.055296634537888E-002  6.146110368234618E-003
 -0.570247883264235      -8.444591102448719E-002 -9.766774885598101E-003
 -0.515222831669155      -0.202437655534749      -4.551428470056055E-002
 -0.333123473892977      -0.419318055643312      -6.476578638022347E-002
 -0.481184555835890      -0.326009571653522      -6.251732118989871E-002
 -0.393424731800467      -0.337109867838431      -4.829265859942430E-002
 -0.362842430613096      -0.493971896700492      -3.683917827119881E-002
 -0.333649157583574      -0.383997387231998      -2.991525960753547E-002
 -0.217328854106788      -0.493698163708386      -2.217388765391778E-002
 -0.111990412614587      -0.608688987155401      -2.110794076879382E-003
 -0.171531850105181      -0.529471037285511       3.029633594844879E-002
  1.615716818961286E-002 -0.508026335451521       3.175009736678701E-002
  0.146810421319007      -0.523633298776584       2.597873756679995E-002
  9.394123299795053E-002 -0.493165376303170       2.353192707696731E-002
  1.961021246177596E-002 -0.498101737691813       7.204768895865756E-003
  0.184383781869521      -0.459438767538887      -1.545673266746613E-002
  0.174589728854341      -0.379735186369452      -2.447103253272899E-002
  0.149087080537527      -0.360930668217899      -2.335775827189968E-002
  0.352303542262873      -0.341139081757693      -2.065217082212519E-002
  0.420963223039296      -0.263963524704818      -1.768343712348117E-002
  0.486174228835190      -0.237386759267604      -1.536043006567557E-002
  0.514453897825487      -0.112716937533016      -1.300845472378013E-002
  0.431339911335258      -0.123510557285128      -9.286331454491826E-003
  0.447098558322799      -0.113573952681485      -5.790382054414714E-003
  0.446571870653410      -3.714204357462406E-002  6.556148511594992E-003
  0.514958884326113       5.689961547301130E-003 -3.340457624058454E-002
  0.509141367150485       2.648011587552723E-002  0.102122996224747     
  0.456569548955260       0.152178774852226      -2.453104063816235E-004
  0.477075258420027       0.193888972252362       8.640274242661153E-003
  0.347377300504887       0.245134763493961      -6.535323202975108E-003
  0.353994494373935       0.240753101893833      -2.245536624417555E-002
  0.320208205329391       0.393255531402471      -2.238287040454917E-002
  0.329851600407172       0.403133590554759      -3.995275122792571E-002
  0.249956476539527       0.422531448208211       2.635976292762194E-002
  0.190933136217647       0.457611294665015       3.029535508070829E-002
  0.157065504776329       0.463292956018553      -1.759571378755504E-002
  3.032706097504275E-002  0.495927029545634      -3.042660780381851E-002
  3.879231952162734E-002  0.458218518588434      -1.253358000090550E-002
 -0.111596925135040       0.492526486730260      -8.946874852615945E-003
 -4.316117122699376E-002  0.467234090851599       3.442236070607909E-004
 -0.214891675305540       0.551511261891669      -1.560176830543112E-002
 -0.274942179964093       0.429510854814527      -1.398371650168276E-003
 -0.364099338376198       0.492431552291334      -3.163244924445195E-002
 -0.351838745349945       0.426932962929164      -3.634693754068494E-002
 -0.438253056173697       0.267311537355795      -2.454124709819527E-002
  0.399409318945358       0.198234761156767       0.100950988639819     
 -0.519157805613861       0.243248143963468      -5.582408167632408E-002
 -0.538215014575597       0.172681165268883       2.627033255350812E-002
 -0.582885839149950       0.122454512370591       2.573884468665108E-002
 -0.579819007815016       9.068709166246145E-003  1.507344358593590E-002
 -0.597842367588500      -7.140055348765906E-002  4.073467986814226E-003
 -0.602530741441822      -8.964035564031486E-002  2.691289234084961E-002
 -0.554175215788204      -0.168618591365344       7.662740632529684E-003
 -0.554870590949823      -0.177309452978862       6.073758614614958E-002
 -0.462344311464438      -0.328848108734856       3.453896098297431E-002
 -0.398151142615913      -0.373197701576632       2.656195319839399E-002
 -0.322861816804798      -0.185261627783212       3.772687392027830E-002
 -0.377058952316055      -0.462571163293925       3.632081960914767E-002
 -0.206505473632858      -0.445337592356783       1.092040188379187E-002
 -0.147823208834360      -0.574060334796181      -8.627415050992891E-002
 -6.811213999065215E-002 -0.541388161700162       1.118451402984889E-002
 -2.518130607893701E-002 -0.573055150046938       8.588019508359497E-003
  5.879276088309102E-002 -0.438810350790329       7.619440341289307E-003
  5.382519698473449E-002 -0.475746382669243       1.888168512757473E-002
  7.212814088882074E-003 -0.456067189657000       3.462211440325056E-003
  0.126629733862822      -0.418678039857051      -1.232495200638520E-002
  0.279683316814304      -0.358527861633562       8.350614649044009E-003
  0.401812234011234      -0.401783305656805       5.538299612859231E-002
  0.158689068278801      -0.351095078441309       3.783148586317286E-002
  0.473113077873413      -0.229918373911002       3.665798658306980E-002
  0.484756299852805      -0.178794482641423       1.597095016208140E-002
  0.440298899337757      -0.228223039033951      -6.346754436479182E-003
  0.476608693955552      -0.146550133547306      -2.344364553725242E-004
  0.459980074579685      -0.126669390408244      -2.128765323404859E-002
  0.146359285265469      -9.477865554998505E-002  1.448603619290068E-002
  0.441997954750784       3.511720197853156E-002 -2.522474674112526E-002
  0.439635204101397       0.129544227052924       1.554290523273739E-002
  0.390332619506688       0.172610558574410       1.154788177878181E-002
  0.406472415360935       0.172849225256508       5.913501742800943E-003
  0.352426747789664       0.102526759853240       1.531815700082664E-002
  0.371964924812453       0.362534998846745      -1.334674812552971E-002
  0.287159004393379       0.427685714850434      -3.878431349578459E-002
  0.202056020036738       0.382536369490315       1.066569357911603E-002
  0.251577166863525       0.543067530226393       4.264840353368517E-002
  8.775629088361624E-002  0.431284106001610       9.633204275098872E-002
  8.163273462275054E-003  0.463612535983028       2.875110126287776E-003
  0.317880901620791       0.644848039175580      -4.956176345582720E-002
  4.534184843959357E-002  0.618431621613267      -3.496529764268685E-002
 -4.627299903389250E-002  0.514624738381178      -1.870501643054876E-002
 -0.207022949628572       0.549948234202623      -1.114563722057196E-002
 -0.179755237249095       0.525100146261862      -9.181182857663627E-003
 -0.321657239395257       0.471416049056883      -1.947980483699756E-002
 -0.278186025427084       0.498085867621268       2.247794692191604E-002
 -0.447057275106838       0.360897827540585       4.783444945342177E-002
 -0.407639440298289       0.348092587847460       4.660132297510786E-002
 -0.478795415257876       0.261921645090404       1.199819903396320E-002
 -0.521456414113276       0.155879848653702      -3.890197499054987E-002
 -0.472173156367974       0.132713875814974      -2.826397676781926E-002
 -0.525422003759954       7.893615709869492E-002  5.074617069334464E-003
 -0.592851301738167       8.382978207936874E-003 -1.296104011557514E-002
 -0.554912697834841      -6.687712050403787E-002  1.353479469782896E-002
 -0.555343730696960      -6.003305620150477E-002  1.925215138268781E-003
 -0.511113048172285      -0.200148792268084      -9.127829461354646E-003
 -0.520235332101513      -0.292238669269160      -1.245299054992230E-002
 -0.442799619143915      -0.306451733322611      -4.360221292830214E-004
 -0.446858157692076      -0.332546999116020      -3.126198048586425E-002
 -0.400331041855088      -0.394344896563750      -9.922588904118417E-003
 -0.336136660014340      -0.469251131090942       3.513207588481015E-003
 -0.200115117683138      -0.484716866731319      -2.935760233701824E-002
 -0.229296342122989      -0.447297203925973       6.107750305524968E-002
 -7.914290140560071E-002 -0.616832601879257       0.110391217401886     
  3.670332079892860E-003 -0.534225689465999       3.445206609376959E-002
  9.675984524429279E-002 -0.480356969745546       4.806040131760686E-002
 -3.230172162620236E-003 -0.520851148477528       6.725705806347357E-002
  6.824759403375513E-002 -0.407948620143591       1.174210872808882E-002
  0.141635825965872      -0.420216418588868      -5.418259330732234E-002
  0.390332257607608      -0.326803154016955      -4.733351362020929E-002
  0.343236814146997      -0.356263596741729       7.220212731449403E-003
  0.272449152663173      -0.332145733389708       2.019830141226036E-002
  0.408945195400701      -0.320301206543105       7.943265883051831E-004
  0.453387477005527      -0.253812445653358      -2.432281599545226E-002
  0.483042526804862      -0.150338577460126       7.802818713509162E-003
  0.459079697237090      -0.133794780196667       1.523339939776623E-002
  0.460031643790608      -8.730940459844630E-002 -4.775468747046280E-003
  0.474079351011774      -2.966886046702268E-002 -5.439085664348818E-003
  0.571928260022124      -8.041094809114376E-002  1.062574446980331E-002
  0.524792576181460       0.241968639465043       3.261519231623901E-002
  0.396360062637261       0.218383213383901       5.286049383257949E-003
  0.420526582702499       0.191976221430087       4.986258798142353E-002
  0.329995625270654       0.212980865208051      -9.816978829416777E-003
  0.404430980453771       0.183167602118409       4.510353769409291E-002
  0.296178607210719       0.439789379387682      -1.394039292183602E-002
  0.193647512553637       0.402901345743547      -2.639264056887758E-002
  0.235423416812094       0.429970348182927       4.600582019061127E-002
  0.188048082648398       0.457763047771473       4.429677338932562E-002
  5.955577961309212E-003  0.446376155092033      -2.771720657642612E-002
  5.201675815342224E-002  0.516734038986290       1.706703973172292E-002
  2.328184487883256E-002  0.511678144693593       4.252533829752111E-002
 -0.109262456885054       0.496740119554280       4.712103896655881E-002
 -0.219245724790556       0.508976551301885       4.687956804707068E-002
 -0.293734556118816       0.510503461297867      -1.397649029764554E-002
 -0.278645219230644       0.506977451040702       4.204045358827446E-002
 -0.296159438647799       0.384455848870399       4.716805867947553E-002
 -0.341936214003485       0.411781426577642      -2.322131424058987E-002
 -0.407661150355827       0.347226026462401       1.565120374687719E-002
 -0.417393803690637       0.247654958114864       2.994051354379879E-003
 -0.530189870538981       0.188265487821443       2.857555365441886E-002
 -0.522871057238338       0.140095161565509       8.461410379656255E-003
 -0.526322001976979       0.101846752429998       1.909301384906180E-002
 -0.545899469490156       4.412320098684402E-002  4.743308748084495E-003
 -0.559846127582074      -5.468859232406890E-002  1.191644329735226E-002
 -0.567180015722226      -8.990827996416292E-002  2.041246190454534E-002
 -0.494228381829328      -0.177413709321986       2.413834461559126E-002
 -0.547133145535115      -0.243604766951480       4.119328582770823E-002
 -0.476274166145606      -0.330088478691023       3.041735471460230E-002
 -0.490896761246231      -0.299083518488387       2.128090150155281E-002
 -0.302362120680214      -0.325026137720019       2.100777127841227E-003
 -0.375033354096146      -0.478995106109238       3.819533446172519E-003
  0.601719314029247       0.298937156619235       5.605523258107309E-002
  0.514769402819804       2.495570431829074E-002  7.239292958390593E-002
 -2.933255084508909E-002 -0.572396657731967       2.111684341229130E-002
  4.271731908711093E-002 -0.502606997610021      -1.101691775264066E-002
  9.904384047175939E-002 -0.527331398815483      -2.200388646224021E-002
  4.227080824055445E-002 -0.457589053017421      -3.453908728175624E-002
  0.176755621739910      -0.485654748862315       4.191630135712484E-002
  0.170386816394837      -0.488490420759764       5.682413287653038E-002
  0.310480635519460      -0.435887086248631      -8.731186189304999E-003
 -0.105813043149890      -0.481904458920615       4.966135376679182E-002
  0.373654414004436      -0.360148733996249       2.751863936702272E-002
  0.485314426119537      -0.216677887037237       1.860831563279416E-002
  0.276670470585923      -0.115248022124353       5.971941084161009E-002
  0.513626028260883      -0.209411617639765       3.642726918272067E-002
  0.477046410752257      -0.125658427414288       2.007950734912605E-002
  0.579030252351179      -7.021654498480683E-002  2.625237763996200E-002
  0.479981585505534      -5.334038206111275E-002  2.886799219743209E-003
  0.491342819449712       4.846725338598758E-002 -0.111896647946628     
  0.386763938940167       0.102841436473689      -5.046928696999106E-003
  0.418059423549527       0.194218751210023       1.040890355685962E-002
  0.386293905117247       0.204234843769533       1.359211747185669E-002
  0.325429320229678       0.227645947283515      -1.945528495720825E-002
  0.331672316808328       0.362425470594519       1.105087932145921E-003
  0.308132939137838       0.369614697100907      -1.051218401131924E-002
  0.229489377243458       0.392429123935972       5.202900096004934E-002
  0.194039176428507       0.407286016824666      -5.588697959104569E-002
  0.198982345739509       0.457776128254744       4.090765849210855E-002
  5.847091750332041E-003  0.485365756217483      -1.471840969333073E-002
  0.466206297426542       3.365709835877594E-002 -0.104659283521182     
  5.025873697913082E-002  0.487771065631180      -8.263246852693537E-002
 -1.549051190446331E-002  0.530188973452078      -5.284469213233268E-002
 -4.451241046669861E-002  0.582592628643144      -5.316390657005842E-003
 -0.261760827110556       0.535085867909112       9.599416332331915E-003
 -0.275434906339286       0.454309985107783      -2.396222783653158E-002
  0.508008942612902       3.196121358636919E-002 -3.081826327880414E-002
 -0.343248787424747       0.456016813505594       9.613788219327118E-002
 -0.480746472666429       0.259990968555812       1.685086226490703E-002
 -0.486829269513428       0.195665145595857       4.787318133069650E-002
 -0.437794490213760       0.290603902606322      -1.955646113604799E-002
 -0.528690397079853       0.183254521953538      -4.205173471374148E-002
 -0.518352331654007       5.204843130296565E-002 -6.075329319700954E-003
 -0.627026528050870      -7.231336176860760E-002  2.073569614666421E-002
 -0.560270928311431       2.433327515261557E-002  1.074248735421237E-002
 -0.546165632028826      -7.785967997262735E-002 -3.144192565335897E-002
 -0.550333664338486      -0.173020341820771       2.122299367865190E-002
 -0.491705377475818      -0.296083868168907      -9.524023481020477E-004
 -0.457365268381152      -0.301848727263594       9.916463586530836E-003
 -0.367597072362865      -0.226860529755521      -2.844927095615882E-002
 -0.403125762080093      -0.380803902891936      -3.629654330073807E-002
 -0.278343057784408      -0.425508520838549      -2.526959341982200E-002
 -0.197420290275467      -0.430081840832127      -4.595242374789218E-002
 -0.246445226346419      -0.499808664456521      -5.987356517710899E-002
 -9.629688524880131E-002 -0.587599854573390      -8.927585760412757E-003
  1.608333122592841E-002 -0.554708788696173       6.309688244601677E-002
  4.002749126873070E-002 -0.494919412277741       8.897005946978960E-002
  0.122291149004178      -0.528309017865803       0.105297904447346     
  0.108683087239710      -0.441625388069776      -5.998697870282464E-002
 -0.125236256138429      -0.341983470383937       6.532972078017181E-002
  0.161744583910668      -0.335513179309439       1.410115635444810E-002
  0.304484812057149      -0.420815729624172      -5.038030532629247E-002
  0.275710115382313      -0.329172278976423       2.901272391481977E-002
  0.421642451550672      -0.314671816929852       2.787267913405811E-003
  0.473497654831342      -0.220084970324696       5.119795406098888E-002
  0.507158449554694      -0.152741616706543       3.375709480998470E-002
  0.426985302015074      -0.121679564113084       2.308682470165520E-002
  0.543872695212053      -6.376504629940836E-002  8.526053873249699E-002
  0.536000370102204       1.245403182427204E-002  1.653464593788986E-002
  0.508582833317442       5.702773024032913E-002  7.788386664602957E-002
  0.508248044663410       0.123459781962358       5.505320567741262E-003
  0.403948976541551       0.173478016593121       3.531516647050868E-002
  0.393479471710931       0.205084257102380       5.419045801753227E-002
  0.321506512942283       0.235960149999615      -1.396384355816369E-002
  0.323656981563609       0.337330510022185      -1.696024517491144E-002
  0.352298453815137       0.397614856924791      -2.244709802163743E-002
  0.311672686163171       0.382938273678448      -4.319842975003509E-002
  0.178258527498674       0.392038328225493      -2.547977006451384E-002
  0.173400315595964       0.450866727831161       5.474752430524205E-002
  8.025710152604580E-002  0.419076043399512       6.673962780231873E-003
  0.123369540381761       0.330445245263840      -2.351800948619938E-003
 -1.000627150115805E-002  0.493632131713647       1.066337336038653E-002
 -4.503661305311294E-002  0.482153675524437      -6.018231621750911E-002
 -0.200588582347647       0.538848829834808      -0.122622837695061     
 -0.215564137995091       0.519557671979135       6.739972379694940E-002
 -0.287454481979577       0.447603748856062       0.136196712667007     
 -0.357491634704918       0.474743020397117       4.935280279791492E-002
 -0.358151664553214       0.390008162659335       2.513123626986126E-002
 -0.392678133479165       0.357541186636317       3.115478145755581E-002
 -0.442463731713548       0.260258652553682       4.872265066004933E-002
 -0.471940338539256       0.153773943755633       1.763702445799360E-002
  0.490734147501870       1.340869544224299E-002  0.178162569658531     
 -0.511361300648595       7.420777754023110E-002 -4.125759680179216E-002
 -0.538364770876561       4.266462406980123E-002 -2.998858285384073E-002
 -0.553670953008105      -0.246375041069820      -2.511488645026407E-002
 -0.525238434642461      -0.100743797381065      -3.654369676452080E-003
 -0.516399522730811      -0.159653601054876      -4.424255060649397E-002
 -0.504913207649590      -0.273925230084152      -1.517740139012736E-002
 -0.451946485122666      -0.307973489645052       2.386019825225162E-002
 -0.365455374127577      -0.346317849206106       1.628286125287637E-002
 -0.388951758872482      -0.452527493782520       5.889116881289625E-004
 -0.361811965478871      -0.446440220320818      -7.132691051083649E-003
 -0.202951031955557      -0.558226519838160       1.097286146044421E-002
 -0.259942413344384      -0.433226042127376       4.321157597066673E-002
 -6.486059299149637E-002 -0.564733548744320      -0.143355619993404     
 -1.823002680696469E-002 -0.548907388068054       5.449413512467459E-002
  4.396720039542806E-002 -0.465779019630941       7.619235094383329E-003
 -7.722222806828393E-003 -0.507190042640501      -4.173514941076763E-002
  0.140238213457178      -0.423554021556178       7.426241936374993E-002
  0.171874332434089      -0.412145171879061      -7.406393252450894E-002
  0.301022378226698      -0.408488547677642      -2.828935273009351E-002
  0.336830134342523      -0.382092397628457      -1.141855746137137E-002
  0.351945110127310      -0.337049692857996       9.661117436626407E-003
  0.369147277972418      -0.364806626495686      -3.361536300690133E-002
  0.474925293025383      -0.265965307081754       5.725187630943760E-002
  0.471499852612403      -0.165415202690723      -2.658444674345224E-002
  0.490581203068739      -0.155971586407551       1.533257472421007E-002
  0.516427049940132      -6.379458156772387E-002  7.640217554124337E-002
  0.513002079794965       6.182755105283472E-002  3.991126019952819E-002
  0.646555693873447       2.413013959740155E-002 -1.982139865151020E-002
  0.527687532438882       0.107219022863212       2.316795592969555E-002
  0.395234710751764       0.119794677969410       0.108321825202934     
  0.395012894371833       0.181482524149740       5.671121670965308E-002
  0.330823390169089       0.224349288353799      -2.071235079770834E-002
  0.368088329392211       0.257970621349051       1.685185582820106E-003
  0.385754843891110       0.282303418536547      -4.157895829492407E-002
  0.292516319159279       0.425931548975350       6.895972331352122E-002
  0.205008564353731       0.491121070050686      -5.471662657582864E-002
  0.180272472792112       0.444795433669967       0.245145966422575     
  9.997014958072102E-002  0.435637255518485       7.761466172310008E-002
  1.166328284601608E-002  0.491665575337630      -3.869697552938601E-002
  5.328247871488111E-002  0.491803945477798      -8.687988553712389E-002
 -2.688426584362563E-002  0.484945994689575       4.522977351233313E-002
 -0.226633599854392       0.549959444975401      -8.014885701452046E-002
 -0.242761603928757       0.554282026897537       1.856794276987968E-002
 -0.222366059924874       0.445711554293469      -1.271864778952956E-003
 -0.359320349672632       0.453581172556550      -8.658862402112028E-003
  0.297304023674033       0.662397736087371       2.668931926751757E-002
 -0.425388181161993       0.305193139835041      -1.121704823761729E-002
 -0.445138658626769       0.244402732346465       3.820086198232777E-002
 -0.472625627474798       0.232731243206801       3.738508439000875E-002
 -0.509115507373568       0.151396590825141      -6.829767660091883E-004
 -0.517500743753900       6.729362089632947E-002 -7.593307391420971E-003
 -0.535119986324351       4.327316875338598E-002  2.005330588825885E-002
 -0.562197398342042      -6.009143246411050E-002  1.755866898408020E-002
 -0.494980590153786      -4.789813852723666E-002 -5.758516932576920E-002
 -0.521572484247518      -0.202074957016386      -4.788615191928416E-002
 -0.489043608277855      -0.286146274382971       1.947355651569638E-002
 -0.467898130663254      -0.294073427848422       7.821203023946920E-003
 -0.347033048496523      -0.322441960654218       7.165936582033886E-002
 -0.374354925440444      -0.467971676380451       3.812461755753075E-002
 -0.300217158282945      -0.498350433527549       4.220090596494987E-002
  0.489769981014771       2.048949390607774E-002  0.117713963818795     
 -0.218225085696414      -0.459725931624039      -0.110177559993230     
 -9.737710543620218E-002 -0.532058203281396       8.879463644255291E-002
  2.649946744629377E-003 -0.547102155029745       0.109367445962309     
  3.079994852411466E-002 -0.488237204063252       0.133709073951053     
  1.164482836200229E-002 -0.480646447710337       0.176521097776693     
  0.143004737961381      -0.439186130060011      -0.168927971044909     
  8.408083532044980E-002 -0.550403593738566       0.113762968804465     
  0.256505273626098      -0.405988854020475       4.592801574168517E-002
  0.254178366626685      -0.424454202255850      -7.814373684382003E-002
  0.313848639434315      -0.329839763302376      -3.892070226491761E-003
  0.426096701130986      -0.323041034200743      -5.989187241828862E-002
  0.485622679385969      -0.262076463370359      -3.415925144768561E-002
  0.469522181584858      -7.232779351240019E-002  2.105731073990141E-002
  0.504866803460169      -0.123037308839976       2.236720737565442E-002
  0.525484659787955      -5.649456134428586E-002 -4.157819306055421E-002
  0.432232504065130      -4.574144475670432E-002  2.069975963773896E-002
