  0.503569964608078       3.933001956238388E-002 -5.054125499872377E-003
  0.493892457561772       7.390250713133222E-002 -1.508266992129814E-002
  0.462304135285107       0.202093875079907      -2.487335162811346E-002
  0.361693541363943       0.265356863912265      -3.427176572113397E-002
 -0.224386862711232       0.130038207868136      -4.312969359577076E-002
  0.392418817678589       0.324896988109945      -5.130744043797323E-002
  0.348848478523379       0.400319371871867      -5.867603829488885E-002
  0.290565383885487       0.421336316962157      -6.511927997652842E-002
  0.238578627883956       0.455719978699587      -7.053555171256558E-002
  0.183136328524173       0.480341478268221      -7.483943566219958E-002
  0.108445287312315       0.505587707234702      -7.796305700452838E-002
  3.684389247249531E-002  0.522076252830604      -7.985715436502286E-002
 -4.426256751728529E-002  0.503104253739930      -8.049185669683015E-002
 -0.114840201978819       0.488349038437179      -7.985715436502307E-002
 -0.161721985867633       0.471538287671411      -7.796305700452866E-002
 -0.212362142007128       0.449084381017149      -7.483943566219955E-002
 -0.262524766115780       0.428647536695063      -7.053555171256558E-002
 -0.503041637663179       0.307481503415352      -6.511927997652819E-002
 -0.351460950122302       0.363543816597092      -5.867603829488906E-002
 -0.404606323385445       0.325090260331400      -5.130744043797326E-002
 -0.441461203796504       0.274114217918485      -4.312969359577105E-002
 -0.461723404231452       0.236395536079884      -3.427176572113353E-002
 -0.544525783792658       0.150498178910089      -2.487335162811233E-002
 -0.473954045136313      -8.732125679524166E-003 -1.508266992129779E-002
 -0.606548832008693       9.421848988082335E-002 -5.054125499873309E-003
 -0.524916064958176      -3.526832522505411E-002  5.054125499872747E-003
 -0.524543778424213      -8.246099321932127E-002  1.508266992129870E-002
 -0.505361131775662      -0.144600209145382       2.487335162811306E-002
 -0.462568134536437      -0.243382542349334       3.427176572113359E-002
 -0.450234014212912      -0.280551747283071       4.312969359577050E-002
 -0.402797022638732      -0.323227302966671       5.130744043797365E-002
 -0.346663978799683      -0.396472871831513       5.867603829488888E-002
 -0.312436967844012      -0.402909569511305       6.511927997652855E-002
 -0.261963274440527      -0.425850828179239       7.053555171256504E-002
 -0.210443365773369      -0.448565380064006       7.483943566219910E-002
 -0.161714411169715      -0.470486535964551       7.796305700452870E-002
 -0.125838857168515      -0.487587397852033       7.985715436502240E-002
 -4.304381641548652E-002 -0.502816695728617       8.049185669682922E-002
  3.706212131051961E-002 -0.523068954655843       7.985715436502266E-002
  0.110336289597813      -0.505839623539917       7.796305700452841E-002
  0.171837027799523      -0.495486919156980       7.483943566219871E-002
  0.242698186602859      -0.460004354658134       7.053555171256584E-002
  0.307961739772585      -0.435460650077319       6.511927997652818E-002
  0.362784489662671      -0.356467063053210       5.867603829488890E-002
  -1.63119961168690       -1.89708682583325       5.130744043797383E-002
  0.330254315443193      -0.356857327411412       4.312969359577010E-002
  0.384975820271363      -0.238168912479685       3.427176572113427E-002
  0.450497816999513      -0.161511226062351       2.487335162811290E-002
  0.467774732442118      -8.512138077817386E-002  1.508266992129770E-002
  0.497130477847552      -3.509798767337290E-002  5.054125499873328E-003
  0.488000266262547       3.625385844956009E-002  8.318696779715702E-004
  0.470767439813107       9.204477911214476E-002  3.802229532619611E-003
  0.464369766320699       0.145992048498056       6.146147099659471E-003
  0.458619605561677       0.204766317182056       7.968368215010192E-003
  0.422761043163548       0.272715179915291       9.183451258980407E-003
  0.387659472521763       0.330540334792617       9.746267728549720E-003
  0.341195517620378       0.369786406627813       9.662598106485570E-003
  0.295073684135257       0.403565811200416       8.985692650423142E-003
  0.239986153195108       0.427515200644966       7.804387160851575E-003
  0.192017691745583       0.464347199722375       6.230051937462087E-003
  0.142856317196350       0.485696033497613       4.384659683608709E-003
  0.109358731274883       0.514021254061052       2.391114925615276E-003
  9.597050988049974E-002  0.506861726153403       3.663522133133759E-004
 -8.802888512581573E-002  0.499784308239621      -1.582877184704005E-003
 -9.021873464207661E-002  0.483178257661771      -3.362002859222348E-003
 -0.173260681471146       0.480069532697972      -4.889139073695157E-003
 -0.266155627266032       0.463867184059028      -6.094956787677358E-003
 -0.299615233381198       0.413164921559888      -6.922813141458877E-003
 -0.367183802803674       0.354735701071719      -7.329906525840871E-003
 -0.394789956661753       0.433916985810231      -7.289912345226963E-003
 -0.447796590889667       0.279794462981548      -6.797043308492793E-003
 -0.486930121742358       0.220923287538919      -5.870868593423949E-003
 -0.528028768684927       0.137261198630820      -4.560996296831839E-003
 -0.569491397021746       0.106376005052935      -2.950512151787509E-003
 -0.503321165493410       2.624883773450960E-002 -1.226314089348241E-003
 -0.542542049206365      -2.243064052936529E-002  9.659707677996640E-004
 -0.571270884875810      -0.112873377511694       2.738427987576690E-003
 -0.510001320258577      -0.149203585462031       4.397960254589902E-003
 -0.483311399526112      -0.218630892213226       5.764132924722569E-003
 -0.664001490301627      -0.251028038575663       6.753373387776626E-003
 -0.419030069716957      -0.317097526222085       7.306135271694202E-003
 -0.369372882183983      -0.360371049874579       7.394154946626350E-003
 -0.292621437928946      -0.407278055971987       7.016214800261546E-003
 -0.204832989651626      -0.453839166969865       6.195084508835824E-003
 -2.788337412122216E-002 -0.571799115481474       4.973561546158693E-003
 -0.110277095665583      -0.491209765146659       3.411538794498497E-003
 -8.849657696752825E-002 -0.488259291940158       1.584195974104324E-003
  8.561796187480353E-002 -0.519616017500004      -4.190605593489552E-004
  0.110314284811386      -0.513339409137979      -2.495561443281138E-003
  0.144779159876444      -0.487754148635497      -4.531002701121166E-003
  0.194157621173149      -0.477525253844514      -6.402468522175447E-003
  0.280270491335351      -0.462921051184083      -7.983440970708893E-003
  0.292493675845850      -0.402680887932260      -9.151155890401544E-003
  0.345585764524380      -0.365476794110748      -9.796308649399533E-003
  0.372738400008311      -0.317091361420893      -9.834583016521440E-003
  0.380378422836038      -0.200016438585406      -9.218713069927852E-003
  0.431352061411786      -0.223599155614996      -7.948691837081334E-003
  0.456795190273490      -0.141012995164221      -6.075732359778437E-003
  0.462236713056920      -8.459578568881400E-002 -3.684178400391966E-003
  0.489871564987084      -3.492690572062530E-002 -6.929153733955083E-004
  0.502842639464674       3.774892479498523E-002 -1.180084301719984E-002
  0.496488338370913       9.355969669122577E-002 -2.992320623268296E-002
  0.476932849679770       0.140199894154653      -3.469733862350299E-002
  0.450763688860152       0.220307257634742      -3.513432104028912E-002
  0.425206336043170       0.293718411029551      -3.495806453084613E-002
  0.396845314028310       0.343374773875551      -3.476165665475445E-002
  0.358034308838064       0.518854899546274      -3.459100794177909E-002
  0.287998468986208       0.410270549633468      -3.448352515189559E-002
  0.239622200491263       0.444433685551672      -3.448298315929955E-002
  0.183132826118348       0.481938279940567      -3.538740621935690E-002
  0.125009634469556       0.484941814961584      -4.440111565661227E-002
  9.350933066401744E-002  0.522135329267888      -5.135456530467013E-002
  9.921480803924507E-002  0.580199111977002      -4.622899015391652E-002
 -7.914475365619587E-002  0.492074370015865      -3.731908264656381E-002
 -0.127843623189810       0.485890765346769      -5.052171320994224E-002
 -0.206284113674858       0.522015418674805      -6.679621214387506E-002
 -0.250965743205346       0.468520905466391      -7.018480543835423E-002
 -0.303277614999990       0.444076190226747      -7.227589143520485E-002
 -0.376435147057196       0.392307265623212      -7.408911407020945E-002
 -0.431166633907367       0.331611873205488      -7.496897124234816E-002
 -0.537140899621679       0.143241382864084      -7.331782257398686E-002
 -0.455612446436056       0.233041540887578      -6.594490639968044E-002
 -0.498034316838666       0.175950154151990      -4.641573552893648E-002
 -0.504588925548605       0.104617019137642      -1.913163284568573E-002
 -0.541991097628651       4.241164965276283E-002 -4.300026651425470E-004
 -0.536027146538023      -5.557953331206597E-002  1.827705563168131E-003
 -0.490466534603554      -0.110531125621774       1.958551281566749E-002
 -0.491318859734794      -0.177528209143622       4.606586417104117E-002
 -0.467206692488647      -0.328530695912398       6.361199679834630E-002
 -0.491776329950376      -8.031728476773023E-002  7.156394349588864E-002
 -0.435385794558566      -0.331509229269551       7.384679502663960E-002
 -0.366824397852417      -0.394461290954758       7.353367893994894E-002
 -0.303280521898394      -0.436219791223471       7.240680737736398E-002
 -0.252176057421225      -0.458552782343220       7.144581226203592E-002
 -0.195526772806567      -0.493139316554633       7.062373148504685E-002
 -0.122083697987856      -0.478369098974275       5.819252211301212E-002
 -8.107722447060697E-002 -0.491221735969666       3.968324294349506E-002
  5.185876311241112E-002 -0.565132714738726       4.647865252438095E-002
  7.919651355812363E-002 -0.498787638896490       4.936836261736198E-002
  0.127068331205268      -0.482061319396092       4.187405673003517E-002
  0.183134770206730      -0.481936080196237       3.411069468666743E-002
  0.251847334435115      -0.467419564198126       3.429815971352956E-002
  0.292022004270339      -0.400630793896102       3.508183452566913E-002
  0.325513517532230      -0.255767087514404       3.562975835957553E-002
  0.398925813457998      -0.352386307569349       3.592108166250779E-002
  0.433730826382993      -0.278167368883342       3.593330441624611E-002
  0.460934357436064      -0.182035363773309       3.587386922203692E-002
  0.451545311843892      -0.168656698789401       3.419237142280238E-002
  0.482857960816474      -7.485049142068380E-002  2.917176493308016E-002
  0.384689502959856      -9.877916106540643E-002  1.170028824045398E-002
  0.502630801807395       2.859704745508081E-002 -6.129212808904804E-003
  0.425387285495993       3.954660741302973E-002  6.625246154473365E-003
  0.480169368085550       0.142758575888851       1.027387022910240E-002
  0.552489045195458       0.164526582922475       1.261075368036732E-002
  0.422568424975965       0.293974657490679       1.451454701953602E-002
  0.397099330677998       0.333104800893368       1.677158443255829E-002
  0.336732547276300       0.386571963228007       2.039996652513710E-002
  0.295385154835666       0.410764891928950       2.442438151614759E-002
  0.464150326234123       2.707518608930719E-002  2.699772393159395E-002
  0.214702941524630       0.443252441189431       1.775695702656279E-002
  0.123086470582486       0.483133572260772      -8.029332773653206E-003
  8.349194547873391E-002  0.499306376716274      -2.625706476071914E-002
  8.515557144621869E-002  0.665276299672983      -2.772432233191703E-002
 -7.012150203192861E-002  0.505203173352052      -3.189725943666585E-002
 -0.105639885308210       0.484944394738561      -2.811133926052668E-002
 -0.189923093987095       0.475836585949900       3.286541418827782E-003
 -0.255092231413053       0.454829303517209       2.301497729737952E-002
 -0.287040195501475       0.378065400382576       3.110459869323819E-002
 -0.360823371771508       0.370383571689851       3.871552755435786E-002
 -0.405279350400130       0.324005402045466       5.103184940359645E-002
 -0.440004425424354       0.278780532525706       6.600677495380344E-002
 -0.472593785469291       0.228701284564620       6.869187550449435E-002
 -0.502521921806077       0.185921749511157       4.790451156732210E-002
 -0.531611203083334       9.210934695719915E-002  1.170061175959091E-002
 -0.535074472700740       3.075314124312872E-002 -5.588995289077028E-003
 -0.531194666518832      -3.299684999357116E-002  6.146110368234618E-003
 -0.501782821788808      -0.105247342536902      -9.766774885598101E-003
 -0.500002201061524      -0.183507439651162      -4.551428470056055E-002
 -0.467574650672464      -0.214059242729971      -6.476578638022347E-002
 -0.444572679271910      -0.281755457585481      -6.251732118989871E-002
 -0.405112761952384      -0.332358368517098      -4.829265859942430E-002
 -0.348650659876666      -0.381130103954262      -3.683917827119881E-002
 -0.304379974439418      -0.417397251355678      -2.991525960753547E-002
 -0.261830888617150      -0.462109383316384      -2.217388765391778E-002
 -0.162776865767644      -0.487211918710305      -2.110794076879382E-003
 -0.108144078302684      -0.486284759916504       3.029633594844879E-002
 -7.034256038747239E-002 -0.507165021224354       3.175009736678701E-002
  4.502299328605953E-002 -0.594214268013790       2.597873756679995E-002
  8.602207735714150E-002 -0.495898694376991       2.353192707696731E-002
  0.128595861217672      -0.482240785831191       7.204768895865756E-003
  0.205570137202243      -0.430852624958787      -1.545673266746613E-002
  0.217499651259357      -0.423592387156831      -2.447103253272899E-002
  0.299240912917413      -0.416913978361029      -2.335775827189968E-002
  0.354517647162374      -0.365007974448900      -2.065217082212519E-002
  0.392878056799659      -0.328199489114906      -1.768343712348117E-002
  0.439757912819284      -0.275271763708682      -1.536043006567557E-002
  0.525149604310262      -0.184926320386994      -1.300845472378013E-002
  0.464718852517884      -0.150388627995512      -9.286331454491826E-003
  0.503721861964067      -6.612138327926403E-002 -5.790382054414714E-003
  0.505698900942318      -3.596631715442256E-002  6.556148511594992E-003
  0.501373046824935       3.795078825825971E-002 -3.340457624058454E-002
  0.892663936699886      -0.183051828215775      -2.198938622351976E-003
  0.488653180416966       0.161227709399766      -2.453104063816235E-004
  0.439967254554014       0.224328366451860       8.640274242661153E-003
  0.428841452748385       0.270643309019712      -6.535323202975108E-003
  0.398516021149183       0.327366696284393      -2.245536624417555E-002
  0.355019373525239       0.356866283302759      -2.238287040454917E-002
  0.275840498487112       0.408000841088739      -3.995275122792571E-002
  0.265118568127923       0.455206787806796       2.635976292762194E-002
  0.189345353191418       0.457459452890913       3.029535508070829E-002
  0.125603483058625       0.477746822638957      -1.759571378755504E-002
  7.778043594805215E-002  0.488084200246134      -3.042660780381851E-002
  0.121088789276050       0.542503191002055      -1.253358000090550E-002
 -7.242742526532019E-002  0.511341670093192      -8.946874852615945E-003
 -0.106106192853303       0.492259643899871       3.442236070607909E-004
 -0.174999031435599       0.479435583155791      -1.560176830543112E-002
 -0.240592727647488       0.432943478155645      -1.398371650168276E-003
 -0.301143385591638       0.436543694536346      -3.163244924445195E-002
 -0.335818028100567       0.389172678021700      -3.634693754068494E-002
 -0.390172978416078       0.325209178949746      -2.454124709819527E-002
 -0.436169712376826       0.283590921646563      -3.549137024101738E-002
 -0.477637403140121       0.223932221414449      -5.582408167632408E-002
 -0.493104112551871       0.162947668186914       2.627033255350812E-002
 -0.518034686982185       0.125023006484106       2.573884468665108E-002
 -0.517294968495083       3.272597051126588E-002  1.507344358593590E-002
 -0.520354169230787      -3.520944296812471E-002  4.073467986814226E-003
 -0.494533369424183      -8.792412354150451E-002  2.691289234084961E-002
 -0.475797391783249      -0.146431634413485       7.662740632529684E-003
 -0.473151980638478      -0.220373891171752       6.073758614614958E-002
 -0.426576174071812      -0.296239035402202       3.453896098297431E-002
 -0.403324908418034      -0.338470010392256       2.656195319839399E-002
 -0.391877218846930      -0.362514436417572       3.772687392027830E-002
 -0.307050153778875      -0.433505087239177       3.632081960914767E-002
 -0.243641389488942      -0.428211118894496       1.092040188379187E-002
 -0.179644799661544      -0.476200075360268      -8.627415050992891E-002
 -0.107153597255348      -0.483612594424488       1.118451402984889E-002
 -7.424387732832045E-002 -0.513866519198370       8.588019508359497E-003
  8.777112226219859E-002 -0.533564811206753       7.619440341289307E-003
  7.985652964717445E-002 -0.493619437992881       1.888168512757473E-002
  0.127606855319154      -0.476550374662164       3.462211440325056E-003
  0.187159277229787      -0.476311990887648      -1.232495200638520E-002
  0.245751622122097      -0.446535993285883       8.350614649044009E-003
  0.303990981652677      -0.429825443515466       5.538299612859231E-002
  0.350725390117747      -0.361574220743362       3.783148586317286E-002
  0.406494340636669      -0.316629328998317       3.665798658306980E-002
  0.429036420658392      -0.265458135859700       1.597095016208140E-002
  0.455263248475979      -0.205096950396812      -6.346754436479182E-003
  0.476929486481172      -0.157922814094375      -2.344364553725242E-004
  0.485033287441060      -8.064688362653656E-002 -2.128765323404859E-002
  0.491072285076554      -3.916976298051613E-002  1.448603619290068E-002
  0.496946309471720       3.176985946890198E-002 -2.522474674112526E-002
  0.490104239428876       8.652707038038007E-002  1.554290523273739E-002
  0.479236927600744       0.150781647681766       1.154788177878181E-002
  0.454989881675906       0.213540881749615       5.913501742800943E-003
  0.422495690731002       0.249163727397823       1.531815700082664E-002
  0.425997817739235       0.400917493769151      -1.334674812552971E-002
  0.253817256525473       0.403774594023597      -3.878431349578459E-002
  0.281656159898152       0.389618882145609       1.066569357911603E-002
  0.236298157293611       0.439975585744333       4.264840353368517E-002
  0.171648610942494       0.472027620571471       9.633204275098872E-002
  0.126630684338942       0.481835991676198       2.875110126287776E-003
  6.419355882986101E-002  0.505803010369178      -4.956176345582720E-002
 -3.969559992580697E-005  0.508707151374998      -3.496529764268685E-002
 -6.547218237944435E-002  0.501157339521045      -1.870501643054876E-002
 -0.116028151507685       0.491477913202951      -1.114563722057196E-002
 -0.239794390316832       0.496213177515651      -9.181182857663627E-003
 -0.247529604371198       0.448391542568088      -1.947980483699756E-002
 -0.314785165303156       0.442607420042104       2.247794692191604E-002
 -0.348271271537384       0.367640089066607       4.783444945342177E-002
 -0.378703960068438       0.332202763972485       4.660132297510786E-002
 -0.434186923856913       0.271949872693976       1.199819903396320E-002
 -0.466502149869272       0.220617647013478      -3.890197499054987E-002
 -0.492609604919610       0.160767693424709      -2.826397676781926E-002
 -0.507984037757771       9.944247067394270E-002  5.074617069334464E-003
 -0.519952020323254       3.450802064254414E-002 -1.296104011557514E-002
 -0.516358869583558      -3.415353455523595E-002  1.353479469782896E-002
 -0.497871708751665      -9.590024442394440E-002  1.925215138268781E-003
 -0.487713616098018      -0.157336214227404      -9.127829461354646E-003
 -0.474244225266156      -0.213448464593894      -1.245299054992230E-002
 -0.433285936319956      -0.276780409109296      -4.360221292830214E-004
 -0.399003799925225      -0.321735223904141      -3.126198048586425E-002
 -0.373789118043069      -0.353485306271622      -9.922588904118417E-003
 -0.300116132968792      -0.408919704123754       3.513207588481015E-003
 -0.248633440676757      -0.447298765393401      -2.935760233701824E-002
 -0.177526655363899      -0.471000633174392       6.107750305524968E-002
 -0.108723442869126      -0.488956109929944       0.110391217401886     
 -6.487286150403036E-002 -0.501606650948067       3.445206609376959E-002
  3.214369767994252E-004 -0.508281533369859       4.806040131760686E-002
  6.573811602032550E-002 -0.505634545556517       6.725705806347357E-002
  0.126300346604948      -0.485144533239540       1.174210872808882E-002
  0.187760415400562      -0.480614031870881      -5.418259330732234E-002
  0.281601430160438      -0.483792215490735      -4.733351362020929E-002
  0.300813035209205      -0.429794117581866       7.220212731449403E-003
  0.350418458817375      -0.361630419085063       2.019830141226036E-002
  0.391558438847244      -0.334959491071284       7.943265883051831E-004
  0.426586780725737      -0.272256486550554      -2.432281599545226E-002
  0.460484409601332      -0.209526618808849       7.802818713509162E-003
  0.475603816668941      -0.163864557304855       1.523339939776623E-002
  0.495049544549906      -9.361939755986323E-002 -4.775468747046280E-003
  0.497243811884561      -3.628751580487992E-002 -5.439085664348818E-003
  0.508008942612902       3.196121358636919E-002  1.062574446980331E-002
  0.499997338118064       9.537959332814702E-002  3.261519231623901E-002
  0.484100476917172       0.157293779906133       5.286049383257949E-003
  0.460569062007689       0.216727349612249       1.841843403699059E-002
  0.429774197859723       0.272742999548337      -9.816978829416777E-003
  0.392201537876848       0.324457329452777       4.510353769409291E-002
  0.348443625351812       0.371054773450334      -1.394039292183602E-002
  0.299190548704846       0.411800462013201      -2.639264056887758E-002
  0.245219058377034       0.446051811292447       4.600582019061127E-002
  0.187380317011852       0.473268657049176       4.429677338932562E-002
  0.126586476111817       0.493021773367247      -2.771720657642612E-002
  6.379629086440262E-002  0.504999641802385       1.706703973172292E-002
  3.122502256758253E-017  0.509013364214136       4.252533829752111E-002
 -6.379629086440254E-002  0.504999641802385       4.712103896655881E-002
 -0.126586476111816       0.493021773367247       4.687956804707068E-002
 -0.187380317011852       0.473268657049176      -1.397649029764554E-002
 -0.245219058377035       0.446051811292447       4.204045358827446E-002
 -0.299190548704846       0.411800462013201       4.716805867947553E-002
 -0.348443625351812       0.371054773450334      -2.322131424058987E-002
 -0.392201537876848       0.324457329452777       1.565120374687719E-002
 -0.429774197859723       0.272742999548337       2.994051354379879E-003
 -0.460569062007689       0.216727349612249       2.857555365441886E-002
 -0.484100476917172       0.157293779906133       8.461410379656255E-003
 -0.499997338118064       9.537959332814719E-002  1.909301384906180E-002
 -0.508008942612902       3.196121358636930E-002  4.743308748084495E-003
 -0.508008942612902      -3.196121358636917E-002  1.191644329735226E-002
 -0.499997338118064      -9.537959332814697E-002  2.041246190454534E-002
 -0.484100476917172      -0.157293779906133       2.413834461559126E-002
 -0.460569062007689      -0.216727349612249       4.119328582770823E-002
 -0.429774197859723      -0.272742999548337       3.041735471460230E-002
 -0.392201537876848      -0.324457329452777       2.128090150155281E-002
 -0.348443625351812      -0.371054773450334       2.100777127841227E-003
 -0.299190548704846      -0.411800462013201       3.819533446172519E-003
 -0.245219058377034      -0.446051811292447       5.605523258107309E-002
 -0.187380317011852      -0.473268657049176       2.812762819116286E-002
 -0.126586476111817      -0.493021773367247       2.111684341229130E-002
 -6.379629086440250E-002 -0.504999641802385      -1.101691775264066E-002
 -9.367506770274758E-017 -0.509013364214136      -2.200388646224021E-002
  6.379629086440231E-002 -0.504999641802385      -3.453908728175624E-002
  0.126586476111816      -0.493021773367247       4.191630135712484E-002
  0.187380317011852      -0.473268657049176       5.682413287653038E-002
  0.245219058377034      -0.446051811292447      -8.731186189304999E-003
  0.299190548704846      -0.411800462013201       4.966135376679182E-002
  0.348443625351812      -0.371054773450334       2.751863936702272E-002
  0.392201537876848      -0.324457329452777       1.860831563279416E-002
  0.429774197859723      -0.272742999548337       5.971941084161009E-002
  0.460569062007689      -0.216727349612249       3.642726918272067E-002
  0.484100476917172      -0.157293779906133       2.007950734912605E-002
  0.499997338118064      -9.537959332814724E-002  2.625237763996200E-002
  0.508008942612902      -3.196121358636930E-002  2.886799219743209E-003
