  0.475302839144899       4.120782269951626E-002 -5.054125499872377E-003
  0.464940036191414       8.762752599606960E-002 -1.508266992129814E-002
  0.541122331029364       0.173136903166851      -2.487335162811346E-002
  0.354797007339696       0.264596607577488      -3.427176572113397E-002
 -0.214611283411109       0.122186009262613      -4.312969359577076E-002
  0.354037757854832       0.269387227032490      -5.130744043797323E-002
  0.347067116883541       0.395969441606211      -5.867603829488885E-002
  0.267575996136296       0.391865653396189      -6.511927997652842E-002
  0.219961209308415       0.443468297327702      -7.053555171256558E-002
  0.169990055367653       0.486569166901479      -7.483943566219958E-002
  0.103912515673780       0.490525602193922      -7.796305700452838E-002
  4.185837475809313E-002  0.523446713120215      -7.985715436502286E-002
 -5.883531660526344E-002  0.499273103383183      -8.049185669683015E-002
 -0.108070618071552       0.492982905227841      -7.985715436502307E-002
 -0.252574444144160       0.460339470187356      -7.796305700452866E-002
 -0.228218346386191       0.453886701924135      -7.483943566219955E-002
 -0.283131321879035       0.444973425904373      -7.053555171256558E-002
 -0.508718795776498       0.310481386926758      -6.511927997652819E-002
 -0.333145472576577       0.370819910349310      -5.867603829488906E-002
 -0.441019052011319       0.296010113707309      -5.130744043797326E-002
 -0.443542266699997       0.260092752974075      -4.312969359577105E-002
 -0.453826963064851       0.260015151163777      -3.427176572113353E-002
 -0.539683082010340       0.146791377254975      -2.487335162811233E-002
 -0.492197633428099      -1.145623581136116E-002 -1.508266992129779E-002
 -0.616104223377741       9.842461719693275E-002 -5.054125499873309E-003
 -0.536498156398545      -3.867302868334798E-002  5.054125499872747E-003
 -0.531060787733280      -9.305936130962797E-002  1.508266992129870E-002
 -0.517240625159969      -0.157922837879503       2.487335162811306E-002
 -0.103499960692283       -1.08779022720255       3.427176572113359E-002
 -0.455583008047774      -0.269321041426777       4.312969359577050E-002
 -0.420064287865975      -0.274279700550187       5.130744043797365E-002
 -0.363282546546744      -0.411683069594734       5.867603829488888E-002
  0.831195810681437      -0.861660978292625       6.511927997652855E-002
 -0.262523007889420      -0.439220098245782       7.053555171256504E-002
 -0.216754753413000      -0.450672085138132       7.483943566219910E-002
 -0.187635615315387      -0.472783681994279       7.796305700452870E-002
 -0.112627673618141      -0.491909906975472       7.985715436502240E-002
 -5.408518653442523E-002 -0.496988400220366       8.049185669682922E-002
  5.379051358507805E-002 -0.519499569609199       7.985715436502266E-002
  0.113025836488435      -0.487747160133616       7.796305700452841E-002
  0.191045599670983      -0.497147489347680       7.483943566219871E-002
  0.453049392534330      -0.457545058820526       7.053555171256584E-002
  0.139236995634332      -0.436287325212981       6.511927997652818E-002
  0.398148156773775      -0.451504810113824       5.867603829488890E-002
  -1.62767409684612       -1.89860667901644       5.130744043797383E-002
  0.350909175095638      -0.326262754077883       4.312969359577010E-002
  0.374259171296686      -0.239814797840534       3.427176572113427E-002
  0.451198248270735      -0.170019185341996       2.487335162811290E-002
  0.445822904413225      -8.376605381369308E-002  1.508266992129770E-002
  0.486614010237906      -4.013975776980948E-002  5.054125499873328E-003
  0.155511492094468      -0.545178487927649       8.318696779715702E-004
  0.500644365005479       9.534487429417096E-002  3.802229532619611E-003
  0.466527602780224       0.143176336340301       6.146147099659471E-003
  0.429875587497740       0.182914687700260       7.968368215010192E-003
  0.425124582175230       0.271977818331441       9.183451258980407E-003
  0.355999433957644       0.335254913970701       9.746267728549720E-003
  0.354343595813354       0.376102875552912       9.662598106485570E-003
  0.274976225426130       0.396172171498468       8.985692650423142E-003
  0.257906724171619       0.384143204113772       7.804387160851575E-003
  0.188797320604088       0.463004005945896       6.230051937462087E-003
  0.112845552512664       0.462811568027263       4.384659683608709E-003
  0.114471236095540       0.486558109722465       2.391114925615276E-003
  9.941283811402103E-002  0.500652653307028       3.663522133133759E-004
 -8.480084281591735E-002  0.494381056779032      -1.582877184704005E-003
 -0.116117178259677       0.483250285109048      -3.362002859222348E-003
 -0.185448173183851       0.475764725092267      -4.889139073695157E-003
 -0.268179627247866       0.478835511096760      -6.094956787677358E-003
 -0.309787386568918       0.374130152773759      -6.922813141458877E-003
 -0.369631532224805       0.342653673905691      -7.329906525840871E-003
 -0.398299665442042       0.437478858721882      -7.289912345226963E-003
 -0.529272102391884       0.415131248935321      -6.797043308492793E-003
 -0.479825672900843       0.205219724672804      -5.870868593423949E-003
 -0.557882363790834       0.143022666509263      -4.560996296831839E-003
 -0.583010767143447       0.111877434738885      -2.950512151787509E-003
 -0.509902993707220       4.289335563107888E-002 -1.226314089348241E-003
 -0.553431744986310      -3.580969679975227E-002  9.659707677996640E-004
 -0.579881896258865      -0.124138628119012       2.738427987576690E-003
 -0.516740159292303      -0.171671326293682       4.397960254589902E-003
 -0.467911559278520      -0.229609416554747       5.764132924722569E-003
 -0.666484476896392      -0.261041051798544       6.753373387776626E-003
 -0.429236633332266      -0.316428854415053       7.306135271694202E-003
 -0.389491111110047      -0.392405544921298       7.394154946626350E-003
 -0.293812432433641      -0.435559313169375       7.016214800261546E-003
 -0.219447103262966      -0.438269463434805       6.195084508835824E-003
 -8.994822811597614E-004 -0.568857905302145       4.973561546158693E-003
 -0.101318747823274      -0.485484018181139       3.411538794498497E-003
 -8.974758106791574E-002 -0.497689644350319       1.584195974104324E-003
  0.101660410070741      -0.501441890931448      -4.190605593489552E-004
  0.133867902225726      -0.493931964604680      -2.495561443281138E-003
  0.138820251201170      -0.469912262579464      -4.531002701121166E-003
  0.158366861405263      -0.455004958593870      -6.402468522175447E-003
  0.289348699360164      -0.448162834869242      -7.983440970708893E-003
  0.282352382362457      -0.385433447930912      -9.151155890401544E-003
  0.345553929211462      -0.368305827151308      -9.796308649399533E-003
  0.363275366930191      -0.314196553069874      -9.834583016521440E-003
  0.380919219301635      -0.210613784936021      -9.218713069927852E-003
  0.424870372829098      -0.220433261432570      -7.948691837081334E-003
  0.442041966831543      -0.148136985989445      -6.075732359778437E-003
  0.437118531378442      -6.783211572837815E-002 -3.684178400391966E-003
  0.490386119050527      -3.602470150442819E-002 -6.929153733955083E-004
  0.482089774992869       3.921928329476837E-002 -1.180084301719984E-002
  0.511157664364419       9.240331663805924E-002 -2.992320623268296E-002
  0.478687503737531       0.153967790792745      -3.469733862350299E-002
  0.438782963575494       0.225606854206095      -3.513432104028912E-002
  0.406601537159371       0.282971756542381      -3.495806453084613E-002
  0.364474917694791       0.295313581581835      -3.476165665475445E-002
  0.358662198671885       0.513905564814657      -3.459100794177909E-002
  0.278824793147534       0.402848210588893      -3.448352515189559E-002
  0.243288881539779       0.420140781332365      -3.448298315929955E-002
  0.158068702389046       0.473861976965474      -3.538740621935690E-002
  9.729133584579562E-002  0.477648910719167      -4.440111565661227E-002
  0.103177539165594       0.507506765546519      -5.135456530467013E-002
  0.108768738355765       0.570121085671974      -4.622899015391652E-002
 -5.620375304038835E-002  0.496487090479397      -3.731908264656381E-002
 -0.143526520517435       0.521820026801529      -5.052171320994224E-002
 -0.200835122162757       0.528799122805039      -6.679621214387506E-002
 -0.255196826840270       0.476042103536142      -7.018480543835423E-002
 -0.298737866839498       0.457666544686918      -7.227589143520485E-002
 -0.389957058791035       0.399456982794329      -7.408911407020945E-002
 -0.439851463951230       0.325286547344390      -7.496897124234816E-002
 -0.548596279119798       0.153077920064970      -7.331782257398686E-002
 -0.470347569280771       0.239092558661802      -6.594490639968044E-002
 -0.461309968997839       0.175379562853225      -4.641573552893648E-002
 -0.521939264613755       0.130166409629967      -1.913163284568573E-002
 -0.540565715023232       4.355737038891782E-002 -4.300026651425470E-004
 -0.545688514849648      -6.738995250510667E-002  1.827705563168131E-003
 -0.633663720647363      -0.183124644708245       1.958551281566749E-002
 -0.492873220216149      -0.208198630357232       4.606586417104117E-002
 -0.465165151103179      -0.345502890200385       6.361199679834630E-002
 -0.507717327786307      -8.287532308804296E-002  7.156394349588864E-002
 -0.441982597583708      -0.335028381745333       7.384679502663960E-002
 -0.363935260587284      -0.425011222602556       7.353367893994894E-002
 -0.314754925031392      -0.428888743041532       7.240680737736398E-002
 -0.199213641690456      -0.467187304820641       7.144581226203592E-002
 -0.186575804765270      -0.501618832698607       7.062373148504685E-002
 -0.177618869248568      -0.508021585444116       5.819252211301212E-002
 -8.599161538822656E-002 -0.495341922555218       3.968324294349506E-002
  7.384745623059807E-002 -0.554571238611591       4.647865252438095E-002
  7.750590675341450E-002 -0.489993574957625       4.936836261736198E-002
  0.123970193085759      -0.457953509879837       4.187405673003517E-002
  0.200878336781124      -0.454458332524331       3.411069468666743E-002
  0.259454156507029      -0.438590551903955       3.429815971352956E-002
  0.294856935165882      -0.408474993914397       3.508183452566913E-002
  0.314434017977648      -0.260888432929343       3.562975835957553E-002
  0.394321899185624      -0.329038105858677       3.592108166250779E-002
  0.416902839599161      -0.260851438758773       3.593330441624611E-002
  0.435711751562372      -0.163935007307686       3.587386922203692E-002
  0.456854397117347      -0.178574683411467       3.419237142280238E-002
  0.471906021002600      -8.708271019179656E-002  2.917176493308016E-002
  0.403750704350317      -0.110958190776744       1.170028824045398E-002
  0.491864417764455       2.592984326352044E-002 -6.129212808904804E-003
  0.415164034506703       3.245832567206461E-002  6.625246154473365E-003
  0.481641920367957       0.142809249660643       1.027387022910240E-002
  0.538399087541042       0.167558976611717       1.261075368036732E-002
  0.406934613408628       0.275379858774800       1.451454701953602E-002
  0.371621665214609       0.322100013493262       1.677158443255829E-002
  0.329487520264785       0.385475414573076       2.039996652513710E-002
  0.334045357840955       0.373247231442123       2.442438151614759E-002
  0.462107253568347       3.908940949217837E-002  2.699772393159395E-002
  0.197829461810036       0.465739780158904       1.775695702656279E-002
  7.203902576695490E-002  0.483114101920070      -8.029332773653206E-003
  8.105409600878138E-002  0.493303728034938      -2.625706476071914E-002
  9.393480082550490E-002  0.658179405806686      -2.772432233191703E-002
  6.553296424186802E-002  0.530868114774390      -3.189725943666585E-002
 -0.105631782122024       0.486839441578870      -2.811133926052668E-002
 -0.180520862557424       0.452168029342563       3.286541418827782E-003
 -0.269121338836227       0.466605959122479       2.301497729737952E-002
 -0.277137868451566       0.429482160815763       3.110459869323819E-002
 -0.374220071651635       0.363714891850498       3.871552755435786E-002
 -0.200006689465059       0.478085403988453       5.103184940359645E-002
 -0.437324077274075       0.302140693686963       6.600677495380344E-002
 -0.463208223189104       0.241097775864335       6.869187550449435E-002
 -0.503165827974041       0.184019405772779       4.790451156732210E-002
 -0.546309050430009       0.102909295786578       1.170061175959091E-002
 -0.544781198285657       2.673274654788645E-002 -5.588995289077028E-003
 -0.535476652164513      -4.238985142958860E-002  6.146110368234618E-003
 -0.508233244596689      -0.108635851185706      -9.766774885598101E-003
 -0.481724801669049      -0.204491545990159      -4.551428470056055E-002
 -0.472622206365000      -0.214083632115353      -6.476578638022347E-002
 -0.454813246546742      -0.268342236255197      -6.251732118989871E-002
 -0.418561490529485      -0.340764397794127      -4.829265859942430E-002
 -0.372186046499494      -0.400535265981938      -3.683917827119881E-002
 -0.322571927546010      -0.424816482021203      -2.991525960753547E-002
 -0.247697907127053      -0.474372532452560      -2.217388765391778E-002
 -0.160835398840329      -0.496863422237356      -2.110794076879382E-003
 -0.111371374380140      -0.513587835994308       3.029633594844879E-002
 -5.955224043572754E-002 -0.525881475834826       3.175009736678701E-002
  6.977341652688260E-002 -0.585822189748896       2.597873756679995E-002
  5.554633275021607E-002 -0.486441146982273       2.353192707696731E-002
  4.220316127914439E-002 -0.511464361206349       7.204768895865756E-003
  0.191880851882142      -0.501177566395248      -1.545673266746613E-002
  0.209264631538235      -0.419893312925037      -2.447103253272899E-002
  0.221172409721788      -0.397251009346364      -2.335775827189968E-002
  0.346487284072858      -0.351337453043148      -2.065217082212519E-002
  0.410226082842281      -0.309786461521426      -1.768343712348117E-002
  0.427007921434683      -0.253783010926996      -1.536043006567557E-002
  0.519018187368153      -0.169621156354626      -1.300845472378013E-002
  0.447497994583467      -0.154732532223740      -9.286331454491826E-003
  0.481346324383759      -6.546562189772022E-002 -5.790382054414714E-003
  0.497701747361282      -5.796737117757575E-002  6.556148511594992E-003
  0.490113944534518       3.578295367430360E-002 -3.340457624058454E-002
  0.890693657635400      -0.177724189480055      -2.198938622351976E-003
  0.467648059427192       0.139874828452621      -2.453104063816235E-004
  0.436681834652963       0.211918233773081       8.640274242661153E-003
  0.433760448269299       0.281884852424362      -6.535323202975108E-003
  0.367320306979602       0.323914465471130      -2.245536624417555E-002
  0.339958242773744       0.359305985783953      -2.238287040454917E-002
  0.292310944214261       0.398715695805528      -3.995275122792571E-002
  0.265155609279863       0.442752303147651       2.635976292762194E-002
  0.191998381935654       0.457253980863598       3.029535508070829E-002
  8.317201597870186E-002  0.478305820476697      -1.759571378755504E-002
  6.440740859306113E-002  0.494143564665322      -3.042660780381851E-002
  0.126115500745251       0.526050091312016      -1.253358000090550E-002
 -7.239888747876663E-002  0.514457484981441      -8.946874852615945E-003
 -0.102440140215417       0.504060970764936       3.442236070607909E-004
 -0.155095795357398       0.492130502658939      -1.560176830543112E-002
 -0.220775378286633       0.427527075504359      -1.398371650168276E-003
 -0.292336850646595       0.460207388553831      -3.163244924445195E-002
 -0.348447445646752       0.390240003418135      -3.634693754068494E-002
 -0.410236040989605       0.306194596928091      -2.454124709819527E-002
 -0.658102671783608       0.648002893724279      -3.549137024101738E-002
 -0.453773555334674       0.252600943013159      -5.582408167632408E-002
 -0.499805167933893       0.150664597107480       2.627033255350812E-002
 -0.540698626508041       0.129099103579888       2.573884468665108E-002
 -0.526946687808052       3.012520876937769E-002  1.507344358593590E-002
 -0.541036580553348      -4.767670384732688E-002  4.073467986814226E-003
 -0.518358318372625      -7.872650099166868E-002  2.691289234084961E-002
 -0.476220111866441      -0.157220832455005       7.662740632529684E-003
 -0.517463246026982      -0.169234885299719       6.073758614614958E-002
 -0.435965344038174      -0.304157241727558       3.453896098297431E-002
 -0.427142872235224      -0.346009271560664       2.656195319839399E-002
 -0.399425233985374      -0.228303162606973       3.772687392027830E-002
 -0.330493640924108      -0.413690143554238       3.632081960914767E-002
 -0.260572623597118      -0.437242395855971       1.092040188379187E-002
 -0.179188626623252      -0.487029679700924      -8.627415050992891E-002
 -0.116044093438020      -0.494498774247645       1.118451402984889E-002
 -4.272042866953497E-002 -0.501143939897241       8.588019508359497E-003
  0.104856250666014      -0.516477318669796       7.619440341289307E-003
  7.416752719960422E-002 -0.480688776172102       1.888168512757473E-002
  0.104212227607508      -0.475968919701007       3.462211440325056E-003
  0.185788172826256      -0.430363473203985      -1.232495200638520E-002
  0.220235256755004      -0.426033663883670       8.350614649044009E-003
  0.295993811401542      -0.418601242292318       5.538299612859231E-002
  0.213272139496978      -0.384250757125333       3.783148586317286E-002
  0.406222680669742      -0.303227543029822       3.665798658306980E-002
  0.408442590554570      -0.258794189850930       1.597095016208140E-002
  0.439392415594726      -0.220004059265877      -6.346754436479182E-003
  0.490969954787711      -0.146009571451316      -2.344364553725242E-004
  0.453539394433914      -7.717102525459471E-002 -2.128765323404859E-002
  0.486124843354309       2.267976697163388E-002  1.448603619290068E-002
  0.479752031302190       4.196718091521399E-002 -2.522474674112526E-002
  0.467496294169659       8.692064249719983E-002  1.554290523273739E-002
  0.476969473158703       0.145476130710961       1.154788177878181E-002
  0.419810375847319       0.201816919595161       5.913501742800943E-003
  0.406330975298034       0.249067636879279       1.531815700082664E-002
  0.419388804067443       0.392728706410423      -1.334674812552971E-002
  0.243902530063652       0.407964378061924      -3.878431349578459E-002
  0.268098092088983       0.383369042778221       1.066569357911603E-002
  0.221303413776293       0.435854861169176       4.264840353368517E-002
  0.148352836691845       0.452855585858963       9.633204275098872E-002
  9.079225021303364E-002  0.468469499767632       2.875110126287776E-003
  2.911352420375111E-002  0.468807101198078      -4.956176345582720E-002
  2.380954522294850E-002  0.642806113305508      -3.496529764268685E-002
 -4.651553465345514E-002  0.495993925586578      -1.870501643054876E-002
 -0.101081989177664       0.504195752703457      -1.114563722057196E-002
 -0.237402646737287       0.500115501485492      -9.181182857663627E-003
 -0.293970619693837       0.485137967342318      -1.947980483699756E-002
 -0.317607584458139       0.464352930816015       2.247794692191604E-002
 -0.391306253657844       0.406588822170591       4.783444945342177E-002
 -0.368709559797066       0.363425435796823       4.660132297510786E-002
 -0.417845973411113       0.272887745200901       1.199819903396320E-002
 -0.485220080335354       0.147448461689816      -3.890197499054987E-002
 -0.460520616415393       0.168000074335457      -2.826397676781926E-002
 -0.517745947048402       0.103781649284216       5.074617069334464E-003
 -0.534133713035820       2.918367140535138E-002 -1.296104011557514E-002
 -0.531176033640963      -3.999815051219748E-002  1.353479469782896E-002
 -0.512238997883380      -8.763021524047487E-002  1.925215138268781E-003
 -0.477137546446933      -0.158468924266893      -9.127829461354646E-003
 -0.480551997871131      -0.260518548404223      -1.245299054992230E-002
 -0.426911438297771      -0.284011339608238      -4.360221292830214E-004
 -0.448084108096720      -0.349609073560002      -3.126198048586425E-002
 -0.384038961452885      -0.360651569771459      -9.922588904118417E-003
 -0.297546524849104      -0.445050294157254       3.513207588481015E-003
 -0.228399511112133      -0.465598878020079      -2.935760233701824E-002
 -0.213243325163386      -0.451494766148311       6.107750305524968E-002
 -0.119160350104661      -0.517686984715183       0.110391217401886     
 -4.458202685101904E-002 -0.489241377955191       3.445206609376959E-002
  5.507615364098522E-002 -0.545094001937470       4.806040131760686E-002
  6.689251215826286E-002 -0.488171556816535       6.725705806347357E-002
  0.103242924199770      -0.483502587116923       1.174210872808882E-002
  0.185442945182541      -0.453914141720738      -5.418259330732234E-002
  0.289558834512025      -0.468867414170473      -4.733351362020929E-002
  0.312997249431819      -0.415235101625974       7.220212731449403E-003
  0.276900010861379      -0.336134732785470       2.019830141226036E-002
  0.403871016810032      -0.328012890689822       7.943265883051831E-004
  0.426969321593530      -0.262736471411642      -2.432281599545226E-002
  0.461877165744458      -0.211361980738151       7.802818713509162E-003
  0.481889961415383      -0.143160827790079       1.523339939776623E-002
  0.501052007383712      -8.145702027862199E-002 -4.775468747046280E-003
  0.486634670711481      -2.997548677532594E-002 -5.439085664348818E-003
  0.495513354615470       3.738759166987907E-002  1.062574446980331E-002
  0.517364113593792       9.455112821588679E-002  3.261519231623901E-002
  0.452129893942821       0.177521282751970       5.286049383257949E-003
  0.542753552601364      -0.536730830724540       1.841843403699059E-002
  0.413513677838087       0.274108706013575      -9.816978829416777E-003
  0.374993110185349       0.304309224566834       4.510353769409291E-002
  0.323604801338485       0.458431021894989      -1.394039292183602E-002
  0.272720501817121       0.371882722517375      -2.639264056887758E-002
  0.248081480741554       0.458245190547201       4.600582019061127E-002
  0.184831061910031       0.459379835205818       4.429677338932562E-002
  9.959654783262471E-002  0.473924853369564      -2.771720657642612E-002
  6.039780636283727E-002  0.477348846250698       1.706703973172292E-002
  2.056018563086238E-002  0.497619064162358       4.252533829752111E-002
 -7.673761166082567E-002  0.505537271485756       4.712103896655881E-002
 -0.129583381296170       0.486098926145629       4.687956804707068E-002
 -0.210308054341224       0.481051006723252      -1.397649029764554E-002
 -0.247765293191659       0.464484975643193       4.204045358827446E-002
 -0.300822617492737       0.407385110487085       4.716805867947553E-002
 -0.349121485291570       0.376863077578834      -2.322131424058987E-002
 -0.381836768497725       0.371490075937098       1.565120374687719E-002
 -0.369576576980569       0.250899850619170       2.994051354379879E-003
 -0.473670585152629       0.228298454561263       2.857555365441886E-002
 -0.480683198546765       0.168108189222998       8.461410379656255E-003
 -0.516435390835430       9.600147846099377E-002  1.909301384906180E-002
 -0.538276901863797       2.412750369373853E-002  4.743308748084495E-003
 -0.536782268122142      -3.797179408629250E-002  1.191644329735226E-002
 -0.505410633567690      -0.106915585559158       2.041246190454534E-002
 -0.471199045127597      -0.182749587813803       2.413834461559126E-002
 -0.480967593627286      -0.226074068203574       4.119328582770823E-002
 -0.471385559962242      -0.264071139168325       3.041735471460230E-002
 -0.495089339397811      -0.256996129102052       2.128090150155281E-002
 -0.354498297578974      -0.376796749984471       2.100777127841227E-003
 -0.324645691548803      -0.400291202843017       3.819533446172519E-003
  0.641807346650745       0.286245386553087       5.605523258107309E-002
  0.233774991355829       -5.66291434343698       2.812762819116286E-002
 -0.102572617816149      -0.503652169337683       2.111684341229130E-002
 -7.032430642522761E-002 -0.501025082154157      -1.101691775264066E-002
 -2.285155341945858E-003 -0.554314183059571      -2.200388646224021E-002
  5.399172495898357E-002 -0.510310997109502      -3.453908728175624E-002
  0.148063755376891      -0.492509665560204       4.191630135712484E-002
  0.165034998998698      -0.507188615778259       5.682413287653038E-002
  0.258751295311266      -0.437431512320478      -8.731186189304999E-003
 -6.330282495469119E-002 -0.457830026184498       4.966135376679182E-002
  0.363930563340187      -0.353907790975265       2.751863936702272E-002
  0.396603989748158      -0.324290386618577       1.860831563279416E-002
  0.227448410383417      -4.307021780179105E-002  5.971941084161009E-002
  0.463330850792308      -0.251953023839717       3.642726918272067E-002
  0.488182300993775      -0.130939982585988       2.007950734912605E-002
  0.482101329357361      -9.914397779550502E-002  2.625237763996200E-002
  0.491397322615688      -4.867417383184408E-002  2.886799219743209E-003
  0.504668843043262       2.204732042201915E-002 -0.111896647946628     
  0.428214956661410       0.136437204340128      -5.046928696999106E-003
  0.439718070758412       0.167808961747242       1.040890355685962E-002
  0.453705909727151       0.208306851793612       1.359211747185669E-002
  0.410095271609106       0.279343139096634      -1.945528495720825E-002
  0.389036489446912       0.328559356710494       1.105087932145921E-003
  0.338327987673022       0.356018668443247      -1.051218401131924E-002
  0.293140290823753       0.398271236570783       5.202900096004934E-002
  0.252026567776922       0.427717686678242      -5.588697959104569E-002
  0.177418702917504       0.450689759800896       4.090765849210855E-002
  0.106154284369845       0.475573950841692      -1.471840969333073E-002
 -0.132790663030194       0.743388313649676      -5.001203487529707E-002
  2.799741846506410E-002  0.512273133520236      -8.263246852693537E-002
 -4.680912137651028E-002  0.501275275016329      -5.284469213233268E-002
 -0.107138238766985       0.502090439746000      -5.316390657005842E-003
 -0.201146777954331       0.469295280998368       9.599416332331915E-003
 -0.256187074976594       0.433714090116322      -2.396222783653158E-002
 -0.312527177587410       0.404278749346071       4.593262899067007E-003
 -0.347297732605188       0.397276198755613       9.613788219327118E-002
 -0.386267624926343       0.318963124062731       1.685086226490703E-002
 -0.470078230683886       0.232870359554415       4.787318133069650E-002
 -0.460980414769855       0.214855539228839      -1.955646113604799E-002
 -0.504453633062378       0.186022423909943      -4.205173471374148E-002
 -0.498344445070169       9.760918775619379E-002 -6.075329319700954E-003
 -0.521010683021020       2.175339627427239E-002  2.073569614666421E-002
 -0.503967459626980      -2.436798913256272E-002  1.074248735421237E-002
 -0.512235681365239      -8.058177676926626E-002 -3.144192565335897E-002
 -0.513258338112511      -0.148240869015684       2.122299367865190E-002
 -0.474226174726918      -0.250272975512212      -9.524023481020477E-004
 -0.417039552894323      -0.276405395515296       9.916463586530836E-003
 -0.401012919969843      -0.319011389255973      -2.844927095615882E-002
 -0.398086842663685      -0.368684683211452      -3.629654330073807E-002
 -0.245232798278775      -0.376608355349483      -2.526959341982200E-002
 -0.251606199213023      -0.452395232302888      -4.595242374789218E-002
 -0.281229208713398      -0.453274577988042      -5.987356517710899E-002
 -0.117749972181099      -0.519805898242793      -8.927585760412757E-003
 -5.136134379498660E-002 -0.498571095832966       6.309688244601677E-002
 -2.054979095144882E-002 -0.517395336544092       8.897005946978960E-002
  6.752360340672602E-002 -0.519734510310156       0.105297904447346     
  0.118312257207696      -0.479357893766629      -5.998697870282464E-002
  0.186827484398227      -0.459993377830445       6.532972078017181E-002
  0.232242390826955      -0.435941524632221       1.410115635444810E-002
  0.296332956386783      -0.422570948378035      -5.038030532629247E-002
  0.326135353861934      -0.356147676589643       2.901272391481977E-002
  0.397485834962047      -0.332452054288286       2.787267913405811E-003
  0.448282782522306      -0.256358471443377       5.119795406098888E-002
  0.458900318829503      -0.185678339385114       3.375709480998470E-002
  0.478609164948209      -0.147825059173720       2.308682470165520E-002
  0.554586113206935      -0.116200314907027       8.526053873249699E-002
  0.495772984377168      -3.432044541214658E-002  1.653464593788986E-002
  0.509378423863573       2.558442461427098E-002  7.788386664602957E-002
  0.561137961737750       9.258440174459398E-002  5.505320567741262E-003
  0.474816390469445       0.151562275047574       3.531516647050868E-002
  0.454191842367829       0.202908399104117       5.419045801753227E-002
  0.407102253860580       0.260191836848271      -1.396384355816369E-002
  0.383136783124270       0.321876658543913      -1.696024517491144E-002
  0.351358967483826       0.407994146165861      -2.244709802163743E-002
  0.295363799169770       0.408529897425538      -4.319842975003509E-002
  0.238897336539211       0.382476351363089      -2.547977006451384E-002
  0.179948766467241       0.461482446616006       5.474752430524205E-002
  0.120438163328833       0.485292393728247       6.673962780231873E-003
  6.404792501234334E-002  0.502662810131714      -2.351800948619938E-003
 -8.092368062042222E-004  0.510096564610842       1.066337336038653E-002
 -4.915276360047277E-002  0.511095653555168      -6.018231621750911E-002
 -0.162001316888854       0.476375899337886      -0.122622837695061     
 -0.128857945924137       0.507544127809894       6.739972379694940E-002
 -0.254059611094671       0.447888447798875       0.136196712667007     
 -0.313815219144536       0.407243151623416       4.935280279791492E-002
 -0.349532512249519       0.381367627788503       2.513123626986126E-002
 -0.388726949172719       0.318266799982079       3.115478145755581E-002
 -0.435626952535434       0.266050925640539       4.872265066004933E-002
 -0.464766189979844       0.196078033869187       1.763702445799360E-002
 -0.482277685007261       0.154598564099008       7.678991817916318E-003
 -0.494672655924169       0.109661347322015      -4.125759680179216E-002
 -0.517037248504493       3.065868229373830E-002 -2.998858285384073E-002
 -0.513991824981712      -3.059356897412093E-002 -2.511488645026407E-002
 -0.504109248555866      -9.220604216354128E-002 -3.654369676452080E-003
 -0.495593605666189      -0.156175902921283      -4.424255060649397E-002
 -0.470476146141990      -0.218402666357302      -1.517740139012736E-002
 -0.429168766592389      -0.280009190544504       2.386019825225162E-002
 -0.396828874167209      -0.326878468914552       1.628286125287637E-002
 -0.351355034164967      -0.380448515395880       5.889116881289625E-004
 -0.303499246718456      -0.414299847686176      -7.132691051083649E-003
 -0.270012748141261      -0.514725681411114       1.097286146044421E-002
 -0.218750394596106      -0.403055905829491       4.321157597066673E-002
 -0.125996836844787      -0.505024920045329      -0.143355619993404     
 -5.266979679776106E-002 -0.511705212401614       5.449413512467459E-002
  4.534205690989455E-004 -0.506216398412452       7.619235094383329E-003
  6.382244943777886E-002 -0.507307689258365      -4.173514941076763E-002
  0.123030769976029      -0.489562522994842       7.426241936374993E-002
  0.187612505736969      -0.469991180639761      -7.406393252450894E-002
  0.246316288013493      -0.441525935223294      -2.828935273009351E-002
  0.295556061355866      -0.404321004510654      -1.141855746137137E-002
  0.340148362535192      -0.363720016752298       9.661117436626407E-003
  0.392935237186784      -0.333247972333846      -3.361536300690133E-002
  0.428375788314194      -0.271711448250520       5.725187630943760E-002
  0.461677521850187      -0.207141237953289      -2.658444674345224E-002
  0.482245789663793      -0.150461362055014       1.533257472421007E-002
  0.493368164397904      -9.300982087427112E-002  7.640217554124337E-002
  0.498269790385941      -3.183330445306822E-002  3.991126019952819E-002
  0.508008942612902       3.196121358636919E-002 -1.982139865151020E-002
  0.499997338118064       9.537959332814702E-002  2.316795592969555E-002
  0.484100476917172       0.157293779906133       0.108321825202934     
  0.460569062007689       0.216727349612249       5.671121670965308E-002
  0.429774197859723       0.272742999548337      -2.071235079770834E-002
  0.392201537876848       0.324457329452777       1.685185582820106E-003
  0.348443625351812       0.371054773450334      -4.157895829492407E-002
  0.299190548704846       0.411800462013201       6.895972331352122E-002
  0.245219058377034       0.446051811292447      -5.471662657582864E-002
  0.187380317011852       0.473268657049176       0.245145966422575     
  0.126586476111817       0.493021773367247       7.761466172310008E-002
  6.379629086440262E-002  0.504999641802385      -3.869697552938601E-002
  3.122502256758253E-017  0.509013364214136      -8.687988553712389E-002
 -6.379629086440254E-002  0.504999641802385       4.522977351233313E-002
 -0.126586476111816       0.493021773367247      -8.014885701452046E-002
 -0.187380317011852       0.473268657049176       1.856794276987968E-002
 -0.245219058377035       0.446051811292447      -1.271864778952956E-003
 -0.299190548704846       0.411800462013201      -8.658862402112028E-003
 -0.348443625351812       0.371054773450334       2.668931926751757E-002
 -0.392201537876848       0.324457329452777      -1.121704823761729E-002
 -0.429774197859723       0.272742999548337       3.820086198232777E-002
 -0.460569062007689       0.216727349612249       3.738508439000875E-002
 -0.484100476917172       0.157293779906133      -6.829767660091883E-004
 -0.499997338118064       9.537959332814719E-002 -7.593307391420971E-003
 -0.508008942612902       3.196121358636930E-002  2.005330588825885E-002
 -0.508008942612902      -3.196121358636917E-002  1.755866898408020E-002
 -0.499997338118064      -9.537959332814697E-002 -5.758516932576920E-002
 -0.484100476917172      -0.157293779906133      -4.788615191928416E-002
 -0.460569062007689      -0.216727349612249       1.947355651569638E-002
 -0.429774197859723      -0.272742999548337       7.821203023946920E-003
 -0.392201537876848      -0.324457329452777       7.165936582033886E-002
 -0.348443625351812      -0.371054773450334       3.812461755753075E-002
 -0.299190548704846      -0.411800462013201       4.220090596494987E-002
 -0.245219058377034      -0.446051811292447       5.738560386053116E-002
 -0.187380317011852      -0.473268657049176      -0.110177559993230     
 -0.126586476111817      -0.493021773367247       8.879463644255291E-002
 -6.379629086440250E-002 -0.504999641802385       0.109367445962309     
 -9.367506770274758E-017 -0.509013364214136       0.133709073951053     
  6.379629086440231E-002 -0.504999641802385       0.176521097776693     
  0.126586476111816      -0.493021773367247      -0.168927971044909     
  0.187380317011852      -0.473268657049176       0.113762968804465     
  0.245219058377034      -0.446051811292447       4.592801574168517E-002
  0.299190548704846      -0.411800462013201      -7.814373684382003E-002
  0.348443625351812      -0.371054773450334      -3.892070226491761E-003
  0.392201537876848      -0.324457329452777      -5.989187241828862E-002
  0.429774197859723      -0.272742999548337      -3.415925144768561E-002
  0.460569062007689      -0.216727349612249       2.105731073990141E-002
  0.484100476917172      -0.157293779906133       2.236720737565442E-002
  0.499997338118064      -9.537959332814724E-002 -4.157819306055421E-002
  0.508008942612902      -3.196121358636930E-002  2.069975963773896E-002
