  0.438951905189000       2.881249067355615E-002 -5.054125499872377E-003
  0.448478879282237       9.502655615620231E-002 -1.508266992129814E-002
  0.455128780678751       0.160969616630324      -2.487335162811346E-002
  0.336295309926207       0.255756995132690      -3.427176572113397E-002
 -0.145945239848233       2.665028611290938E-002 -4.312969359577076E-002
  0.338940948328672       0.257394147913059      -5.130744043797323E-002
  0.332866463344738       0.403714613886007      -5.867603829488885E-002
  0.279442852299493       0.416824272737925      -6.511927997652842E-002
  0.231390041380773       0.466548142559924      -7.053555171256558E-002
  0.468891999310301       3.819338394581150E-002  1.593717681025275E-003
  8.997754036988892E-002  0.520380151573806      -7.796305700452838E-002
  3.083466812088253E-002  0.497908586433181      -7.985715436502286E-002
 -4.086980672421997E-002  0.497506895916330      -8.049185669683015E-002
 -0.161202142089967       0.533094352622628      -7.985715436502307E-002
 -0.279987339097265       0.436649049766863      -7.796305700452866E-002
 -0.353456324179760       0.593242657907092      -7.483943566219955E-002
 -0.291249268088831       0.405180735834532      -7.053555171256558E-002
 -0.515020412558090       0.313350984806324      -6.511927997652819E-002
 -0.352384628870843       0.392180133692044      -5.867603829488906E-002
 -0.470746460225901       0.281423872944806      -5.130744043797326E-002
 -0.330908146802550       0.306076975873197      -4.312969359577105E-002
 -0.468189107599727       0.251445819558994      -3.427176572113353E-002
  0.508008942612902       3.196121358636919E-002  0.110008261881304     
 -0.547682309517724      -2.439904238632181E-002 -1.508266992129779E-002
 -0.634481847896418       0.106553991050434      -5.054125499873309E-003
 -0.616061469567552      -9.124205584231751E-002  5.054125499872747E-003
 -0.543235235862561      -0.156111173017781       1.508266992129870E-002
 -0.543703990915788      -0.174989022961608       2.487335162811306E-002
  0.477371017641322       5.251952210667479E-002  8.161265032763451E-003
 -0.463936112618533      -0.275585591711899       4.312969359577050E-002
 -0.438951961572306      -0.288473083239838       5.130744043797365E-002
 -0.356221320968146      -0.453560314708107       5.867603829488888E-002
  0.502171374805220       0.124182005593455       7.508709354497042E-003
 -0.229438907523258      -0.449220885308468       7.053555171256504E-002
 -0.211006249783175      -0.427571226349543       7.483943566219910E-002
 -0.105688959121583      -0.579080680997507       7.796305700452870E-002
 -0.105280308275971      -0.511485839360161       7.985715436502240E-002
 -2.820430153425859E-002 -0.516911505473393       8.049185669682922E-002
  0.470099392405224       9.636594186385684E-002  2.280094764134204E-002
  0.137396601422558      -0.460327537453827       7.796305700452841E-002
  0.481581713258318      -0.480479095009306       7.483943566219871E-002
  0.457208471408804      -0.432514221134144       7.053555171256584E-002
  0.168403535998669      -0.496763503762896       6.511927997652818E-002
  0.410072422511537      -0.438642576470591       5.867603829488890E-002
  0.424195662290447       0.207868259025083       3.424846353528109E-002
  0.372387206165753      -0.317282942038686       4.312969359577010E-002
  0.374084565919044      -0.255207486134844       3.427176572113427E-002
  0.469440297712539      -0.179997670577824       2.487335162811290E-002
  0.410995705192533      -9.752056881302916E-002  1.508266992129770E-002
  0.488716734571370      -1.941489425169758E-002  5.054125499873328E-003
  0.189425157642432      -0.502032100802836       8.318696779715702E-004
  0.426679829350128       0.101230673417827       3.802229532619611E-003
  0.471640726812528       0.156371498649997       6.146147099659471E-003
  0.408668612466491       0.179899386213458       7.968368215010192E-003
  0.378774498053285       0.255232759543732       9.183451258980407E-003
  0.321035263037370       0.346885814250044       9.746267728549720E-003
  0.332175430258342       0.354792177262738       9.662598106485570E-003
  0.209493384415793       0.405766286774507       8.985692650423142E-003
  0.251753083425888       0.399319458627580       7.804387160851575E-003
  0.213177697869155       0.474837379007693       6.230051937462087E-003
  6.174714676630752E-002  0.435247006333375       4.384659683608709E-003
 -0.288117606217113       0.308756868851679       2.391114925615276E-003
  6.153033205606030E-002  0.446933127677266       3.663522133133759E-004
 -7.645767274765063E-002  0.499973346798671      -1.582877184704005E-003
  0.168304936932525       0.435057233302626      -3.362002859222348E-003
 -0.250671273988018       0.509086272729581      -4.889139073695157E-003
 -0.355963184995881       0.493540679633136      -6.094956787677358E-003
 -0.321736493983530       0.349952579220943      -6.922813141458877E-003
 -0.392717065923726       0.373178423029463      -7.329906525840871E-003
  0.151407153631441      -0.232044923346650      -7.289912345226963E-003
 -0.539771482298023       0.413356463072696      -6.797043308492793E-003
 -0.473922958766755       0.228569324622340      -5.870868593423949E-003
 -0.605904183972707       0.135502647132047      -4.560996296831839E-003
 -0.616566180743930       0.121202288914190      -2.950512151787509E-003
 -0.529982418095986       5.280162222900446E-002 -1.226314089348241E-003
 -0.569610350178069      -6.197160560278867E-002  9.659707677996640E-004
 -0.601418129842407      -0.150998184507465       2.738427987576690E-003
 -0.556245830278566      -0.181521050659726       4.397960254589902E-003
 -0.479462560275492      -0.154418627967098       5.764132924722569E-003
 -0.668603367358606      -0.287129064383698       6.753373387776626E-003
 -0.441234673491203      -0.339264634851575       7.306135271694202E-003
 -0.382346623849719      -0.439249871177113       7.394154946626350E-003
 -0.304135920030799      -0.447352319110589       7.016214800261546E-003
 -6.955520035955958E-003 -9.083185958547261E-003  6.195084508835824E-003
  7.928409821075963E-002 -0.555194135344732       4.973561546158693E-003
 -0.117621158631634      -0.512543522971800       3.411538794498497E-003
 -2.262270928833538E-002 -0.515455373537821       1.584195974104324E-003
  5.800936162321153E-002 -0.464549231150681      -4.190605593489552E-004
  0.101038429049065      -0.473723355245731      -2.495561443281138E-003
  0.105831517504831      -0.462463753698960      -4.531002701121166E-003
  0.119592915999003      -0.414340292939555      -6.402468522175447E-003
  0.295648862736007      -0.669417517378619      -7.983440970708893E-003
  0.227710080020770      -0.332759728556079      -9.151155890401544E-003
  0.245946835338915      -0.307963988869099      -9.796308649399533E-003
  0.507244709263124       4.965038422984314E-002  0.127446491000991     
  0.376637489381401      -0.236733675159365      -9.218713069927852E-003
  0.386438090194681      -0.251011021863457      -7.948691837081334E-003
  0.445126760020451      -0.180289983706452      -6.075732359778437E-003
  0.439623819295636      -0.104386077073891      -3.684178400391966E-003
  0.483481774617569      -3.449402991910092E-002 -6.929153733955083E-004
  0.468298713648293       2.647408265618853E-002 -1.180084301719984E-002
  0.457679298028581       9.566797552445355E-002 -2.992320623268296E-002
  0.467700311614566       0.190804102659776      -3.469733862350299E-002
  0.419396508518696       0.180103285745894      -3.513432104028912E-002
  0.389984706312427       0.269382821966892      -3.495806453084613E-002
  0.336854359784018       0.333243935039646      -3.476165665475445E-002
  0.348630241011388       0.498442253054082      -3.459100794177909E-002
  0.219138018175026       0.416667501473217      -3.448352515189559E-002
  0.215100493895970       0.402314017006477      -3.448298315929955E-002
  0.204575160541978       0.454137122788559      -3.538740621935690E-002
  4.947708661614530E-002  0.520091827429801      -4.440111565661227E-002
  0.143246413896891       0.456599124814146      -5.135456530467013E-002
  9.986216410450739E-002  0.520903910000293      -4.622899015391652E-002
 -3.021036830354223E-002  0.486140995715528      -3.731908264656381E-002
 -0.199540278663794       0.544367237858460      -5.052171320994224E-002
 -0.189274144838255       0.539302961534949      -6.679621214387506E-002
 -0.275036991995378       0.448586536455690      -7.018480543835423E-002
 -0.306539043039639       0.469889228140624      -7.227589143520485E-002
 -0.441463475673662       0.364845801473845      -7.408911407020945E-002
 -0.514612737541731       0.300993409324971      -7.496897124234816E-002
 -0.512479664848926       3.810571425658079E-002 -7.331782257398686E-002
 -0.482430733226980       0.204479169979823      -6.594490639968044E-002
 -0.454391749034178       0.141272048343614      -4.641573552893648E-002
 -0.613861326982290       0.124267052210655      -1.913163284568573E-002
 -0.523340597693529       4.288954436168345E-002 -4.300026651425470E-004
 -0.595735406394422      -4.941247728326345E-002  1.827705563168131E-003
 -0.640531745881073      -0.208269544536847       1.958551281566749E-002
 -0.520601404544582      -0.207449422649020       4.606586417104117E-002
 -0.448714577172041      -0.361016745584753       6.361199679834630E-002
 -0.502519321849236      -5.760631396837494E-002  7.156394349588864E-002
 -0.452195496984651      -0.330254501220097       7.384679502663960E-002
 -0.352975082246636      -0.473242060628817       7.353367893994894E-002
 -0.356017254720437      -0.469229185841837       7.240680737736398E-002
 -0.231182457485555      -0.512620731359043       7.144581226203592E-002
 -0.207046638980468      -0.469259369996901       7.062373148504685E-002
 -8.949231742552136E-002 -0.601372295915054       5.819252211301212E-002
 -1.203993778280999E-002 -0.530396904994953       3.968324294349506E-002
  9.747526723205920E-002 -0.495631008460677       4.647865252438095E-002
  2.508397983208333E-002 -0.491915650484914       4.936836261736198E-002
  9.470627969995915E-002 -0.428030537525400       4.187405673003517E-002
  0.186564553419066      -0.443117605275775       3.411069468666743E-002
  0.254550518372983      -0.420910759575616       3.429815971352956E-002
  0.286843403808786      -0.415706541683220       3.508183452566913E-002
  0.292594128984416      -0.273445354373994       3.562975835957553E-002
  0.406839106228147      -0.330525839507651       3.592108166250779E-002
  0.388632802986361      -0.250141195968962       3.593330441624611E-002
  0.454458218710997      -0.175164175225982       3.587386922203692E-002
  0.462443295837486      -0.169525496414559       3.419237142280238E-002
  0.452473120537892      -0.103971680806509       2.917176493308016E-002
  0.390396957801499      -0.137833096140990       1.170028824045398E-002
  0.504390094733404       4.314828052036365E-002 -6.129212808904804E-003
  0.403829674446012       1.285703727564426E-002  6.625246154473365E-003
  0.499997338118064       9.537959332814702E-002  2.870219619746996E-002
  0.473485145917059       0.179244307508281       1.261075368036732E-002
  0.332143303251616       0.237438672039769       1.451454701953602E-002
  0.337972036781467       0.308693902486065       1.677158443255829E-002
  0.304596388785735       0.400232716055736       2.039996652513710E-002
  0.307674394605574       0.375868406377683       2.442438151614759E-002
  0.506747992575608       1.710353993988639E-002  2.699772393159395E-002
  0.120645960235283       0.436296703721228       1.775695702656279E-002
  4.307651618431950E-002  0.516431911258848      -8.029332773653206E-003
  5.592107648902864E-002  0.435082214826051      -2.625706476071914E-002
  0.100872740588447       0.636099572988447      -2.772432233191703E-002
  4.766086677486032E-002  0.469526212679169      -3.189725943666585E-002
 -8.546577414190817E-002  0.566429510574879      -2.811133926052668E-002
 -0.268397215149939       0.516815471358250       3.286541418827782E-003
 -0.356255779150295       0.421760920261482       2.301497729737952E-002
 -0.285658621416118       0.489379085524284       3.110459869323819E-002
 -0.395382734941053       0.364247737805935       3.871552755435786E-002
 -0.202314434533331       0.464637701405001       5.103184940359645E-002
 -0.481595299669864       0.236834112498829       6.600677495380344E-002
 -0.509446548615702       0.254456290488890       6.869187550449435E-002
 -0.379923852762613       0.115114235700292       4.790451156732210E-002
 -0.566476941577168       9.382159344760164E-002  1.170061175959091E-002
 -0.571803668839519       2.217154849257683E-002 -5.588995289077028E-003
 -0.565192660975964      -6.652001835201683E-002  6.146110368234618E-003
 -0.541307277587739      -8.322167068510194E-002 -9.766774885598101E-003
 -0.518119634666846      -0.196045809234773      -4.551428470056055E-002
 -0.322312802909990      -0.406368138058545      -6.476578638022347E-002
 -0.477587273941638      -0.304595988546506      -6.251732118989871E-002
 -0.406755488697633      -0.367763176525545      -4.829265859942430E-002
 -0.383382789067997      -0.467159081707651      -3.683917827119881E-002
 -0.330934999947527      -0.372036577941214      -2.991525960753547E-002
 -0.221349054940065      -0.478299661073501      -2.217388765391778E-002
 -0.129936617821552      -0.576776101565337      -2.110794076879382E-003
 -0.180937630257423      -0.517918383626891       3.029633594844879E-002
  3.104884894080657E-003 -0.512879498142011       3.175009736678701E-002
  0.133834060260242      -0.546752810728753       2.597873756679995E-002
  9.028286365296485E-002 -0.498886705130541       2.353192707696731E-002
  4.441979404185348E-002 -0.472385365800197       7.204768895865756E-003
  0.198985322237872      -0.468503820925805      -1.545673266746613E-002
  0.186414553790899      -0.398939378794222      -2.447103253272899E-002
  0.180289261927785      -0.388350642338275      -2.335775827189968E-002
  0.350188167383887      -0.351171218520815      -2.065217082212519E-002
  0.417070824483707      -0.269682014010683      -1.768343712348117E-002
  0.461573317081490      -0.245349103531368      -1.536043006567557E-002
  0.516639351526625      -0.127133078276869      -1.300845472378013E-002
  0.470978425615097      -0.161434832947745      -9.286331454491826E-003
  0.455489557667710      -0.100904559730170      -5.790382054414714E-003
  0.456537066870698      -2.582687756374120E-002  6.556148511594992E-003
  0.488459450418485       6.943053824294023E-004 -3.340457624058454E-002
  0.503982635371293       2.504428608432069E-002  0.102122996224747     
  0.470532203949124       0.146193212035819      -2.453104063816235E-004
  0.501113398969927       0.187185538866231       8.640274242661153E-003
  0.381544321899673       0.254369563647865      -6.535323202975108E-003
  0.380871591971403       0.274992417828809      -2.245536624417555E-002
  0.323599293345787       0.401369120723724      -2.238287040454917E-002
  0.323776396968368       0.390188967383052      -3.995275122792571E-002
  0.251442227203417       0.396887163621262       2.635976292762194E-002
  0.181122395868188       0.443337233626038       3.029535508070829E-002
  0.180367241460131       0.459563577938616      -1.759571378755504E-002
  1.028535333236200E-002  0.501925269684105      -3.042660780381851E-002
  7.238642844439500E-002  0.470777833053418      -1.253358000090550E-002
 -0.112542233855070       0.489396539537445      -8.946874852615945E-003
 -2.193780900983495E-002  0.472140557120499       3.442236070607909E-004
 -0.218116048052114       0.517438768337632      -1.560176830543112E-002
 -0.266473438198272       0.440876723191388      -1.398371650168276E-003
 -0.348252222065315       0.489662224985382      -3.163244924445195E-002
 -0.338028993099982       0.417775589587883      -3.634693754068494E-002
 -0.445125954183217       0.280930031928953      -2.454124709819527E-002
  0.436030016674952       0.203875399852761       0.100950988639819     
 -0.504631028166853       0.255135447391286      -5.582408167632408E-002
 -0.535005162546266       0.174819665482782       2.627033255350812E-002
 -0.574194176321072       0.127088788484666       2.573884468665108E-002
 -0.563304426338050       4.373280607220399E-003  1.507344358593590E-002
 -0.584483089822969      -6.389163477648897E-002  4.073467986814226E-003
 -0.590295976760487      -8.758597874101613E-002  2.691289234084961E-002
 -0.533804485924114      -0.182734303280725       7.662740632529684E-003
 -0.550542609423731      -0.174787787641225       6.073758614614958E-002
 -0.460155742980325      -0.335207671346260       3.453896098297431E-002
 -0.400637511965345      -0.362161780396048       2.656195319839399E-002
 -0.351668313106509      -0.191660287440064       3.772687392027830E-002
 -0.359258463630766      -0.434921311460164       3.632081960914767E-002
 -0.224877214388870      -0.464346378209213       1.092040188379187E-002
 -0.163334096543387      -0.554627273271367      -8.627415050992891E-002
 -0.112053593245238      -0.524765352862775       1.118451402984889E-002
 -6.229114851096119E-002 -0.526212044965773       8.588019508359497E-003
  7.857045052427973E-002 -0.449245744600556       7.619440341289307E-003
  2.684273479071669E-002 -0.511832964561576       1.888168512757473E-002
  4.807016349595633E-002 -0.449560393694222       3.462211440325056E-003
  0.151067778336178      -0.412884805153839      -1.232495200638520E-002
  0.232818714810034      -0.401365236889541       8.350614649044009E-003
  0.307044144954285      -0.420666820629603       5.538299612859231E-002
  0.178244027208810      -0.387893332392750       3.783148586317286E-002
  0.431884822920616      -0.230584911972223       3.665798658306980E-002
  0.441141660667197      -0.227873718425297       1.597095016208140E-002
  0.431252923986963      -0.224441830602565      -6.346754436479182E-003
  0.465263262321898      -0.141924033994441      -2.344364553725242E-004
  0.437128070417048      -0.117619129590592      -2.128765323404859E-002
  0.197744455691569      -8.594050912658656E-002  1.448603619290068E-002
  0.447472847762990       5.807278842689567E-002 -2.522474674112526E-002
  0.450577198084022       0.130397223856249       1.554290523273739E-002
  0.400870390433772       0.198288873442190       1.154788177878181E-002
  0.394050856503191       0.186032805049480       5.913501742800943E-003
  0.407858987964967       0.191497079668095       1.531815700082664E-002
  0.388417783184146       0.372593990275917      -1.334674812552971E-002
  0.308345080682369       0.447730679669612      -3.878431349578459E-002
  0.220946047901100       0.389258861429296       1.066569357911603E-002
  0.234691653729607       0.472070406050183       4.264840353368517E-002
  0.108747895692793       0.439726659731035       9.633204275098872E-002
  4.096520054766394E-002  0.446119563770554       2.875110126287776E-003
  0.326406314959681       0.647855018321099      -4.956176345582720E-002
  4.069404710589098E-002  0.626754467883868      -3.496529764268685E-002
 -5.530121860367885E-002  0.509923012745566      -1.870501643054876E-002
 -0.161405073971107       0.520836104196708      -1.114563722057196E-002
 -0.179822067833520       0.553087393840046      -9.181182857663627E-003
 -0.323979521970208       0.474531247517469      -1.947980483699756E-002
 -0.271088630691589       0.488083226251808       2.247794692191604E-002
 -0.452519744980825       0.357081258309347       4.783444945342177E-002
 -0.393344541541068       0.356954044253937       4.660132297510786E-002
 -0.482184961166813       0.271510465920688       1.199819903396320E-002
 -0.506212053742405       0.157547201547778      -3.890197499054987E-002
 -0.448443184268753       0.138157923731834      -2.826397676781926E-002
 -0.522127439358862       7.931161447647819E-002  5.074617069334464E-003
 -0.587814746546755       1.851873935700379E-002 -1.296104011557514E-002
 -0.539622945400692      -5.020598921175347E-002  1.353479469782896E-002
 -0.543639765415622      -6.923632409418218E-002  1.925215138268781E-003
 -0.504123685476239      -0.180412886104589      -9.127829461354646E-003
 -0.499351246170476      -0.278403511407913      -1.245299054992230E-002
 -0.436978054411983      -0.297232890502215      -4.360221292830214E-004
 -0.441779626553815      -0.338648056772652      -3.126198048586425E-002
 -0.387142206435146      -0.380027261703655      -9.922588904118417E-003
 -0.349526187885432      -0.461685393912521       3.513207588481015E-003
 -0.210727613031292      -0.480054638488299      -2.935760233701824E-002
 -0.214584191178329      -0.438182028451377       6.107750305524968E-002
 -9.825924560275844E-002 -0.594705791798298       0.110391217401886     
 -3.779353842274031E-002 -0.562534549603347       3.445206609376959E-002
  0.112422707554407      -0.497645612116444       4.806040131760686E-002
  1.760288712935676E-003 -0.502534630318278       6.725705806347357E-002
  9.605328683380607E-002 -0.442713278682000       1.174210872808882E-002
  0.163293724535076      -0.438831456835735      -5.418259330732234E-002
  0.381096944625454      -0.339286186743888      -4.733351362020929E-002
  0.328097153819997      -0.359983369726951       7.220212731449403E-003
  0.283911517894440      -0.351335050055572       2.019830141226036E-002
  0.404818575619286      -0.333549403361733       7.943265883051831E-004
  0.440922238710700      -0.254324805771636      -2.432281599545226E-002
  0.475975662267113      -0.162080314847376       7.802818713509162E-003
  0.459116429060271      -0.129408517256539       1.523339939776623E-002
  0.459448184854345      -8.207956288431455E-002 -4.775468747046280E-003
  0.471986712444600      -2.773591784748917E-002 -5.439085664348818E-003
  0.578932432928668      -8.733820704559563E-002  1.062574446980331E-002
  0.542544660890380       0.240002132003830       3.261519231623901E-002
  0.441072110279911       0.221873609141205       5.286049383257949E-003
  0.478385548399728       0.165342424944733       4.986258798142353E-002
  0.369372096583534       0.240309465149988      -9.816978829416777E-003
  0.402142272538290       0.202329848378213       4.510353769409291E-002
  0.293081590627727       0.446328171109783      -1.394039292183602E-002
  0.201169408506968       0.392478110115998      -2.639264056887758E-002
  0.240069441712694       0.428928279908642       4.600582019061127E-002
  0.180381791492127       0.434018016817619       4.429677338932562E-002
  3.180587797452641E-002  0.420735789630471      -2.771720657642612E-002
  3.328325680835019E-002  0.511749702771858       1.706703973172292E-002
  1.069571895159182E-002  0.516848561730682       4.252533829752111E-002
 -0.100933586594449       0.499430190621190       4.712103896655881E-002
 -0.191450667170503       0.489465615464642       4.687956804707068E-002
 -0.262400999946660       0.492909619383164      -1.397649029764554E-002
 -0.252622011154627       0.514371415978624       4.204045358827446E-002
 -0.273960994713978       0.399651904561847       4.716805867947553E-002
 -0.350395893032697       0.382780601411579      -2.322131424058987E-002
 -0.396043909732078       0.352490337114470       1.565120374687719E-002
 -0.402236244382172       0.251408498539341       2.994051354379879E-003
 -0.514272205090222       0.194649690611491       2.857555365441886E-002
 -0.501499935210216       0.151745008926572       8.461410379656255E-003
 -0.522668217021873       0.105852579059801       1.909301384906180E-002
 -0.536389662328125       3.164855078253377E-002  4.743308748084495E-003
 -0.561143893327848      -6.084555617295485E-002  1.191644329735226E-002
 -0.546077138259887      -8.896744300863406E-002  2.041246190454534E-002
 -0.479622520482811      -0.145364546195186       2.413834461559126E-002
 -0.532680062709167      -0.237639852625938       4.119328582770823E-002
 -0.477701606150737      -0.321879202661139       3.041735471460230E-002
 -0.502617012807986      -0.289631263724750       2.128090150155281E-002
 -0.299310607004435      -0.319015987282401       2.100777127841227E-003
 -0.375718467647316      -0.432994060011203       3.819533446172519E-003
  0.618561002988505       0.295299054259262       5.605523258107309E-002
  0.487035085263799       1.831643246816645E-002  7.239292958390593E-002
 -5.537218148531375E-002 -0.529797414318338       2.111684341229130E-002
  6.454426178545416E-003 -0.519794134011681      -1.101691775264066E-002
  8.125155948728842E-002 -0.536378919359108      -2.200388646224021E-002
  7.309330667111957E-002 -0.475101814300914      -3.453908728175624E-002
  0.179889730144431      -0.486548348237456       4.191630135712484E-002
  0.180454529117946      -0.482828140943194       5.682413287653038E-002
  0.314670126102363      -0.444740140915317      -8.731186189304999E-003
 -9.897257197136231E-002 -0.468750859130517       4.966135376679182E-002
  0.348040352702629      -0.347998895368479       2.751863936702272E-002
  0.469297973289974      -0.226206176325121       1.860831563279416E-002
  0.308695786967645      -0.102916501978737       5.971941084161009E-002
  0.510158782846489      -0.228490902466148       3.642726918272067E-002
  0.469460916170590      -0.145948775257608       2.007950734912605E-002
  0.583422271470726      -9.101490055247878E-002  2.625237763996200E-002
  0.479283345009597      -5.223409140577855E-002  2.886799219743209E-003
  0.520368567411910       3.887536658709884E-002 -0.111896647946628     
  0.379305642360244       0.132479564336651      -5.046928696999106E-003
  0.427739886292559       0.174419815882443       1.040890355685962E-002
  0.425081796553559       0.195677390727720       1.359211747185669E-002
  0.364589197002956       0.242378632494624      -1.945528495720825E-002
  0.321333062350232       0.340909277322251       1.105087932145921E-003
  0.329650288075921       0.365334848028876      -1.051218401131924E-002
  0.249141670248219       0.393647108603170       5.202900096004934E-002
  0.216634315065454       0.408850232278361      -5.588697959104569E-002
  0.213869351644055       0.457704297762151       4.090765849210855E-002
  2.969575612125223E-002  0.463725858880063      -1.471840969333073E-002
 -0.121932016365072       0.742469783380286      -5.001203487529707E-002
  4.185145669313396E-002  0.510130711974644      -8.263246852693537E-002
 -2.849332141668243E-002  0.541277353666177      -5.284469213233268E-002
 -5.309574563242263E-002  0.586361891999266      -5.316390657005842E-003
 -0.263045825812280       0.516032849300381       9.599416332331915E-003
 -0.286868478157388       0.437868067508245      -2.396222783653158E-002
 -0.317375996038822       0.454206499798952       4.593262899067007E-003
 -0.343761178054517       0.439434632207651       9.613788219327118E-002
 -0.455572261319365       0.264769639639198       1.685086226490703E-002
 -0.481225523788433       0.204645451037734       4.787318133069650E-002
 -0.424387052346229       0.309961542159962      -1.955646113604799E-002
 -0.516247323422957       0.189742366999474      -4.205173471374148E-002
 -0.506439546735445       5.782935859141957E-002 -6.075329319700954E-003
 -0.620937635721875      -5.943157950919624E-002  2.073569614666421E-002
 -0.552409362702256       2.084104343000030E-002  1.074248735421237E-002
 -0.564690895035231      -9.227167457029078E-002 -3.144192565335897E-002
 -0.559985149175404      -0.176960729644470       2.122299367865190E-002
 -0.488912613721290      -0.272827120063346      -9.524023481020477E-004
 -0.435892640667739      -0.284810171368247       9.916463586530836E-003
 -0.400619382636405      -0.344670511635439      -2.844927095615882E-002
 -0.402825965679023      -0.382858961336138      -3.629654330073807E-002
 -0.271093961162223      -0.407707968737751      -2.526959341982200E-002
 -0.206759477384258      -0.427147254481358      -4.595242374789218E-002
 -0.254969544851167      -0.488773570738880      -5.987356517710899E-002
 -0.106906294797770      -0.562460477035321      -8.927585760412757E-003
 -3.872721276007757E-002 -0.558591526942378       6.309688244601677E-002
  3.425785555529665E-002 -0.485808822676069       8.897005946978960E-002
  0.105142046453995      -0.545378297709574       0.105297904447346     
  0.122218449342360      -0.450563156564097      -5.998697870282464E-002
 -0.123087400772498      -0.355914272520268       6.532972078017181E-002
  0.155634944292714      -0.336944316116955       1.410115635444810E-002
  0.301955745599156      -0.421508519240574      -5.038030532629247E-002
  0.310682553382171      -0.330029404239707       2.901272391481977E-002
  0.407507678948775      -0.321899174850888       2.787267913405811E-003
  0.478439879891827      -0.223933588025622       5.119795406098888E-002
  0.467451318928739      -0.169729234636336       3.375709480998470E-002
  0.451869050738038      -0.105903155641811       2.308682470165520E-002
  0.542972687913656      -7.819886872552037E-002  8.526053873249699E-002
  0.529350177373201      -1.352928997840865E-002  1.653464593788986E-002
  0.517901317312760       3.111835348511061E-002  7.788386664602957E-002
  0.529865454431996       0.115230380089908       5.505320567741262E-003
  0.402173977990750       0.209574681271531       3.531516647050868E-002
  0.420437012304189       0.196630976700191       5.419045801753227E-002
  0.356643182707841       0.229981504956861      -1.396384355816369E-002
  0.351527212394123       0.344966989401303      -1.696024517491144E-002
  0.363309741488919       0.410274105755396      -2.244709802163743E-002
  0.319144404626984       0.374959047762242      -4.319842975003509E-002
  0.196392244858383       0.374255569604742      -2.547977006451384E-002
  0.174919794620884       0.480006697984892       5.474752430524205E-002
  0.120501875668425       0.448190124947868       6.673962780231873E-003
  1.569000740161346E-002  0.500548695944986      -2.351800948619938E-003
 -4.049963779732087E-003  0.485204698710380       1.066337336038653E-002
 -4.326049296263183E-002  0.478557470487718      -6.018231621750911E-002
 -0.201126695963895       0.533581931552421      -0.122622837695061     
 -0.178056706647691       0.504503076268404       6.739972379694940E-002
 -0.277216031957776       0.445288053830616       0.136196712667007     
 -0.335110650821673       0.449019583155116       4.935280279791492E-002
 -0.360428029335679       0.384487589639981       2.513123626986126E-002
 -0.391768684601615       0.350852958579805       3.115478145755581E-002
 -0.441297252657715       0.280226838536732       4.872265066004933E-002
 -0.469453043241300       0.165836297265456       1.763702445799360E-002
  0.493855108294085       3.596729115097257E-002  0.178162569658531     
 -0.500770092322988       9.085177746883979E-002 -4.125759680179216E-002
 -0.508670331675087       4.189273716232798E-002 -2.998858285384073E-002
 -0.542098727981300      -0.224796123023244      -2.511488645026407E-002
 -0.510911315207671      -9.554410039738055E-002 -3.654369676452080E-003
 -0.505825888387647      -0.153488393706346      -4.424255060649397E-002
 -0.498683163596213      -0.254673121403013      -1.517740139012736E-002
 -0.434260953736336      -0.301258726745220       2.386019825225162E-002
 -0.396668426003729      -0.343335913474739       1.628286125287637E-002
 -0.379754724121969      -0.423608355615373       5.889116881289625E-004
 -0.338915310726638      -0.435035469456595      -7.132691051083649E-003
 -0.232625473672884      -0.534618946821086       1.097286146044421E-002
 -0.254293954383037      -0.447932182796921       4.321157597066673E-002
 -8.132512765808073E-002 -0.544107211363440      -0.143355619993404     
 -2.081902984174197E-002 -0.526342206842527       5.449413512467459E-002
  6.937266596418422E-002 -0.487874075571822       7.619235094383329E-003
  8.728559440977536E-003 -0.482562189886154      -4.173514941076763E-002
  0.151933159394497      -0.443717306980840       7.426241936374993E-002
  0.191502725325558      -0.416726712267589      -7.406393252450894E-002
  0.288146123480483      -0.417354567310853      -2.828935273009351E-002
  0.325063802481731      -0.391573563369883      -1.141855746137137E-002
  0.345083749723541      -0.343136818789385       9.661117436626407E-003
  0.358053380003812      -0.365031756890262      -3.361536300690133E-002
  0.462941523464399      -0.262689042100563       5.725187630943760E-002
  0.475939081008872      -0.174324184646037      -2.658444674345224E-002
  0.470548363278610      -0.144188917996291       1.533257472421007E-002
  0.508254584026754      -8.666622037117425E-002  7.640217554124337E-002
  0.523911460475200       4.731157151188165E-002  3.991126019952819E-002
  0.651252485771343       4.493666076222103E-003 -1.982139865151020E-002
  0.548706478965114       9.252868176759395E-002  2.316795592969555E-002
  0.395960807526206       0.134168157872972       0.108321825202934     
  0.407844888695397       0.205932210684885       5.671121670965308E-002
  0.351662564280560       0.243762095665550      -2.071235079770834E-002
  0.372743832379663       0.274238414533291       1.685185582820106E-003
  0.336782084795017       0.337930643768089      -4.157895829492407E-002
  0.309813358106894       0.427497397733380       6.895972331352122E-002
  0.226304856818554       0.486378932170899      -5.471662657582864E-002
  0.178574667702931       0.482933218698862       0.245145966422575     
  0.106169582309098       0.443239421478596       7.761466172310008E-002
  2.958587106257975E-002  0.489234710085848      -3.869697552938601E-002
  3.301199199714466E-002  0.520336932887583      -8.687988553712389E-002
 -1.995536391897635E-002  0.492394239516864       4.522977351233313E-002
 -0.205494909455797       0.520309765567210      -8.014885701452046E-002
 -0.228806168657817       0.521687599424889       1.856794276987968E-002
 -0.209245217048649       0.440940874550466      -1.271864778952956E-003
 -0.332094132392901       0.439289212949978      -8.658862402112028E-003
  0.296943695651320       0.669087133380958       2.668931926751757E-002
 -0.424925054649244       0.308629368379150      -1.121704823761729E-002
 -0.465069056379710       0.253285242345657       3.820086198232777E-002
 -0.485336397617604       0.198150265211409       3.738508439000875E-002
 -0.513313782997606       0.153033743352284      -6.829767660091883E-004
 -0.510740657826179       8.111010552676318E-002 -7.593307391420971E-003
 -0.520849468811251       4.927690326382020E-002  2.005330588825885E-002
 -0.553812794019020      -5.434148278831401E-002  1.755866898408020E-002
 -0.495699988658002      -5.329493844266264E-002 -5.758516932576920E-002
 -0.518544537875972      -0.206272903083831      -4.788615191928416E-002
 -0.480686704285409      -0.262040813071768       1.947355651569638E-002
 -0.454362112047424      -0.292300024554328       7.821203023946920E-003
 -0.342108755711224      -0.312675084147746       7.165936582033886E-002
 -0.370876583929674      -0.441811372711096       3.812461755753075E-002
 -0.309433621183485      -0.494383671990736       4.220090596494987E-002
 -0.230214994068920      -0.459713443421150       5.738560386053116E-002
 -0.207726410474207      -0.460657715823216      -0.110177559993230     
 -0.106133194205504      -0.524165632592233       8.879463644255291E-002
 -3.238087272857425E-002 -0.543853720884045       0.109367445962309     
  2.963743241648573E-002 -0.499909805844555       0.133709073951053     
  4.911991036551353E-002 -0.482556816774954       0.176521097776693     
  0.153595644293682      -0.465658194331362      -0.168927971044909     
  0.176293992162116      -0.442458764797464       0.113762968804465     
  0.242157459420624      -0.411287351111286       4.592801574168517E-002
  0.248182052843989      -0.414479975336641      -7.814373684382003E-002
  0.333557255538570      -0.338364165282237      -3.892070226491761E-003
  0.412612426054190      -0.327620594129992      -5.989187241828862E-002
  0.456526935862278      -0.265714673526394      -3.415925144768561E-002
  0.468884452098248      -7.011972515844701E-002  2.105731073990141E-002
  0.452158774853191      -0.130678610229426       2.236720737565442E-002
  0.517291518533433      -8.873490403874168E-002 -4.157819306055421E-002
  0.444808144693944      -2.641923413073500E-002  2.069975963773896E-002
