   4.97300656296032       -3.76672898650222      -1.734627648125063E-003
   1.75597325334556       -4.11861992357967      -5.197037161519948E-003
  0.792911778993832        3.30310637295143      -8.638936343541181E-003
  0.734763104480949       -3.22820558913282      -1.204674159056645E-002
 -0.426745551477637       -2.99039288057124      -1.540700385216853E-002
  -3.06609579286152       -1.58610295728769      -1.870646170835662E-002
   3.41714434962232        3.26593270113533      -2.193209370635059E-002
   4.70605002328761        2.26733204925459      -2.507116975030584E-002
  -3.14426819227867        2.63888949836510      -2.811130134118393E-002
  -2.77539223876020        2.74599177914624      -3.104049046850280E-002
  0.477633429273897        3.69156796202145      -3.384717696099084E-002
  0.734302714294934        3.38093097838439      -3.652028410931908E-002
 -0.846093251295215       -3.72171380643211      -3.904926238079992E-002
  -3.46943457935622        2.07847846235769      -4.142413105357357E-002
  -4.02092104571662       0.529780105772291      -4.363551760596426E-002
  -4.04715327819528      -5.991319439856932E-002 -4.567469470553671E-002
  -4.03752402149538      -0.110161090734883      -4.753361465188866E-002
  -3.74944715373101       0.991348885190463      -4.920494113725220E-002
  -2.88501807530983       -2.65437974617998      -5.068207819954721E-002
  -4.04190059293972       0.860569683675218      -5.195919625362735E-002
  -4.05477412771203       0.534621592882685      -5.303125509799312E-002
  -3.96878448389360       0.249335179311597      -5.389402380616295E-002
  -1.02464541372514        2.31145002284509      -5.454409742420753E-002
  -3.99548625135768       6.483699781467660E-002 -5.497891040854538E-002
  -4.03454024496552       0.171114951118813      -5.519674675097677E-002
  -3.55246891797104        1.95370878627631      -5.519674675097716E-002
  -3.94935858542090      -0.289266474849833      -5.497891040854517E-002
 -0.364440325646558       -3.51160503901803      -5.454409742420659E-002
   3.87562521327782       -1.11700356940796      -5.389402380616293E-002
  -4.00137067218319       0.731153549549918      -5.303125509799221E-002
  -3.76742341643522      -0.504062114330455      -5.195919625362694E-002
   2.15551761531172        2.95740838590317      -5.068207819954735E-002
  -3.82421919494074       -1.04492025053444      -4.920494113725226E-002
  -3.51085329285485       -1.46931942689910      -4.753361465188820E-002
  -3.59686665182184       -1.22941976805814      -4.567469470553537E-002
  -3.53833216059456       -1.33607310600159      -4.363551760596492E-002
  -3.46455320255130       -1.17458794868352      -4.142413105357370E-002
  -3.45748303099535       -1.33208159300603      -3.904926238079769E-002
  -3.42927061398789       -1.17456932120982      -3.652028410931964E-002
  -3.39713738897217       -1.28596950360421      -3.384717696099056E-002
  -3.49768478838912       -1.01214140864580      -3.104049046850102E-002
  -3.45212306048860      -0.985903699242639      -2.811130134118601E-002
  -3.34166850507014       -1.08373616768130      -2.507116975030496E-002
  -1.65967068784736        1.47826133414701      -2.193209370635044E-002
  -3.15754015087007      -0.938264208487844      -1.870646170835490E-002
  -1.52488789856650       -3.43858162437117      -1.540700385216899E-002
 -0.922743852234697       -3.72096276208175      -1.204674159056685E-002
  0.109195079025643       -3.89205690705943      -8.638936343539700E-003
  0.401079226916512       -3.98112987534070      -5.197037161521061E-003
   1.31226222972983       -4.06761948054585      -1.734627648123958E-003
  0.459353554971606       -3.98540645744669       1.734627648124724E-003
   1.06792860550496       -4.05158608840900       5.197037161519825E-003
   1.62279732211822       -4.07400804502044       8.638936343539901E-003
   2.41565792447243       -3.88150274890842       1.204674159056654E-002
   3.13568343533819       -3.37902067364485       1.540700385216877E-002
  -3.38354163365500       -1.10289500443704       1.870646170835571E-002
   2.76859927079570       -3.69444671673597       2.193209370634982E-002
   3.61096915550582       -2.97147204247797       2.507116975030616E-002
   3.99733668113763       -2.42516567358783       2.811130134118333E-002
   3.11145744985820        3.41250721320268       3.104049046850168E-002
   4.08655982712622       -2.23174559026110       3.384717696099140E-002
   4.54892001077145       -1.28735202637269       3.652028410931932E-002
   4.34507321785968       -1.70813617131131       3.904926238079937E-002
   4.34453578456601      -0.950072755804657       4.142413105357282E-002
   4.24906160345462       -1.15388162660792       4.363551760596458E-002
   4.27440739757365       -1.38850450873456       4.567469470553680E-002
   4.23381694422704       -1.06055242116818       4.753361465188756E-002
   4.38892020837844       -1.76037796439002       4.920494113725239E-002
   4.26742474521867       -1.52015315713353       5.068207819954654E-002
   4.12782280026243       -2.22580774157618       5.195919625362664E-002
   3.98544145882742       -2.31053681178882       5.303125509799286E-002
   4.91051210978343      -0.311058852172364       5.389402380616242E-002
   4.87053517423494        2.38152618272282       5.454409742420645E-002
   4.25315181479593       -1.25590598829713       5.497891040854556E-002
   5.28268361558996        1.49705318419422       5.519674675097574E-002
   3.29150288890668        3.54717079303879       5.519674675097615E-002
   3.23265521818036        3.49160695670686       5.497891040854533E-002
   3.92580035881754        3.06805557280328       5.454409742420652E-002
   2.77047340294685        3.59764545713328       5.389402380616218E-002
   1.22193592978407        4.21384513930523       5.303125509799234E-002
   2.34270806949300        3.64691100690265       5.195919625362667E-002
   1.07607476801688        3.89212865480703       5.068207819954592E-002
   2.32226972438593        3.63544786397093       4.920494113725303E-002
   2.18835581487241        3.59617974047976       4.753361465188821E-002
   4.21122295660758      -0.911728111452254       4.567469470553516E-002
 -0.281881736320708        4.11045225139760       4.363551760596507E-002
  -1.60977226492862        4.05452430606707       4.142413105357255E-002
   2.32519977989467        3.52807837055622       3.904926238079894E-002
   1.77624058475635        3.62506844847917       3.652028410931994E-002
   1.82477958805728        3.79308336416333       3.384717696099121E-002
 -0.752270226428098        4.02493612976059       3.104049046850161E-002
   3.20758153286261        3.14346837037117       2.811130134118334E-002
   2.18681462241030        3.08857349052462       2.507116975030533E-002
  0.149800159732919        3.67021525138931       2.193209370635004E-002
   2.60729988365668        3.29229004991086       1.870646170835548E-002
  0.756231073790696        3.53140849477796       1.540700385216785E-002
  -2.63420521936856        3.02108095122213       1.204674159056735E-002
  -3.04739583704781       -2.42338415329852       8.638936343538869E-003
   6.92090162514136        3.42476996447039       5.197037161520993E-003
  0.810266828291605        3.38000934677437       1.734627648124016E-003
   1.43113778710762       -4.21490566504707      -1.105676787253659E-002
  -4.19611546811846      -0.807214465313970      -1.707063579860207E-002
  -1.98224205631479       -1.79373999700333      -2.291330493711189E-002
   3.59153387308542        2.67651072923163      -2.856186451021966E-002
   1.93676953522209       -3.50342103519301      -3.409803924084041E-002
  -2.48341493089590      -0.282878139201034      -3.951404715698426E-002
  0.294398521727630        3.68262992395225      -4.478061293208820E-002
  5.461385374915452E-002   3.56039529243083      -4.986866513668745E-002
 -7.376897786569772E-002  -3.61672782155847      -5.474985212586354E-002
 -0.425403715446516        3.48865557031613      -5.939454196232346E-002
  -1.21077103558009        3.54484292383647      -6.376899400674796E-002
   1.41854572198669       -4.02942717395857      -6.783178175430341E-002
   1.48534865075168       -4.01146376437272      -7.152881104567699E-002
   1.85640859413997       -3.99159993006510      -7.478572918602638E-002
   2.91256700552952       -3.57336678280285      -7.749579229932192E-002
   3.99429024325369       -1.09798594572939      -7.950038830681093E-002
   1.94124511727664       -4.01000373363685      -8.055919890072608E-002
  0.992834785238913       -4.08661205220233      -8.031037891058228E-002
  -3.69350828966616       -1.33714336616917      -7.823508858304114E-002
  -3.61909397600970       -1.71722794000769      -7.367141528674327E-002
  -3.45856866556987       -1.81742261872727      -6.594407973434827E-002
  -4.03237130227129        1.23814450978006      -5.459646865455640E-002
  -3.89365947452994      -0.377943829917278      -3.955536321866519E-002
  -3.49844013272806       -1.89012888331290      -2.133273922675491E-002
  -3.92074692071330      -0.499648203369375      -2.564617182421989E-003
  -3.82752671124416      -0.520288899185412       6.206009384876678E-003
  -3.89419640561949       0.178939058767759      -8.860310886921003E-003
  -3.75969295976804      -0.654657790033734      -3.614653525331914E-002
  -3.70658036957274       -1.19854387465173      -5.102643987470703E-002
  -3.56973621473750       -1.49963468691256      -4.966302115174536E-002
   4.71656587862455        1.93531994374797       2.671342912805171E-003
  -3.65182870831334       -1.27466750873203       2.249307378218843E-002
  -3.65698111887792       -1.16084031704143      -1.676845391673088E-003
  -3.62417888074019       -1.17974040445704      -2.161795119140011E-002
  -3.52377056462856       -1.20524303320821      -4.587607766648094E-002
  -3.46509961547955       -1.25155871557979      -4.190122614034833E-002
  -3.44818883128218       -1.03856302134814       2.999118140458312E-003
  -3.45915217782674       -1.18030339595755      -1.153216646146647E-003
  -3.42852956986893       -1.21014300315503      -3.009301484235709E-002
  -3.43567923927612       -1.10667957736368      -3.044227393583260E-002
  -3.47465501481135      -0.947313814402811      -4.568873387168776E-002
  -3.43088476209682      -0.909647388243556      -4.511272355445944E-002
  -3.21640706918734       -1.05580922243435      -4.458821179987642E-002
  -2.98958569259353       -1.73754749564582      -4.251122728900155E-002
  -3.17453082620800      -0.621788897394945      -4.095606528793532E-002
 -0.389655715305917       -3.78020563655096      -3.916433909448133E-002
  -1.01997345042686       -3.55396071435788      -3.716955829656953E-002
 -0.560584869180304       -3.82200310551170      -3.482203283894791E-002
  0.273991644580485       -3.87371466621424      -3.205511822725607E-002
  0.514758559752723       -4.04915312288543      -2.916417795619979E-002
  0.552515485002877       -3.97995605833771      -2.636827199051418E-002
   1.03303182955192       -4.06912610285537      -2.343260396078472E-002
   1.23724901822246       -4.04817868159626      -2.039800114148002E-002
   1.55450746080596       -4.06345632287188      -1.751782248768378E-002
   2.10606354983444       -3.99651026310797      -1.468813520472184E-002
  -3.76526957350300       -1.05028328569942      -1.192021847432303E-002
   2.71449932345988       -3.70686341811102      -9.235684195290507E-003
   2.93826211004157       -3.52907920721919      -6.657080772259035E-003
   3.49434941393520       -3.14438810001973      -4.205964695228971E-003
   3.74395181968578       -2.83767816122553      -1.904290879616063E-003
   3.92103276023771       -2.57503883838008       2.237297382549920E-004
   4.81553312240451       0.142813859083751       2.149787293994403E-003
   3.96123798657419       -2.49623432593870       3.839702254993439E-003
   4.17194722118724       -2.15968237186077       5.251693394340206E-003
   4.30983680588993       -1.98084578311158       6.334630201079059E-003
   4.35127904473714       -1.47491744755827       7.026009722271936E-003
  -2.81284052231516       -2.59151131260573       7.248465803384528E-003
  -3.26447945783275       -1.26915802298142       6.900703273276023E-003
   3.62758673200649       -2.94461814757159       5.831931676752469E-003
 -0.164017294494447        2.29846812258164       3.779453323628469E-003
  -2.98714809210152       -2.02661072982732       2.558063494262697E-004
   3.41380851523098        3.14869420351659      -5.559691552261282E-003
   1.46745896996301        4.11508047806772      -1.473109372051658E-002
   4.10223671266291        2.78737590397037      -2.793844048802607E-002
   1.29430757992792        4.15070987996412      -4.356789192769454E-002
   1.04162036624022        4.31332108088767      -5.282744614951410E-002
   1.29653539734384        4.36690130921956      -3.487617924537492E-002
   4.71720494212053        2.55700521357792      -2.656446330121522E-003
  0.764038764334483        4.36532820167111       1.080457924238259E-002
  8.405741639736014E-002   4.30493498937792       4.657309642985128E-003
  0.153036116700355        4.32321092879171      -3.244428414331505E-002
   2.83819809995059        3.70098567944119      -4.305819544213593E-002
   2.34762383955708        3.53083662575156      -2.300920225313754E-002
  -1.18216771880194        4.11545304807490       1.036062948145292E-002
 -0.535226415369728        4.06959455807908       1.282808781530409E-002
   1.43594739281438        3.48972950571145       3.364120617090786E-002
  -1.56111945452153        4.02691726132508      -3.859071026428029E-002
  -1.55668947438082        3.98682088023575      -1.548191355251029E-002
  -1.14026731200594        4.06303939780710       4.939104020838270E-003
  -1.26221497672004        4.02342109450224       2.710410459002234E-002
   2.09048446053513        3.33289902002160       2.827799635423212E-002
   4.22978039631305       -1.92179035815423       3.245659518260668E-002
   3.14911388106633        2.87935090761558       2.855734197634802E-002
  0.529772418157509        2.87496535264514       2.503011289256693E-002
   1.07030988637433        3.64158169116127       2.034066252896341E-002
 -0.506288975107843        3.54072365916424       1.565189774269444E-002
  -3.09354537886179       -2.38305578062013       1.068383825751206E-002
  -2.62767766432755       -2.84884159629967       5.363942139613644E-003
 -0.284937756120678        3.56736013114896      -5.708214170533779E-004
 -9.029237500894575E-002  -4.17031892884912      -5.795618435577734E-003
  -3.29804268331013       -2.32073428562501      -8.260732610962150E-002
  -4.30454984639950       0.554427818873908      -9.440764797538276E-002
  -1.66846207113970       -3.55987850767335      -0.105815052331113     
  1.630764347614178E-002  -4.19002480667104      -0.116730565006446     
   1.98659760817136       -4.23987897688952      -0.126536124901200     
   6.39966300033249      -0.108360583741397      -0.134572295796314     
 -0.305342868552208       -4.08826844845421      -0.141832326257409     
   1.33379561552494       -4.27660217491349      -0.149138276874670     
   5.84583889930990       3.114812578868190E-002 -0.156757789933764     
   5.66264595849435       0.402889275904848      -0.165745892030117     
   5.25997636187504      -0.171645423423499      -0.176766042411961     
   2.40341819740834       -3.62486416172483      -0.189605687084956     
   4.18034604059028       -2.08438733256111      -0.203731781275641     
   4.92289812477367      -5.959547812381171E-004 -0.218241706408557     
   5.13041734943459        1.69161536337120      -0.232811284686538     
   3.38110332417974       -3.25614109970870      -0.262978650548321     
   2.90056410985752       -3.73322561866484      -0.229239137430046     
   5.42262197736855        2.71967807170032      -0.163887199900039     
  -3.90080657350240      -0.813170841905653      -0.165540462304731     
  -1.30782407811881       0.875953668607875      -2.768086660281440E-003
  -1.56310306582494       -1.71465615681574      -4.318373655432709E-002
  -3.95138181609749      -0.325648915279927       4.923727637918917E-004
  -4.01287025040102      -0.317546059245580       3.208507056770249E-002
  -3.98038758427137       0.159080490696291       7.288552514546791E-002
  -3.96355804422138       0.142227050266480       4.322431871481063E-002
 -0.251086632026276       -4.09884614936223       8.491968319007318E-003
  -3.27231387292167       -2.10382936380833      -8.550678969314543E-002
  -3.76319793146370       -1.30248472342727      -3.117160002010465E-002
  -3.67088931754362       -1.40046983162723      -5.723047820284344E-002
  -2.92702310976119       -2.93225472306615      -2.174064953304565E-002
   3.81738100086870       -1.90267903299609      -2.774558228627320E-002
   3.86915527551425       -2.44225298440421      -6.516849264314287E-002
  -1.98422960918099       -1.07653881256785      -8.535335932660128E-002
  0.262730936261436       -4.14925146601404      -9.325355618520900E-002
  -1.99787929284235       0.502932764022499      -8.628290409405541E-002
   5.05824105546279      -0.169848312402957      -0.105709709386406     
 -7.838193002079412E-002  -4.07593326441685      -0.103797740402314     
   5.05939876164750        1.96168425251757      -9.623876502260365E-002
  0.487494102418750       -3.85034335249048      -0.122978518413603     
 -0.213716230392415       -3.98996635792206      -0.142498833866408     
  0.178225192780156       -3.98172229170127      -0.147404719481828     
 -0.958317643392678       -3.38175271379936      -0.147063031560723     
  -2.96868618457551       -1.79534011761928      -0.143590659915288     
  -2.42615895596024       -2.59575347777234      -0.137308935311985     
  -1.53895970930420       -2.32315423954551      -0.129016054573538     
 -0.403106830663069       -4.02614580073693      -0.119904397727639     
   2.30796245970385       -4.31241925894119      -0.110785148078678     
 -0.175641532164049       -3.97263204385969      -0.101822822401280     
  0.102066868710977       -3.96266398376115      -9.303840729502212E-002
  0.311867757120848       -3.93002398497140      -8.446989529718348E-002
  0.474662715323571       -3.94357385242778      -7.633242898852696E-002
   1.11292952399939       -4.11779450732908      -6.879594986602343E-002
   1.24155477004554       -4.08174743222564      -6.210194539971842E-002
   1.48948085958253       -4.07005749396871      -5.656624162103663E-002
   1.90930389466535       -4.03913027823609      -5.139704547673452E-002
   2.30738303218631       -3.93355808179746      -4.455162696825013E-002
   2.74006336005424       -3.76130449894715      -3.959035272094263E-002
   2.94910082035756       -3.59431287931601      -3.566388355698108E-002
   3.44678996931144       -3.19340065187902      -3.052419454674181E-002
   3.59941645123431       -3.00437624847104      -2.318403805425015E-002
   3.89884366435759       -2.64672734696526      -1.365539120259734E-002
   3.96932434056548       -2.57365087895630      -3.514353378916048E-003
   4.10027927892240       -2.36877777945266       5.888626738377181E-003
   4.07775345139938       -2.30855780276928       1.487767212553010E-002
   4.02990877051589       -2.46886723170143       2.648507945063773E-002
   2.45625178202603       0.887983721820534       4.842822404061267E-002
   4.01860082130605       -1.73097936243979       1.832109020028575E-002
   3.75389343619986       -1.30721693511795      -3.829236218744320E-002
   2.67482200313363        4.20347089251249      -7.276921542067086E-002
 -0.689545077742650       -3.87272618515700      -0.123554216454082     
 -0.342349846691971       -3.98186584309648      -0.155696853067133     
  0.689311879551761       -3.98732389574005      -0.138279404125166     
  0.854958766152707       -4.03304084974582      -0.189254777275994     
   3.70737198027743       -2.58782079326750      -0.179261751395697     
   4.56815084247443        2.56776191010401      -0.192992628130501     
   3.93693496491349        2.85756856484427      -0.211083704567851     
   3.78331121481476        3.14208102982784      -0.132148133965824     
   3.56023083028479        3.22071962240681      -8.677108618904388E-002
  3.452292124640594E-002   3.52035900255663      -7.521207721406160E-002
   1.83084066795592        3.60798645554413      -9.331194152154711E-002
   3.58776591777847        2.57721063981736      -7.081440816113752E-002
   1.96676792559945        4.16070954530686      -0.107209632791543     
   1.24915020418640        3.62803361982629      -5.293277692869399E-002
 -0.799717625075946        4.12108325964171      -7.267275198207095E-002
 -0.506267990427059        4.19006371109939      -3.908668673783152E-002
 -0.773296002193611        4.15871014130314      -2.991195898912131E-002
  -1.35272902059349        4.02383102682370      -1.838683676699901E-002
  -1.97256135643155        3.90780741218140      -2.350635109100873E-002
  -1.66167151113937        3.98396843337648      -2.619908220825761E-002
   1.02498085295430        3.57127337290823       4.424003344180502E-002
   2.99168687676314        3.52049374627268       2.370135614382189E-002
   1.84585430328707        3.21787056406284       1.939723594120127E-002
   3.23231937589519        2.63399421883253       1.308518831172723E-002
   3.12171794371458        3.07760718541864       4.370730026272447E-003
  0.713564046217268        3.44845362790920      -7.040112721266926E-003
  -1.43002144401107        3.27872673233151      -1.951919051424824E-002
   1.72667189123177        2.14874658754414      -3.217719114913834E-002
   2.30698349525030        2.59892513792413      -4.500668510842333E-002
 -0.105650865438652        3.60150159815841      -5.772201850146427E-002
   2.34128300174135        2.56244634359752      -7.035706968137824E-002
  -4.14115671889119        1.97229501348839      -0.484321149201060     
   1.75892721845402        3.25106028846564      -0.503610228262256     
   2.78767760183374        2.78115026483697      -0.520301807656705     
   3.64659811361494        3.18168895469135      -0.534244763486843     
   2.47473316438449        2.69940680852603      -0.546657852739562     
   2.57300083730787        3.12060930966632      -0.558372447461164     
 -0.372850539575038        2.25434713348550      -0.568145236324164     
   3.85371367017543       0.676968244075193      -0.575864110262142     
   1.52064852399854        3.31482542370741      -0.581176663634576     
   2.05901672533003        2.88322502039852      -0.579808663843705     
   2.75634010292849        2.19761405675920      -0.564978052311849     
  -3.82466963062208      -0.827769318565408      -0.529817515958674     
   1.74935861217720        3.03386386470577      -0.489025360981343     
  -2.03822604981016        2.61331001627075      -0.422063489464910     
 -9.656534065915018E-002   3.19439444339057      -0.421177557733968     
  -3.89677313591847       0.665765310299147      -0.361416272691224     
  -3.67809369420061        1.91272287715036      -0.303168515344955     
  -3.43926240701573        2.30725976872111      -0.270980750400672     
  -3.70752062564695        1.82277422631766      -0.253993267844273     
  -3.93669691069202        1.03017855190542      -0.230694440605837     
  -3.81434960017183        1.49716206576083      -8.400915791619164E-002
  -3.89626739434969        1.33740049807841      -0.174213068133419     
  -4.00810285356605       -1.15766254084459      -0.218600847442557     
  -3.21515148083444       -3.13127482956899      -0.254793930122409     
  -3.83527794753830        2.19904803408825      -0.197405671096837     
   1.73176459709603        3.48621562900388      -0.240988972154739     
   2.14587803101648        3.46692748977885      -0.311571761592685     
  -1.42299462470989        1.11356644842884      -0.347710706605300     
   4.96345664220260        1.87951088683381      -0.367206326425861     
   1.25513487928611        3.81316041473019      -0.386868399814185     
  0.584829737617681       -3.09121698879592      -0.484167617974576     
   1.65437411621709        3.39408579987742      -0.265290233828189     
   3.25008423825782        1.25983828755642      -0.337607381101462     
   2.68801108403193        2.69890064201693      -0.361945497561306     
   3.43665806161321        1.33287050540419      -0.390617523455105     
   1.26215392156760        1.63856018570111      -0.477994289814760     
   3.43740535904403        2.59434692081385      -0.498980907179806     
   3.93956531203580        2.39531333754420      -0.481695690148507     
   4.83906430216112        1.96735140821811      -0.488934603563071     
  0.281696779585385       -3.69359623541894      -0.474441375118998     
  -2.16656461144098      -0.423980580754787      -0.449442247054292     
  -3.40055676291913      -0.617049539895548      -0.422198183037774     
   2.40844377399867       -1.20617380591162      -0.397116795717271     
  -1.15799805037912        2.05965813334226      -0.374860557154451     
  -3.77162181785461       0.511555108326283      -0.362803158360864     
  -2.37060278642492        2.32277133023292      -0.357939816234002     
  -1.25086530249957        1.68270848714123      -0.346640366452427     
 -0.872951999012788        1.66874352223437      -0.329447486940215     
  -3.26408393450086        1.22137565272744      -0.311486012980690     
  -2.13378458627074       -1.43579524701850      -0.294739223233706     
  -3.43440627599887       0.565330134800404      -0.279336787370046     
  -2.42545264688434        2.31045824585093      -0.265302211858805     
  -3.40128402423179        1.46876840726175      -0.252902565399706     
  -3.42364188083916        1.23250171624991      -0.242614959591161     
  -3.55142824326429        1.30216783486504      -0.235361411233138     
  -3.04415564591446        2.27544873673074      -0.231439346730002     
  -3.75916933077813       0.170177868819704      -0.228698742276926     
  -2.95661683648447        2.14045756733613      -0.230941129750246     
  -3.02400730723194        1.97918911191598      -0.239208711067139     
  -3.60099825064314       9.792625283027744E-002 -0.254026087694789     
  -2.73984010524598        2.57645197703624      -0.272014225690512     
  -2.61368300137741        2.65163285178355      -0.308603256580074     
  -2.96352484868437        2.40404012067477      -0.382774671595795     
  -3.39648459462445        1.75326395094299      -0.358739511688164     
 -0.610414093961397      -0.502467810095573      -0.407166876384910     
   1.97615046930423        2.83686911753373      -0.502968731483046     
   1.70894710045938        3.03308549728491      -0.528889924616141     
  -3.90923338840482      -2.607933976106439E-002 -0.523930828352961     
   3.20431440147476        2.69727922614060      -0.546929564664485     
  -1.05311034237042        2.03550567687770      -0.581465629350419     
  -2.84059509071259       -2.77687896963331      -0.552872991517760     
   2.18726107524837        1.00406073884366      -0.534602453222913     
   3.40014136476123        2.89463818998081      -0.526212819738132     
   2.45430413284822        2.61488623239608      -0.541896524487787     
  -2.29491123343296      -0.267697107992478      -0.445117113465259     
   2.39775620746515        3.06010984740284      -0.483428862527784     
   1.87675242916863       -3.35215937737806      -0.281658571647089     
   4.40234160917044        1.67352952685188      -0.395274924687154     
  -3.03096838345522       -1.83746237554731      -0.422869941103098     
  -3.16957974360714       -1.46531522805969      -0.407558641778267     
   1.34911136151059        3.55764756720562      -0.377425779811502     
   2.20770385658695        3.48148432137192      -0.372394451236076     
   2.88053571281752        3.43618947108394      -0.313122649399134     
   3.59718161917584        4.03612889871760      -0.285369308330921     
   3.98526885516360        3.40166155429047      -0.351447199695094     
   3.81389752020076        3.39697893604494      -0.280600557857310     
   3.18163510071335        3.57051229113581      -0.183445311738224     
   2.41022516876231        3.82731893393064      -0.146384909481486     
   2.05141929370996        3.79630374359561      -0.156632082340782     
   1.75474069140110        3.94348253372467      -0.190768916296797     
   1.76218736248658        3.71257265369683      -0.231113225145725     
   1.49233462988182        3.88136390869326      -0.271144698515562     
  0.967886588915492        4.19221720820655      -0.306290680086781     
   1.08139095833109        4.12706255468259      -0.338732235680388     
   1.40232451473080        3.90130946446240      -0.359775940932114     
  0.902268864648281        3.96629336050617      -0.369639949313375     
  0.960158532680002        3.82687515648116      -0.389591696303690     
  -1.07522504570086        3.88586970707554      -0.414665754570681     
 -0.917047283245882        3.75933445202070      -0.439747419496588     
 -0.475432534509988        3.64095185178791      -0.462976115859752     
  -3.16090563526189        2.47072958375481       -1.43474730121831     
 -0.769599493534966        3.36505828158787       -1.59099131061954     
 -0.405365917485903        2.94847255145623       -1.38623005550538     
 -0.689988253570409        2.28532682871387       -1.28787544151952     
  6.919870843221447E-002   3.24985933458473       -1.31141985767530     
   1.61660460450362        2.36668088198233       -1.27769559567249     
   2.53930211051849        2.21689807085859       -1.25728546636947     
   2.53286330896182        2.68950909245873       -1.42961597524026     
  0.445329586165172        3.56390345451498       -1.65733954484104     
  0.298459409250252        3.21194444496386       -1.84350289143375     
   2.63429168547692        1.40366839682919       -2.16422677790769     
   2.47179480868058        1.59691531581986       -2.54852504703877     
   2.16204700337478        2.26348103794591       -2.47259717914449     
   1.86387829590299        2.42198485217712       -2.39049568250503     
   1.53021223469220        2.55154699588212       -2.30616927949175     
 -0.865154050419061        2.38493574251171       -2.34562751943030     
   1.15128016428670        2.67159283283174       -1.80370614204002     
  0.885170531059727        2.72761815459401       -2.95577045199625     
 -0.334760783092836        2.65039770987875       -2.76537548665536     
 -0.169349025481064        2.82709276895284       -2.67189337894426     
 -0.503931188917440        2.96326190444142       -2.87878353946799     
 -0.513743793005237        2.60875733723526       -2.81371154950963     
  -2.00847634300672        2.96250605629982       -2.77966211611373     
  -1.08144833403710        2.93945733175687       -2.85031752848766     
  -1.67618397493692        2.37846480873302       -2.46206210835983     
  -1.05670096368480        2.76237925509338       -2.31916365692192     
 -0.931439351020234        2.46111883226444       -2.24328022565975     
  -1.18292190245677        2.53319304631298       -2.15339960527533     
  -2.18093660067356        2.69555121444152       -2.05532724365334     
  -1.72299063148605        2.84755042014967       -1.96675777009862     
  -1.58078078469424        2.83721065605121       -1.85136811357485     
  -2.31165119396809        2.47748920864098       -1.75517422936384     
  -2.73963401174412        1.85993727872654       -1.71570156440262     
  -3.39253358750298       0.764405242288917       -1.67435443505814     
  -2.90014055181271        1.53564398703822       -1.53711570973258     
  -1.70483550942538        2.83138804776497       -1.26391880067476     
  -1.03462615045313        1.75766715775639       -1.12518060054454     
  -2.20889512585350        2.40540629058672       -1.29268873735198     
  -1.19477336151168        2.54147766819849       -1.56233209289764     
  -2.89517736390753        1.66502340551712       -1.78978933698514     
  -1.35846940097198        2.47260618513531       -1.96925649397767     
  -1.13963584957310        2.15736598972151       -2.11721546516212     
  -1.42452899368869        2.34770836707817       -2.25925416553150     
  -1.88482724237172        2.31260797875405       -2.36450535912702     
  -2.30725092789585        2.02721802463612       -2.37093735288810     
  -1.43771780256306        2.22078643705889       -2.35112775767741     
  -1.09483100656636        1.40609759813104       -2.26131875163861     
  -1.55950436135838        2.19635939919684       -2.36702587367742     
  -1.64583564676521        1.90730887345191       -2.41642987874888     
  -1.96316148116403        1.77206588095672       -2.57684129189734     
  -2.17107912852097       0.361618763714922       -2.66427472076200     
  -2.20375090763567        1.51608005575092       -2.59894115191645     
  -2.04364251936789        1.10476531707178       -2.79282848321404     
  -2.34772939536179       0.512073176532090       -2.89571816522708     
  -2.49746394832737       0.901066415936802       -2.88525294069397     
  -2.79011813217126      -0.449758101301298       -2.88038440686316     
  -2.76845488084400       -1.05268503209614       -2.92866121503346     
  -2.07883719066239       -2.48622729704841       -2.66504147859473     
  -2.40925789824874       -2.11856792959691       -2.42627606878397     
  -2.80401118496943      -0.903869423608596       -2.17414522602230     
  -1.99947918664264      -0.287093293845342       -1.91184310718855     
  -2.47348627391241      -0.547165255132488       -1.77581397893864     
  -2.60851171292338      -0.731763535947589       -1.80435998437905     
  -2.52175676224532       -1.29576254094045       -1.85464132655480     
  -1.29722804733289       -2.88237157689510       -1.93500329213385     
  -1.64449411718697       -2.70938523248246       -2.04948279001277     
   2.37874552287582      -0.932087760431145       -1.71700451339673     
  -2.68551817290477       0.385657756015288       -1.36315819670059     
  -2.27724976647089       0.368286892120704       -1.46767848746735     
  -1.68071379464976       0.387774293261856       -1.52688091081828     
  -1.40074561423536       0.923223750117066       -1.41481682172779     
  -2.70131489397029      -0.451880394697596       -1.36532918168833     
  -1.65139036063491       -2.46422793423786       -1.49512342920063     
   2.54498045221735       -1.95700543201112       -1.66726594275994     
   4.09667919397714       0.593731985799839       -1.64079454515834     
  4.559565627047567E-002  -1.33462066073305       -1.63319325988529     
   3.75515160787847       0.792915187429703       -1.70129972398019     
 -4.955111946993373E-002 -0.810561042646064       -1.82247477460724     
 -0.512522321135291       -1.89147108567921       -1.97734970737630     
   1.46054526569946       -3.80159576806178       -2.09289083933740     
 -0.421829922218440       -3.25293242197481       -2.19965203937222     
  0.609868707691626       -3.65839513006591       -2.31008481330977     
  -1.43824359791932       -1.17563282256835       -2.40356363104285     
   4.16419126694919        1.78897917967131       -2.50773131623346     
   3.40149026680238       -1.82135343997731       -2.68700151099121     
   4.77069009647500       0.918396721043037       -2.97804700346484     
   4.93552288427698        1.09102242205749       -3.20310548649000     
   4.60053438535050        1.63917969844035       -2.88401752674587     
   4.34339988654469      -0.799012160563694       -2.62236850420959     
   5.26059911357593       0.901497991354985       -2.47783725062593     
   4.23799600542077      -0.203744865048984       -2.34170618361878     
   4.24707364324206       0.338259876365920       -2.21162719601135     
   4.43408655493934       0.437262086117274       -2.08410618263655     
   4.56022959337773       0.363189743029088       -2.00794092594679     
   4.77773496712805      -0.362995949210871       -1.94795263167579     
   4.62611350505509       0.740854147183807       -1.93491175869525     
   2.90211917726184       -2.00572327010434       -2.48815665240410     
   5.01919059734323        1.56515096564965       -1.86121026951287     
   2.18888609929009        1.30157088610486       -1.90833151092348     
  -1.60582405068353      -6.845819477247124E-002  -1.83545719175223     
 -0.300501364943252        2.64805745467736      -0.158084701968635     
 -6.090411756027611E-002   2.47198355725890      -0.610516736225824     
  0.171001352381823        1.98798253942210      -0.873891840109703     
  0.556610625150699        1.96063128472624       -1.03865388456566     
  0.703595561287623        1.87035661547755       -1.16870836451380     
   1.59755064052940        1.40361695816239       -1.30312349778382     
   2.12608484476204        1.35489691663522       -1.46058846395256     
   2.10612053317950        1.54556726540016       -1.86833758365113     
   1.77413026689263        1.50017017565639       -1.74387885136356     
   1.65133091743171        1.57952438919710       -1.47488198346538     
   1.38711630784864        1.43878140660322       -1.40905894044168     
   1.14591683353561        1.88005538278079       -1.37961831892618     
  0.396850194180222        2.29059344403997       -1.36395816078932     
   1.00167308012685        2.15607273513281       -1.34923017318673     
   1.35209706708772        1.81830646185367       -1.33168148384969     
   1.18079260215737        1.64587922351454       -1.31257497534375     
   1.06999293157263        1.76246484438846       -1.29642659574551     
  0.925172678410409        1.81465607118609       -1.28520765672296     
  0.756436341230671        1.84280506266644       -1.27609101060016     
  0.554760267288551        1.95893865841860       -1.26672346490574     
  0.469332496836724        1.87970310758310       -1.25521626649215     
 -2.370265397685085E-002   2.12329911693167       -1.23397197728196     
 -0.419194861234841        2.19037991864742       -1.19452952322430     
 -6.043804338900924E-002   2.07840960209532       -1.17946696149022     
 -0.619420075566130        2.25627251498009       -1.20842252451645     
 -0.931576487596381        2.27332339767367       -1.23347435175214     
  -1.15158413209181        2.23376460490739       -1.23988391922128     
  -1.22481033463352        2.11696708918013       -1.23971233305238     
  -1.31265157282479        1.87936616683264       -1.23944174012071     
  -1.39480218565856        1.77881941642591       -1.23924566528720     
  -1.74225352075074       0.660946161927045       -1.23514443598813     
  -2.71826063988060        1.33774117253998       -1.21997628103425     
  -1.90771742189495        2.41584902161317       -1.20880061113588     
  -1.78603052980382        1.76597658725688      -0.963270106116057     
  -1.72820322354052        1.56259409769237       -1.16597515677150     
  -2.12731985845690       0.861389459518701       -1.13368656981275     
  -2.38385299406106       0.512042121935527       -1.01462243151973     
  -2.54456665111449       0.747965947542913       -1.03476514302537     
  -2.52914118413024       0.589424518713253       -1.20038905135616     
  -1.83982340567105        1.31785241419428       -1.22316102027785     
  -1.95974192561366        1.14345040650978       -1.21192418097747     
  -1.90586128096008       0.389428186766074       -1.19096206804393     
  -2.36563073567944       0.224166159645324       -1.15812652704567     
  -1.79577247679400       -3.01839838347284       -1.11871233632505     
  -2.56060322040421       0.424428367933727       -1.09316146813404     
  -2.31887695131986       0.818791688513751       -1.12117815592464     
  -1.51950756356666        1.06572231461701       -1.24729682582952     
  -1.86122916594086       0.159005326241202       -1.50784691443825     
  -2.27653003147265      -0.615980624132677       -1.95112605711559     
  -2.05990501533072      -0.517384856106706       -2.66348453222193     
  -2.28884385199223       -1.83181523967096       -2.40390757751968     
  -2.17422336190483       -1.69151280771452       -1.99309387637328     
  -2.21271996359799       -1.49978133160076       -1.78576611322818     
  -2.05381386692020      -0.824218951955559       -1.65483972717346     
  -1.74341304468506      -0.852668665053396       -1.54870597313856     
  -1.04050412028238      -0.420718373761205       -1.43599576585583     
   1.08285323891800       -3.04323246456723       -1.18721618184933     
  9.312644769932947E-002  -1.51670989785403       -1.01958060542178     
 -0.634016643052119       -1.62385237144044       -1.12419265272349     
 -0.858061258915010      -0.889462280568124       -1.29231694903555     
  0.634728440449950       -3.45649386265946       -1.40040124721771     
  -1.14635898647479       -2.13519320941520       -1.43831261293927     
 -0.470410093777600       -1.34940364228732       -1.46000141032801     
  -1.43980271146551      -0.287689976785735       -1.47565547021840     
  -1.94903548282000      -4.550459092864691E-002  -1.48931877907716     
   2.86936348953968       -2.44056619064862       -1.50116384356706     
   1.73851823262214       -2.46608914115919       -1.50808207301589     
   1.36057080663074       -2.41841350824696       -1.50783942971346     
 -0.674630842815099       -2.85874009108303       -1.50402507375116     
  0.821603712583840       -2.83361997262658       -1.50107950359500     
  0.854136336787493       -2.83837139209924       -1.49902824610988     
 -0.241656063434076       -3.00756787469680       -1.50050816955333     
  0.519120364904642       -3.15358339691346       -1.51946384348512     
  0.875568633065583       -3.18155297054905       -1.52398137335278     
   2.22777951584458       -3.44010331605363       -1.45642722160259     
   2.61028285595856       -2.66695366727130       -1.41413909146677     
   3.27935726732352       -1.82774584540526       -1.38935969974836     
   3.48115606474381       -2.01565736299690       -1.37183339120650     
   3.34595115333001       -2.23462719151167       -1.35407181231826     
   3.01794784855320       -2.52019597309818       -1.33034284229481     
   1.72728058141943       -3.26364957498240       -1.29517811708673     
   1.72867151590129       -3.41072985007400       -1.24694301081443     
   1.52838245991675       -3.39379963417439       -1.20787850873113     
  0.992048289233824       -3.40688206737531       -1.13349899670630     
  0.748290070879325       -3.34980090293104       -1.13894199206485     
   2.20184489586803       -3.38050330063523       -1.23447832727041     
   3.05261840357032       -2.66822270734925       -1.23843204298008     
   3.38525067997688       -1.76828623544912       -1.27267061103657     
   3.71489221249228       -1.22881302612143       -1.15446084157653     
   4.16918606321153      -0.517039266817477       -1.13953449065708     
 -0.796556442774233       -3.05404341785918       -1.15714858001046     
 -0.538224748146062       -2.32204451879648       -1.19652299722547     
  0.784810078566649       -2.71299763621048       -1.23930491564797     
 -0.127324618879930       -3.07137034769904       -1.28093924750052     
  -2.22655285536009       -1.18787736157595       -1.30864416280376     
  -3.67808576969264       -3.02387693002513       -1.28716473865968     
   3.00281872211490       -1.29519510354893       -1.17162623207258     
   1.69490930264745       -2.39046625624766      -0.930242634101273     
   2.10709370538126      -0.747952892253499      -0.481740504314774     
   2.25200685503222       -1.16724237640352      -3.112307329157157E-002
  -2.29372966335674       0.519819380249588      -0.899216732788958     
  -2.18465680355567       0.897443958027905      -0.951465754703952     
   2.70676476922868        1.57168069180103       -1.00348441656628     
   2.09173434775320       -1.39359846599293       -1.04684609973788     
 -0.701137238037081        1.94355306305725       -1.09265780080813     
  -1.74195682844215       0.541190278944071       -1.10392385818140     
  -1.73886610396563       0.132095428654907       -1.07934495342317     
   1.18969980930048       -3.18844601387055       -1.04620991857801     
   2.11932176047268       -1.44763173722672       -1.00673962437337     
  -1.73977286455860       -1.10819112507305      -0.989329671916523     
  -1.79134074094089       0.257972333494851      -0.995628236720545     
  -1.90673725852547       0.960881478692969       -1.03116992254954     
   1.06397010915082       -4.60294832137841       -1.08569367402357     
   3.15025623577906       -1.39888620084211       -1.02414140948482     
   1.51298841340986      -0.323676266446108      -0.986557752038573     
   1.07159177168167        1.66982278427698      -0.973709181075797     
   1.67751424831206        1.33709651533015      -0.970703616368608     
  0.910335796621935       -1.88180418431176      -0.967351919071263     
  -1.08405453652756       -2.56877505008313      -0.962400286149141     
  6.878836942534604E-002   1.85630318622298      -0.956128744159499     
 -0.720715546840286        1.64018416140617      -0.948933437963175     
 -0.649038710032124        1.80818696220522      -0.941301983157440     
 -0.317403656179362        1.81564519902232      -0.934425879546345     
  -1.67849649755742        1.38223909397779      -0.929321871185803     
 -0.699113341537014        1.94625177224387      -0.921900048291410     
  -3.08384695499651      -9.517437552875818E-002 -0.903056444035397     
  0.705024956732992        2.06478958075471      -0.866651314891964     
  -1.56142849321025       0.851930858324724      -0.837023487522727     
  -1.11615752857473       -2.70077903536818      -0.863441032562730     
  0.499811182252386       0.242920002572202      -0.937866144376844     
  0.727190642519109       0.106232759550776       -1.01690935128763     
  0.651436991345449      -0.901182821068324       -1.09005667332569     
  0.689395702142936       -1.34179573055720       -1.15835043511131     
 -0.761331127101105      -0.294680269367652       -1.22154878040749     
 -0.843997826682255      -0.121719230305692       -1.27918255040682     
  -1.38878544684448       7.795082868364682E-002  -1.32894319059095     
 -0.744023523024802      -0.618192349124559       -1.36285362225046     
 -0.566924064429748      -0.753162562645725       -1.36428678218930     
 -0.239096837850879       -2.14202819420739       -1.31578409949220     
  3.645544824330473E-003  -2.28436555649128       -1.23395396683625     
  0.364610500961128       -1.69074881695300       -1.22482085178905     
 -0.729072833671192       -1.13813576441149       -1.38258039662218     
 -0.411643582537180       -1.50409130655637       -1.66896173091162     
 -0.460719436330843       -2.02654370864176       -1.89107942478375     
  0.209986149926330       -2.40487482446810       -2.83835928753938     
 -0.366793838527456       -2.65901849945157       -2.21058462893605     
  -1.03174352262572       -1.84746750168548       -2.16977748957338     
 -0.658914425670678       -2.26132753688232       -2.09684967917242     
 -0.658798523940757       -1.95314719823127       -2.05267336216749     
 -0.511094629993251       -2.00690226407142       -2.01159108876821     
 -0.213862558251709       -1.98540719938273       -1.96888934603160     
 -0.280705459890915       -2.35760765858960       -1.92123414326517     
 -0.309844271622877       -2.33399500331392       -1.86530486331792     
 -2.764634119074997E-002  -2.60289581099592       -1.79909410606004     
  5.947610059341892E-002  -2.59734407490132       -1.74726666639043     
  0.975003446467820       -2.43499244459520       -1.73008972613954     
  0.564308969073844       -2.86897406510657       -1.72649624428627     
  0.932639929319383       -2.61328106410881       -1.72618069855148     
   1.31379703768315       -2.47767443187145       -1.71715690960930     
   1.46696309768728       -2.92141538238101       -1.67989628227784     
   1.67519087083926       -2.94484182168547       -1.60919181981040     
   1.32007457199961       -2.92011931580150       -1.48416318372871     
   1.71608195760421       -2.72366726554499       -1.35974480905312     
  0.516058110508082       -2.97898778556483       -1.38630599204300     
  0.128867076985931       -2.72935427867740       -1.44509849287823     
  0.317222772596035       -2.78988059933942       -1.46681260993584     
  0.723788857202318       -2.78702546381890       -1.46711345624817     
  0.946443404757943       -2.93377341732830       -1.44912524027718     
   1.46668281566990       -2.55857108071360       -1.42162467150207     
   1.76626119498148       -2.30492085722741       -1.38949916035915     
   2.90802226088800       -1.83085648986099       -1.35573430222275     
   2.81680183174036       -1.52883437246056       -1.32328444721458     
   3.01696172058236       -1.67510826239168       -1.29500823061707     
   3.42541818742493       -1.03235206585222       -1.27156457196204     
  -1.56822888445980       0.906397448980775       -1.25785155519425     
   2.11832261770646       -2.31370131415933       -1.26229890921436     
   1.14569587907579       -2.54886148445345       -1.28995334122437     
   2.52813311825636       -1.70814159512697       -1.32468408710748     
   1.21430774642320       -2.58115490185371       -1.29006121936493     
   2.97017298179081       -1.17872187941731       -1.20644750281022     
   2.84157125699785       1.369125231561546E-002  -1.12666978078853     
   3.18936830101538       3.248795120917731E-002  -1.05377364470324     
   3.39690906577362      -3.562349713481910E-002 -0.988382885206900     
   3.34525213460171      -0.121525329675452      -0.932444412734154     
   3.50428241064882      -0.156489818574904      -0.887932810578076     
   3.73681241920116      -0.229315188781820      -0.858575612254297     
   3.69843842871044      -0.590647953431847      -0.853255232875305     
   3.64960603754692      -0.478584063430826      -0.887448248526580     
   3.63472937981385      -0.748805062602093      -0.975887984483159     
   3.30046420294415      -0.881195427751109       -1.10906191994229     
   2.56954035912304       -2.24658228833530       -1.17729692271355     
   2.49226760347476       -2.11507948033835       -1.02640375528404     
   2.21577239111743       -2.32077614677995      -0.761002248022142     
   2.47889947531431       -1.97114325712360      -0.216397819083035     
   2.30378735174790       -2.32584985207626       0.223449116637920     
   2.70015047472958       -1.89009823107707      -0.106918314637278     
   3.18639090913554       -1.25367089127030      -0.558767479709296     
   2.86175895520289       -1.62464954604548      -0.693784970705175     
   2.75751397978124       -1.77197282336674      -0.779934393764996     
   3.00430539505953       -1.42952239343115      -0.843985518994995     
  2.046837006219163E-002  -1.21414371029145       0.823017691885338     
  0.599351355770495       -1.48750716723803       0.829269823147551     
 -0.396820386537831       -1.62676080002574       0.829290988504359     
  0.491160254405640       -2.03838153283692       0.822525550946237     
   1.22261442308617       -3.04280172017017       0.808560288362764     
   1.00411832563971       -3.25099252056619       0.787150935203673     
   1.34200789528474       -2.85512643672621       0.758089959123394     
   1.53232362004909       -2.66823723183917       0.720803846574532     
  0.882528400320238       -2.47040545385641       0.673461100941236     
   1.08935120942086       -2.79021122527844       0.609208917642474     
   1.01291171083108       -2.80223493619297       0.515517405482618     
   1.14849833733405       -2.79412619505093       0.292773761309910     
   1.21154544194393       -2.73158030534198       0.384888333527069     
  0.923867057811390       -2.84161063941759       0.408091778548559     
  0.102916677981179       -1.97153102894827       0.377311364262849     
   1.43700027933724       -2.70268620705106       0.323978917874070     
   1.60361812774410       -2.67832881608246       0.256361434305937     
   1.67594098132112       -2.64407934108972       0.177367637924058     
   1.44627094430990       -2.67016270196028       9.299761681457797E-002
   1.43265784871580       -2.72689608647578       1.299386730424487E-002
  0.497567422983174       -1.76918800200573      -5.212952157258523E-002
   2.42838237205223       -2.42234822927401      -8.421219657171498E-002
   2.45907624814250       -2.46186061969084      -1.868802056591770E-002
   2.56296602739449       -2.05435505129904      -3.651321428259086E-002
   2.67997358168143       -1.75125880936985      -0.244514065133648     
   3.08559691227461      -0.837151158056869      -0.427146329769468     
   2.59431396851712      -0.279133189958570      -0.536645724273595     
   2.42753478614924      -0.693692352604396      -0.621725914111656     
   2.52426174254362      -0.464609046089701      -0.692386374821081     
   1.57009105340511        1.23771640545836      -0.751987201791729     
 -0.746373130005604        1.50709188317964      -0.800664060236024     
  -1.81614419498698       0.309431254200762      -0.836739922972514     
  -2.05812944843703      -0.204134114389752      -0.857181983964303     
  -1.97812152973363      -2.669024145130188E-002 -0.858876439758919     
  -2.32971176760101      -1.354757669806757E-002 -0.844777215861276     
  -2.04701482722357       0.614033320198215      -0.833040847730416     
  -1.61476138062257       0.822851671630116      -0.840899442363760     
 -8.137125480374585E-002   1.69179181439765      -0.856498113567587     
  0.505478265966496      -0.147127914034285      -0.854551699808525     
 -0.320962052574161      -0.407622164289170      -0.881146024787836     
  0.261413326574444      -0.274868484561566      -0.956630462117882     
  0.598902496636032       -1.46154676206902       -1.02580660809764     
  7.698662535448218E-002  -1.67149078093591       -1.07993539515193     
  0.207741009516338       -1.31064700219195       -1.12878954430333     
  0.228592876069981       -1.48296368323639       -1.16866581247604     
  5.564490058556530E-002  -1.46914691847625       -1.19612711086772     
  0.216470676236866       -1.42310543296258       -1.21125701398252     
  0.110141105865885      -0.793806311299596       -1.21559823188050     
  0.137362077842670       -1.22849394097154       -1.21077316153774     
 -0.296971910861231      -0.967663034891160       -1.19815261211090     
  4.115638465699113E-002  -1.03910141047762       -1.17888445070893     
 -0.126612159466868      -0.925244700240422       -1.15396554875156     
 -0.380926401342131       -1.09557029086961       -1.12426325928593     
  0.600491216978736       -1.43039471549791       -1.09047716741093     
   1.03448376452988       -1.28702680004071       -1.05305959699020     
   1.93875481736918       -1.89115449253693       -1.01210880023274     
  0.762088970881314       -2.01081472154238      -0.967203896934276     
   1.66209734494766       -2.31360393300242      -0.917042487896864     
  0.369836114087526       -2.67852891967119      -0.858297677731523     
   1.28345352951688       -2.77062896632918      -0.782912118197673     
   2.08272099365647       -2.52221231377780      -0.653207442061297     
   1.94199581600881       -2.61731423785802      -0.493858936506325     
   1.67947069414187       -2.65572788719440      -0.463889217374117     
  0.213504623163095      -6.835160504260086E-002 -0.524180970514736     
 -0.498075815506139      -0.893361425196728      -0.532506996574638     
 -0.105992040302596      -0.726314384057920      -0.512795380577578     
  -1.30672930176710      -0.576390164866603      -0.483914812109555     
  -1.72192754965501       -4.11337706766616      -0.455079197776307     
  -1.59182817627760       0.342200367364239      -0.429677519351459     
  -1.62318397907108       -4.64571343997026      -0.411146952258064     
  -1.21985232239975       -5.19927520826486      -0.405483778212937     
  -1.63111633689833      -0.443346577671296      -0.428377695846029     
 -9.913085789675827E-002  -5.17911416912327      -0.514223308239606     
   2.01815789405042       -4.82418765406130      -0.668209887994124     
   7.39629362963184       -2.18138997452005      -0.384043056002758     
  -4.98234904058040       0.174665237527961      -0.264246351879552     
   13.3370260310523       -26.9382948466245      -0.183023708030358     
   6.33917761675497       -4.83258807045519      -0.119687598336267     
   1.92395338501149       -4.87802256151998      -6.152445926691991E-002
   1.17209564835433       -5.23234589745592      -3.081803880686245E-003
  -1.45481554073300      -0.390763727872909       5.982802462495196E-002
 -0.186194546055253       -4.92962824047182       0.132181612871499     
 -7.013714502367539E-002 -0.567353417978256       0.221318741662506     
  -1.56522944698005       0.286498322758451       0.336684818759436     
  -1.46362851293252       0.495291668056887       0.477918780024248     
  -1.65136829717744       0.686741628572363       0.605622146065167     
  -1.44621287117122       3.526756995812714E-002  0.673821324773401     
 -0.105675032036894      -0.797212261832783       0.716806020381578     
   3.11781537345620       -3.48744003262097       0.809562256483193     
   3.23839754692507       -2.81491089974562       0.841907548567253     
   1.47180031102328       -2.01442875280500       0.712366741706294     
   1.77468727607337       -1.43680480658431       0.639346973302869     
  0.992547775541219       -1.42347820233162       0.629658430202915     
  3.308745366479147E-002 -0.482176603566772       0.650934723435094     
  0.926615834383359       -2.20863178551174       0.683131005164155     
  0.371490786629534       -2.44537999102628       0.716114963569870     
   1.16919196766875       -2.71516411246860       0.746245174411585     
   1.53848148015252       -2.38735451334568       0.772385442460528     
 -0.278103593268912       -2.47721693719188       0.794116507634794     
   1.39444389610799       -2.82117983552237       0.811126399105541     
  0.477181073709478      -0.206276132027558      -0.418334429833684     
  0.194796562231772      -0.436029388760268      -0.529873145679567     
  0.796385578438708       -1.42034848867418      -0.589941429176504     
   1.80507616260522      -0.759546808404859      -0.602388794383858     
  0.802310565940980      -0.200917547252722      -0.572925655846585     
   1.16125300279626       7.452634291582094E-002 -0.493621490157370     
  0.966978240165018      -0.383768859210255      -0.393446586881393     
  0.245304959906393      -0.540262536726481      -0.304119353220000     
 -0.521032613812931       -1.01949387578812      -0.226568154601388     
 -0.844981720237791      -0.782963843241908      -2.026887380294429E-002
 -0.676552836145026      -0.643853346549815      -0.207042508524716     
 -8.957977721693648E-002 -0.638703804649883      -0.678231630798692     
  0.557874932679700      -0.157745547668002      -0.710517475362977     
  0.204506542871470      -0.269999655770703      -0.755921627159296     
 -7.771725298550324E-002 -0.618790208848120      -0.818205073785403     
  9.017724828542517E-002 -0.829420754554207      -0.824794655599675     
  0.192860764034612      -0.895820635828620      -0.781467535476824     
  0.165190662056249       -1.01561470400877      -0.686631946583178     
  0.532734120774058       -1.50545356521948      -0.602422099404731     
  0.536641084512361       -1.73580486939536      -0.608815219151695     
  0.536665702841632       -1.86855490960029      -0.192485567478990     
  0.451863979990339       -1.54215833915355      -0.777864089025235     
  0.442095539521332       -1.83014061587486      -0.779519249580611     
  0.597505152404923       -2.05447606565649      -0.754584201384456     
  0.741185635196373       -1.67161944206985      -0.862845426394666     
  0.277358194572721       -1.48292663756393       -1.02986451400656     
  0.379060842619520       -1.78918923801548      -0.945701413163840     
 -0.184947568459100       -1.64232395936614       -1.96102861844083     
  0.111147149534187       -1.73533357866402       -1.77810817205913     
  7.776020387585830E-002  -1.80983318184216       -1.72678952940193     
  0.331134877143817       -1.85930388413201       -1.74222241301802     
  0.183351448737939       -2.00928919492426       -1.81992448992716     
  9.113594423028684E-002  -2.39431427855021       -2.25922394820299     
  0.192452461408364       -2.17798264494232       -2.39423778167721     
  0.322134451279391       -2.26199190453217       -2.12787349246942     
  0.373404607082935       -2.11430606525655       -2.07580069291077     
  0.407666962032255       -2.00726018587769       -2.02381512801422     
  0.331954554946548       -1.84120310098342       -1.97375452761141     
  0.502680049569033       -1.66428150551789       -1.92460298928132     
  0.487327827755506       -1.97039256218620       -1.90247599716600     
  0.694587499174824       -2.25201528962419       -1.89919471767804     
  0.783863752167225       -2.14258063621389       -1.89138446239317     
  0.738132529212281       -1.62003790531842       -1.87182267256135     
  0.910823880929095       -1.49361468537088       -1.83921036578383     
  0.596262559871512       -2.59665812905988       -1.79285568690391     
   1.33085526826864       -2.35467821067681       -1.73028598642542     
   1.40942674392894       -2.09712359995625       -1.64304034489165     
   1.28427938131482       -1.95447766439742       -1.51871847382197     
   1.10557552271467       -1.89402898190948       -1.36288806628537     
   1.05856979352372       -2.06625524141900       -1.20422727408555     
   2.15147751829720       -1.65373546598857       -1.05868218765456     
   1.77529129159336       -1.82076557392499      -0.945310843807478     
   2.82789111525713       0.561367393607768      -0.896812756205995     
   2.18149607125960       -1.08862301684940      -0.920175693187535     
   1.60458502909352       -2.11402548935330      -0.989471688546945     
   1.91452772836664       -1.67490137025488       -1.07440805767024     
  0.216487481533007       -1.65949668777166       -1.16746552110584     
  0.945809417951829       -1.54965421958192       -1.26508380687612     
  0.924910190738209       -1.40648842240608       -1.39508156520754     
   1.33329727109450       -1.75107540669194       -1.57077120539409     
   1.15098073909513       -2.02727105892983       -1.53322951104248     
   1.56675131331631       -1.71539359679261       -1.41232517893467     
   1.59497573332748       -1.52316234315714       -1.33081400053633     
   1.31289332932370       -1.68825628481127       -1.22372666253968     
   1.13875476868283       -1.63855955533710       -1.18267271747201     
   1.24512652819569       -1.54423813216899       -1.15345012160907     
   1.70880048894476       -1.20594059730993       -1.18622217195127     
   1.80884296077243      -0.968287022943621       -1.26756112838747     
   1.83590177650658      -0.570742947850892       -1.34791374462063     
   2.56623660280043       -1.36288539276171       -1.49783845836825     
   1.86195464887581      -0.618427677452959       -1.29851267099170     
   2.00292971265077      -0.553891329475386       -1.08333743955399     
   2.09946136657743      -0.378542767375219       -1.20628963177855     
   2.22586695920373      -0.159853594818203       -1.27898411910413     
  0.239773759439130       0.355584465924333       -1.16123373333673     
 -0.691396136825181       -1.81630699753087      -0.850694294325804     
  -1.03216826945195      -0.922980703596793      -0.311425215034566     
 -6.335561316679825E-002 -3.244331953613999E-002 -8.382587952506815E-002
   1.36429811356264        1.08845112766674      -0.362621035822889     
  -1.29435626762973       -2.00871517497997      -0.554551304005469     
  -1.67656756618311       -1.50866735756088      -0.628700086350532     
 -0.133887586106804       -5.39128052361167      -0.579542525912334     
   1.36453846037442      -0.117840497459600      -0.101536158727980     
  -1.52237375729689      -0.747495108404369      -0.328565665636170     
  0.520221787475106      -0.558578339299134      -0.364580294436228     
   1.57621602490682       -1.71373016649434      -0.513475874799044     
   1.77600179547680       -1.28029031372749      -0.617320874768737     
   1.37023860495560       -1.57984514341638      -0.546479918288770     
   1.52375257938934       -1.41422323382110      -0.441482034956041     
   1.62050738191547       -1.35125330645046      -0.385941017482838     
   1.73795950814763       -1.25387750272674      -0.368051670494763     
   1.89537188556837       -1.08837395405385      -0.335972265322172     
   1.97515514547914       -1.06292407000332      -0.288707430397051     
   2.01884085440347       -1.07107607863128      -0.235168496934449     
   2.07574074288921       -1.04166691715306      -0.187320196203297     
   2.14630845084189      -0.999336289871850      -0.157261074555736     
   2.22290302394685       -1.03324226876123      -0.145299590452994     
   2.05997404242337       -1.24537970888411      -0.141770456104650     
   1.96888632294237       -1.16037304201868      -0.161559546794826     
   2.01729765022478       -1.20855025528680      -0.272486817421553     
   1.04938507814296      -0.732312454024386       0.240331425953497     
   1.05999127731355      -0.686199552418398       0.356074076312426     
  0.918122308806605      -0.627537451269146      -5.232500250586859E-002
   1.12383419205365      -0.699267899082044      -0.308994813000659     
   1.04639411107701      -0.750390432416189      -9.171525270510865E-002
   1.18374053632402      -0.864253078973276       7.567575099004506E-004
   1.22959891812976      -0.779214794661488      -2.538860983502050E-002
   1.23532232507872      -0.620761089775734      -0.183514770111127     
  0.906318146358296      -0.540178462550191      -0.329860370691111     
  0.981751300922006      -0.275735252829182      -0.557906983169998     
   1.11447290666670      -0.659655699120351      -0.444713324717975     
   1.20636442983758      -0.785017228480310      -0.256395233722440     
   1.11042729729297      -0.747123805469125      -0.155910794359840     
   1.01013112722356      -0.686191557559374      -0.118129385986265     
  0.494041960653249      -0.716149500654024      -0.106958799276539     
  0.915964692221851       -1.67895890181612      -0.200262462311029     
   1.57098506261554       -1.44738436276864      -0.173857315998764     
   1.29086984308610      -0.955264493228034      -0.316390172084985     
   1.22704503426223      -0.922369455578241      -0.485287570135158     
   1.32477918021956      -0.751037837276560      -0.571841901120418     
   1.13103799633122      -0.206542686650489      -0.820032637744825     
  0.996478100647038      -0.703483607556940      -0.752583086161062     
  0.955528387869751      -0.769393733424351      -0.786676586057115     
  0.475817214247535       -1.07751194921705       -1.01575833288745     
  0.577120477967426       -1.25643582362193       -1.26459758734813     
  0.606617076000109       -1.18554683770826       -1.50211771313531     
  0.849849313349961       -1.35263816618757       -1.16182907224298     
   1.35937040687701       -1.21886022632384       -1.26936015367133     
   1.10810865149247       -1.22658497121360       -1.31396567872634     
   1.00121078499034       -1.26196627779415      -0.912605502893278     
  0.920388745725176       -1.24217370160635      -0.796772529363310     
  0.878609063991161       -1.24530196178824      -0.762089546195606     
  0.857790347594680       -1.25567763795383      -0.747244116835634     
  0.826821386550638       -1.25106204551812      -0.742056547834323     
  0.799052157262058       -1.19706930093049      -0.745846652881537     
  0.765647888748818       -1.09686945263129      -0.764294658015287     
  0.769024903457169      -0.992692243341095      -0.800392936425105     
  0.794066236168045      -0.935118116098493      -0.852045021185037     
  0.837738888900195      -0.924059123553486      -0.914895654233916     
  0.887748634378998      -0.913911646348144      -0.976874730326927     
  0.935227459143499      -0.894033234718673       -1.01511524391675     
  0.919982684658161       -1.00895221240802       -1.02386362168084     
  0.982569645764681      -0.914123884008949       -1.02787485523334     
   1.02975942601847      -0.885807530269868       -1.04086352574785     
   1.08034030511492      -0.856138637936394       -1.06179705987391     
   1.14872121032905      -0.816355151082143       -1.09020112798290     
   1.24864886346549      -0.739828199012873       -1.12507527962213     
   1.35428423267038      -0.653138928465977       -1.16499442561485     
   1.45689123689737      -0.550272825255807       -1.20804095808446     
   1.52014660272562      -0.510895216490774       -1.25078509066608     
   1.42349712595224      -0.618587250709196       -1.28569453747172     
   2.65899701980861       0.456949617590220       -1.30993157436658     
   1.56584864402385      -0.208050785683387       0.510957057441460     
   1.52928360606295      -0.441612377508817       -1.14438476684681     
   1.51040012268238      -0.486563038625680       -1.05402639085755     
   1.26993289470557      -7.155149486159683E-002 -0.878703117220107     
   1.65272920151577      -0.162985881599104      -0.838004891140128     
   1.70396397867399      -0.195186795805712      -0.953165365558867     
   1.72120804130674      -0.376437862346354      -0.817463879223862     
   1.53697614502964      -0.185767515740295      -0.655282685845209     
   1.62602893705659      -2.649364566181037E-002 -0.685485481286948     
   1.63383767738769       0.123943194025839      -0.825167946116953     
   1.64740926947367       0.286486640961568      -0.887630160733272     
   1.65436710985300       0.466832015858322      -0.902838363861561     
   1.65869523038452       0.628948451318900      -0.897412657204896     
   1.68584145266328       0.837440766304980      -0.892982195887744     
   1.73665935634558        1.07899953438602      -0.806841183271922     
   1.81011106827299        1.19560266829057      -0.743483224131791     
   1.81078103992778        1.65424812918975      -0.601282121950935     
 -8.388005100227747E-002  0.121937847380466      -0.381086301270252     
 -8.736918403235321E-002  0.272421067641549      -0.437193111311951     
  0.147230063987263       2.887496908872401E-002 -0.529927738186105     
  0.144952519236414      -0.474858969387741      -0.380908020014441     
   3.68669029200207      -6.465019243384929E-003 -0.164977233065177     
   1.79685837857976       0.140511573605369       0.114681040612785     
   3.47375791332470       -4.76255466165130       0.215938200989391     
   1.66937940490218       -7.67857392888820       4.319270794472298E-002
 -0.907329939714620       -2.89906563712388       0.393630869595420     
  0.206154575201300       -2.51262192851337       0.275594129393056     
  0.490153178131343      -0.564382415581436      -0.331138697344378     
  0.534792843595391       -2.71257223536090      -0.413905635708266     
  0.442592020435920       -2.83172348702515      -0.438423638153230     
 -4.693516195542934E-002  -2.87489787459831      -0.428638879480814     
 -0.668712100386830       -2.62214214689450      -0.394528254877279     
 -0.243309107683043      -0.406955295260082      -0.340272398823731     
 -0.146841010402441      -0.266911472197075      -0.270961385449699     
  0.109642815853520       0.126389796489231      -0.190737605678239     
   1.36065522614017       -1.07882681343986      -0.103128881026046     
   1.17056417194227      -0.826247492018569      -1.032798032420539E-002
   1.95369311606115      -0.169212309094425       8.442768263113672E-002
   1.18756776825553      -0.672926442200915       0.166853438701182     
   1.29960217703647      -0.613859696309902       0.205758731887053     
   1.51320605770918      -0.608467691157934       0.185987264615876     
   1.59681540577773      -0.502739050651267       0.153064818355931     
   1.68873045773581       0.112979346687826       0.135705359901988     
   1.64375530188684      -0.437833185548410       0.133254260871696     
   1.69439018147272      -0.357406173613822       0.141168978476115     
   1.70097318108986      -0.301527743426986       0.155947446565962     
   1.66646204237911      -0.258477547337382       0.175115597358569     
   1.64021642356653      -0.169702490962812       0.198788084679721     
   1.00170974385709      -0.653493735664464       3.550060629028479E-002
  0.972067173600147      -0.638565849612858       6.500873657966731E-003
  0.947105840393328      -0.622383016417547      -2.922792265564830E-002
  0.916128796893218      -0.609583127229772      -3.426107142031960E-002
  0.857580689678222      -0.603173548489676      -2.715199568517077E-002
  0.799810899370398      -0.584809489485095      -0.110849645006721     
  0.756570215327901      -0.526775382731526      -0.169661005675289     
  0.806042788618559      -0.467944668277765      -0.217435164270276     
  0.857426986013111      -0.520068212064253      -0.265762892677788     
  0.852102048541116      -0.581839276800350      -0.316602789223130     
  0.834661608926981      -0.631082758969342      -0.370258619182018     
  0.818337303428861      -0.678533140491325      -0.428507402617086     
  0.809945182170138      -0.730006595756429      -0.500925955687526     
  0.808456853897073      -0.795957132346483      -0.574856352110179     
  0.818429005384550      -0.886710587146635      -0.734812375839998     
   1.00153197568279      -0.733911815885066       -1.34970542526309     
  0.944318115297712      -0.862661259538744       -1.22414558524881     
  0.988244453312928      -0.758080871645818       -1.13446228600963     
  0.994337813220939      -0.710709473399233       -1.03636752201394     
   1.00622518818074      -0.679304809413346       -1.00760844688124     
   1.02212502286299      -0.657515772902355      -0.998871078337870     
   1.04145516719561      -0.639383503927799       -1.00196229768628     
   1.06171372663475      -0.627824913740642      -0.999940791635312     
   1.08775664418712      -0.622060419940226       -1.03441444429438     
   1.12038339713912      -0.604701056915317       -1.09894672295695     
   1.15357934016057      -0.584536679657937       -1.14977337801453     
   1.18794524391946      -0.559224124929882       -1.19983996624740     
   1.22313994043999      -0.530408163102084       -1.24592864193317     
   1.26013711601465      -0.500730933289618       -1.29193840687542     
   1.30156254732427      -0.471838960840066       -1.35567919815057     
   1.34713831412171      -0.430893494439494       -1.49102655717324     
   1.35452170724937      -0.307180531678156       -1.76922540015618     
   1.37040688769909      -0.263148892478180       -1.90252786335198     
   1.34532653004666      -0.170683440323430       -1.25406978155431     
   1.31530580658235      -8.780319204463347E-002  -1.31892033307065     
   1.27747950338684       1.824984026410308E-003  -1.27628593886809     
   1.23617035745471       8.234004540306269E-002  -1.19551403998980     
   1.18820653862173       0.157254748916315       -1.10471029461354     
   1.13619020679930       0.218742460494326      -0.961843249131983     
   1.11767241185119       0.239115200270455      -0.737262852084660     
   1.15436159610856       0.245314810885300      -0.675178513615341     
   1.19263583532357       0.282784085726610      -0.789515973909459     
   1.23723231752254       0.328696081781581      -0.933474951194022     
   1.26158727213258       0.390203278970523       -1.09109560251641     
   1.27439423242127       0.451432025209022       -1.19210921736081     
   1.27737588642484       0.512043441308971       -1.26159727615165     
   1.27161905246533       0.572103947150733       -1.31371897546605     
   1.25799542451707       0.631083138417529       -1.35408248741848     
   1.23721580864433       0.688271430187911       -1.38490777701771     
   1.21080818501179       0.742956396385262       -1.40616156620110     
   1.18032624285878       0.795400434166371       -1.42341643766367     
   1.14374959961895       0.846064819705971       -1.44505150700272     
   1.09924729722208       0.893270330293618       -1.46384459979326     
   1.05224928193758       0.935638643034980       -1.46292529548144     
   1.00638719983523       0.976127584195308       -1.46227937204390     
  0.954362029001159        1.01415479656039       -1.47812766896819     
  0.897940794235354        1.04682143361952       -1.48854743963051     
  0.840885529460527        1.07371239187191       -1.48825420140440     
  0.783664367538937        1.09460698377284       -1.48410565008634     
  0.726942430643912        1.10887983101369       -1.47850306299795     
  0.671378018779273        1.11552385460442       -1.47189326843141     
  0.618888124781166        1.11377057973591       -1.46312507400802     
  0.578197336841917        1.10464691330465       -1.44565910907394     
  0.612303593440337        1.10136294969629       -1.39814990447654     
  0.679455654220879       0.230462631683896       -1.37079213041731     
  0.240865886419305       0.569514430350704      -0.576554981735688     
  0.341528374572112       0.779428789777970      -0.271143019568086     
  0.287704686867686       0.733041657799315      -0.815346853192661     
  0.297120111036330       0.725163000387394      -0.880184297324352     
  0.302771643579061       0.698315640961760      -0.893536579145369     
  0.309951190219885       0.647141535603620      -0.878715114292448     
  0.314184708264119       0.551152093814487      -0.846931562960568     
  0.338334357558398       0.568942408756957      -0.465343602113716     
  0.355490300359521       0.502802457242510      -0.771137733892450     
  0.387493406883159       0.412605207196945      -0.728687105125673     
  0.472922279963275       0.361177154195243      -0.658730481067242     
  0.260289841124839       0.578067331873059      -0.578904610012790     
  0.374650817408448       0.411482297294582      -0.488922925709320     
  0.370583081129223       0.344240699281561      -0.387296481386262     
  0.252131699940838       0.230990238790106      -0.264838120584092     
  0.519518439060270       3.036031699379312E-002 -8.078746808198672E-002
  0.517155332446521       6.509010625654005E-002  0.442438105442018     
  0.523264573836997       0.156089126046267       0.387755196279964     
  0.530947490916197       0.120744837961909      -0.113556106636892     
  0.519500310178908       0.131401910585748      -0.174798708258762     
  0.520954869849296       0.126853266680811      -0.216586255119695     
  0.526795914765443       0.124457485310909      -0.226046965486021     
  0.518659318481809       0.139647741138545      -0.210856257010025     
  0.500132697775979       0.163189640135291      -0.289935116641259     
  0.532184540572502       0.148875825987286      -0.593029928805754     
  0.522108148950229       0.176630504416064      -0.561690343757014     
  0.568254045555674       0.183745376202874      -0.584249633711080     
  0.566001669109866       0.250347112432991      -0.372398124731805     
  0.766441537812598       0.556148204223752      -0.201217059063399     
  0.746915040073550       0.357477590459967      -9.562784189298472E-002
  0.979007308002498       0.656809064895501      -3.685933345308936E-002
   1.07274120131218       0.323516181251234      -5.047190142312712E-003
  0.985399421521297       0.295340200480283       1.189427322144080E-002
  0.929304698023300       0.311028073565849       2.112299206054997E-002
  0.876876731751112       0.326137390507144       3.061311320923627E-002
  0.509501747710725       1.601173747310963E-002  0.298284831827534     
  0.507490977081718       4.797202140658954E-002  0.185607698959069     
  0.503477371416743       7.974298168790953E-002  0.191542719073951     
  0.497476770583717       0.111199232851610       0.384640461078085     
  0.489512856212716       0.142216631445343       0.407525060911697     
  0.479617058235394       0.172672765967359       0.295291137798975     
  0.467828430845408       0.202447439968785       0.169131601409270     
  0.454193498369354       0.231423146414092       8.561120695874470E-002
  0.438766071656509       0.259485531427682      -4.331695427335700E-002
  0.421607035711986       0.286523845596389      -0.139155405084014     
  0.402784109411441       0.312431381046820      -0.228335172025256     
  0.382371578245605       0.337105892572581      -0.210250524631148     
  0.360450001149390       0.360450001149390      -0.302386855027326     
  0.337105892572581       0.382371578245605      -0.333071999024941     
  0.312431381046821       0.402784109411441      -0.417367849310625     
  0.286523845596389       0.421607035711986      -0.507242749501739     
  0.259485531427682       0.438766071656509      -0.503533021682815     
  0.231423146414092       0.454193498369355      -0.545520161600038     
  0.202447439968786       0.467828430845408      -0.611358870704001     
  0.172672765967359       0.479617058235394      -0.667562043085172     
  0.142216631445343       0.489512856212716      -0.728803055893441     
  0.111199232851610       0.497476770583717      -0.793772362639605     
  7.974298168790961E-002  0.503477371416743      -0.865130485601259     
  4.797202140658965E-002  0.507490977081718      -0.950683752621825     
  1.601173747310968E-002  0.509501747710725       -1.07795436824199     
 -1.601173747310962E-002  0.509501747710725       -1.33334032792605     
 -4.797202140658953E-002  0.507490977081718       -1.38752091135168     
 -7.974298168790950E-002  0.503477371416743       -1.20180769539104     
 -0.111199232851610       0.497476770583717       -1.10288290149428     
 -0.142216631445343       0.489512856212716      -0.768786057031206     
 -0.172672765967359       0.479617058235394      -0.580096880136987     
 -0.202447439968785       0.467828430845408      -0.675932571993982     
 -0.231423146414092       0.454193498369354      -0.768755030055869     
 -0.259485531427682       0.438766071656509      -0.919717382037772     
 -0.286523845596389       0.421607035711986      -0.982898042382351     
 -0.312431381046820       0.402784109411441       -1.01509669266036     
 -0.337105892572581       0.382371578245605       -1.04020100615053     
 -0.360450001149390       0.360450001149391       -1.06960357900558     
 -0.382371578245605       0.337105892572581       -1.10590550505487     
 -0.402784109411441       0.312431381046821       -1.14524476765418     
 -0.421607035711986       0.286523845596389       -1.18139291850431     
 -0.438766071656509       0.259485531427682       -1.20933409705029     
 -0.454193498369354       0.231423146414092       -1.21106856065259     
 -0.467828430845407       0.202447439968786       -1.19999476994776     
 -0.479617058235394       0.172672765967359       -1.18309978847213     
 -0.489512856212716       0.142216631445343       -1.17193382003611     
 -0.497476770583717       0.111199232851610       -1.21297386049083     
 -0.503477371416743       7.974298168790957E-002  -1.25454685961446     
 -0.507490977081718       4.797202140658968E-002  -1.25663527272069     
 -0.509501747710725       1.601173747310971E-002  -1.24516364692622     
 -0.509501747710725      -1.601173747310959E-002  -1.21316140408236     
 -0.507490977081718      -4.797202140658954E-002  -1.22039598086354     
 -0.503477371416743      -7.974298168790959E-002  -1.16172952402439     
 -0.497476770583717      -0.111199232851610       -1.01230810830235     
 -0.489512856212716      -0.142216631445343      -0.926121512476173     
 -0.479617058235394      -0.172672765967359      -0.907022957323760     
 -0.467828430845408      -0.202447439968785      -0.893651270893062     
 -0.454193498369354      -0.231423146414092      -0.861694266598035     
 -0.438766071656509      -0.259485531427682      -0.833541037042768     
 -0.421607035711986      -0.286523845596389      -0.784785863250090     
 -0.402784109411441      -0.312431381046820      -0.723605016428518     
 -0.382371578245605      -0.337105892572581      -0.492595114241237     
 -0.360450001149391      -0.360450001149390      -0.350595314504431     
 -0.337105892572581      -0.382371578245605      -0.298792982894147     
 -0.312431381046820      -0.402784109411441       0.106085640376953     
 -0.286523845596389      -0.421607035711986      -0.231692511303658     
 -0.259485531427682      -0.438766071656509      -0.311479324096205     
 -0.231423146414092      -0.454193498369355      -0.210817939541044     
 -0.202447439968785      -0.467828430845408      -0.154168588480792     
 -0.172672765967359      -0.479617058235394      -0.108669377062788     
 -0.142216631445343      -0.489512856212716      -5.960357120750440E-002
 -0.111199232851610      -0.497476770583717      -2.377887002637651E-003
 -7.974298168790959E-002 -0.503477371416743       6.128859721289933E-002
 -4.797202140658959E-002 -0.507490977081718       0.139467682415161     
 -1.601173747310963E-002 -0.509501747710725       0.253921360938702     
  1.601173747310945E-002 -0.509501747710725       0.486484763269929     
  4.797202140658939E-002 -0.507490977081718       0.593336846946600     
  7.974298168790946E-002 -0.503477371416743       0.341000186150210     
  0.111199232851610      -0.497476770583717       0.231386372515897     
  0.142216631445343      -0.489512856212716      -0.133393850303790     
  0.172672765967359      -0.479617058235394      -1.881954681982066E-002
  0.202447439968785      -0.467828430845408      -0.165629013712433     
  0.231423146414092      -0.454193498369355       2.143274155587329E-002
  0.259485531427682      -0.438766071656509       0.146642205871963     
  0.286523845596389      -0.421607035711986       0.202914753236491     
  0.312431381046820      -0.402784109411441       0.232275536715811     
  0.337105892572581      -0.382371578245605       0.255420453076920     
  0.360450001149390      -0.360450001149391       0.282146777820146     
  0.382371578245605      -0.337105892572581       0.314315155124465     
  0.402784109411441      -0.312431381046821       0.347878756198426     
  0.421607035711986      -0.286523845596389       0.377978631256600     
  0.438766071656509      -0.259485531427682       0.402248729846705     
  0.454193498369354      -0.231423146414093       0.441781406446181     
  0.467828430845408      -0.202447439968786       0.619892101495473     
  0.479617058235394      -0.172672765967359       0.529118610280333     
  0.489512856212716      -0.142216631445343       0.705679441309789     
  0.497476770583717      -0.111199232851610       0.479287945868027     
  0.503477371416743      -7.974298168790962E-002  0.385367042202016     
  0.507490977081718      -4.797202140658962E-002  0.343307958020894     
  0.509501747710725      -1.601173747310960E-002  0.309717734780928     
