  0.908874690324183       0.295551994780267      -0.835042725241292     
  0.564292744850035       0.776275915560080       -1.28318336147470     
  5.862639454167484E-004  0.964199278618319       -1.24119156742311     
 -0.568103121142342       0.783136731083852      -0.725106781165653     
 -0.920911000549028       0.299304691625347       6.794415002405253E-002
 -0.919141862343028      -0.298471713029156       0.835042725241292     
 -0.565517638492004      -0.778730398995890        1.28318336147470     
  5.411812817504842E-004 -0.957909600630238        1.24119156742311     
  0.561640362304650      -0.771908213143867       0.725106781165654     
  0.907412436431225      -0.293754384342262      -6.794415002405267E-002
  0.914019062350425       0.296982796089986      -2.879539448554709E-003
  0.564894846897872       0.777511054237563       3.412000107133429E-003
  5.730752982019404E-017  0.961056516295154       6.970859764319139E-003
 -0.564894846897872       0.777511054237563       2.997559111404762E-003
 -0.914019062350425       0.296982796089986      -2.552656663478720E-003
 -0.914019062350425      -0.296982796089986      -2.182836710958252E-003
 -0.564894846897872      -0.777511054237563       3.532013029246744E-003
 -1.683298322827097E-016 -0.961056516295154       7.151685414305262E-003
  0.564894846897872      -0.777511054237563       3.553230403533722E-003
  0.914019062350425      -0.296982796089986      -2.753962957836063E-003
