  0.340590219207180      -7.685660551864079E-002 -1.734627648125063E-003
  0.341234888880190      -1.463641024877232E-002 -5.197037161519948E-003
  0.787215131644590       0.149309501658933      -8.638936343541181E-003
  0.311662009454228       0.146441800725609      -1.204674159056645E-002
  0.297544863714880       0.184089305780887      -1.540700385216853E-002
  0.281590273656219       0.219562170859278      -1.870646170835662E-002
  0.264468528136589       0.253536314497831      -2.193209370635059E-002
  0.246124531816569       0.286807671882168      -2.507116975030584E-002
  0.485985047870934       0.496043224105241      -2.811130134118393E-002
  0.441087477531166       0.535473723969868      -3.104049046850280E-002
  0.564302017678742       0.147490932700583      -3.384717696099084E-002
  0.563523874700722       0.181501937097345      -3.652028410931908E-002
  0.126646381893023       0.424042135309195      -3.904926238079992E-002
  0.108744984965149       0.441978190385340      -4.142413105357357E-002
  0.193318148679303       0.584965459577713      -4.363551760596426E-002
  0.115288808433780       0.505745175520279      -4.567469470553671E-002
  0.122501101694642       0.514033473454937      -4.753361465188866E-002
  0.144345304877955       0.507643304930318      -4.920494113725220E-002
  0.172170293687237       0.453919277671452      -5.068207819954721E-002
  0.274231920786989       0.521170097653218      -5.195919625362735E-002
  0.160210400006492       0.532467209378731      -5.303125509799312E-002
  0.109642400902422       0.559917341524399      -5.389402380616295E-002
  0.124721088735895       0.533827659958343      -5.454409742420753E-002
  0.149128505306236       0.586770169362038      -5.497891040854538E-002
  0.136718018452530       0.520604687915029      -5.519674675097677E-002
   1.27261206354799       0.275028752783669      -5.519674675097716E-002
  0.129553112612942       0.495210564263477      -5.497891040854517E-002
  2.109352014296837E-002  0.459829167076441      -5.454409742420659E-002
 -5.182865979744612E-002  0.487706443315029      -5.389402380616293E-002
  4.763131827753312E-002  0.514817852743825      -5.303125509799221E-002
 -2.950554802419578E-002  0.590336147349428      -5.195919625362694E-002
 -0.186621803672149       0.397617416834098      -5.068207819954735E-002
 -7.127067152362725E-002  0.538690023234004      -4.920494113725226E-002
 -0.105839767650829       0.544206670506593      -4.753361465188820E-002
 -0.105474170791725       0.552032885596080      -4.567469470553537E-002
 -0.153665503471740       0.561630672238807      -4.363551760596492E-002
 -0.199556992908999       0.548996760193808      -4.142413105357370E-002
 -0.237191502965203       0.526063433244197      -3.904926238079769E-002
 -0.258577452959989       0.523477774660068      -3.652028410931964E-002
 -0.277353425938112       0.508725459948829      -3.384717696099056E-002
 -0.315219095611927       0.509706873678761      -3.104049046850102E-002
 -0.355770623523778       0.501458517680251      -2.811130134118601E-002
 -0.403962798976990       0.486775193980005      -2.507116975030496E-002
 -0.450273561093478       0.462478771591532      -2.193209370635044E-002
 -0.494783518829897       0.430814791835604      -1.870646170835490E-002
 -0.536172400468725       0.392645767697951      -1.540700385216899E-002
 -0.573670229198041       0.348471496800295      -1.204674159056685E-002
 -0.606735837272256       0.298288246738792      -8.638936343539700E-003
 -0.633102002623732       0.241284396021177      -5.197037161521061E-003
 -0.697199768567419       0.117067418002588      -1.734627648123958E-003
 -0.646553569896979       0.230655802422092       1.734627648124724E-003
 -0.672570583681047       0.127966864341579       5.197037161519825E-003
 -0.686167040660446       5.719377583431461E-002  8.638936343539901E-003
 -0.689750492605338      -1.090042788062814E-002  1.204674159056654E-002
 -0.687993657828247      -0.100268993507342       1.540700385216877E-002
 -0.226191939395393       0.695954908745975       1.870646170835571E-002
 -0.640431303071499      -7.323082033548962E-002  2.193209370634982E-002
 -0.646495930365236      -0.167101294910303       2.507116975030616E-002
 -0.628721519075005      -0.240795952648825       2.811130134118333E-002
 -0.589422405014363      -0.954786079687067       3.104049046850168E-002
 -0.585061878460606      -0.269057201015443       3.384717696099140E-002
 -0.551773834478024      -0.329055069560144       3.652028410931932E-002
 -0.516023789367603      -0.369035085993120       3.904926238079937E-002
 -0.477857314275605      -0.399934642058516       4.142413105357282E-002
 -0.437857702658344      -0.423232114487979       4.363551760596458E-002
 -0.397067093082704      -0.438398898265488       4.567469470553680E-002
 -0.358166235470509      -0.443301241433088       4.753361465188756E-002
 -0.315873066758669      -0.428151948611731       4.920494113725239E-002
 -0.335500059951183      -0.440662508700587       5.068207819954654E-002
 -0.315229256371795      -0.420546113175676       5.195919625362664E-002
 -0.316016674060141      -0.418432652375418       5.303125509799286E-002
 -0.410961826766254      -0.491328363415349       5.389402380616242E-002
 -0.236006296240850      -0.578218857544540       5.454409742420645E-002
 -0.290014967423745      -0.479076328845370       5.497891040854556E-002
 -0.232911862281675      -0.546329113412107       5.519674675097574E-002
 -8.332428734053123E-002 -0.631968512122604       5.519674675097615E-002
 -2.346265712580025E-002 -0.596923418269195       5.497891040854533E-002
 -0.160615838697805      -0.612998668506287       5.454409742420652E-002
  8.610482010928869E-002 -0.519109460889043       5.389402380616218E-002
  9.783681580221988E-002 -0.491947797013695       5.303125509799234E-002
  0.138744634321836      -0.576074088570252       5.195919625362667E-002
  0.449300764325970      -0.607726718958983       5.068207819954592E-002
  0.170497377654871      -0.628773976610163       4.920494113725303E-002
  0.219112539618581      -0.478679220015856       4.753361465188821E-002
  0.227297600354128      -0.454249573741409       4.567469470553516E-002
  0.232379860081214      -0.435492457155060       4.363551760596507E-002
  0.274479667194783      -0.339373927410290       4.142413105357255E-002
  0.157722696092469      -0.698403858022653       3.904926238079894E-002
  0.294448806979816      -0.452349893259252       3.652028410931994E-002
  0.307486809157979      -0.411650301143325       3.384717696099121E-002
  0.308466377556087      -0.375676101724753       3.104049046850161E-002
  0.341790783054591      -0.327374805501737       2.811130134118334E-002
  0.346469900967926      -0.290372803291638       2.507116975030533E-002
  0.351677392139515      -0.254899330818227       2.193209370635004E-002
  0.342867582611947      -0.240840418991645       1.870646170835548E-002
  0.831450510383581      -0.335979785723435       1.540700385216785E-002
  0.371285246512291      -0.118926098380846       1.204674159056735E-002
  0.349923737583140      -0.102905355128460       8.638936343538869E-003
  0.356555676282466      -0.135206334051598       5.197037161520993E-003
  0.837586953744377       1.133600149519402E-002  1.734627648124016E-003
  0.357399464341137      -2.892175945796430E-002 -1.105676787253659E-002
  0.353614716118816       4.498500961930462E-003 -1.707063579860207E-002
  0.347395317656055       3.669647698592955E-002 -2.291330493711189E-002
  0.339077310791455       6.758346979780494E-002 -2.856186451021966E-002
  0.328961939630396       9.696845681886393E-002 -3.409803924084041E-002
  0.317350944949334       0.124604764810478      -3.951404715698426E-002
  0.708325227861009       0.267710811426478      -4.478061293208820E-002
  0.668009599618333       0.315071753551062      -4.986866513668745E-002
  0.303154331365498       0.195429530689605      -5.474985212586354E-002
  0.576702525357951       0.392316235474408      -5.939454196232346E-002
  0.524649472794002       0.426528443446527      -6.376899400674796E-002
  0.243090628255253       0.277025742896807      -6.783178175430341E-002
  0.223953529128659       0.292303432031589      -7.152881104567699E-002
  0.207841237870395       0.307985127077455      -7.478572918602638E-002
  0.192875321600379       0.324813310306150      -7.749579229932192E-002
  0.179290664446916       0.343248523906530      -7.950038830681093E-002
  0.166319856658912       0.364227341805149      -8.055919890072608E-002
  0.148088415559830       0.388347418370720      -8.031037891058228E-002
  0.154773200157847       0.478368078223096      -7.823508858304114E-002
  0.206593648811818       0.454345823795515      -7.367141528674327E-002
  0.136253736476043       0.486353778800833      -6.594407973434827E-002
  0.402849709883073       0.466706813940563      -5.459646865455640E-002
  0.219378988775577       0.697002070557640      -3.955536321866519E-002
  0.156858922196706       0.637379573708996      -2.133273922675491E-002
  5.549062822939832E-002  0.540110754455582      -2.564617182421989E-003
  0.137516188669064       0.608308975414092       6.206009384876678E-003
  0.103271273393371       0.546727092723180      -8.860310886921003E-003
 -4.214048993849933E-002  0.531040708073577      -3.614653525331914E-002
 -3.855175926159227E-002  0.571316687204159      -5.102643987470703E-002
 -7.184732581903135E-002  0.573960884164032      -4.966302115174536E-002
 -0.102762035668157       0.534461876022318       2.671342912805171E-003
 -0.114831435728863       0.536088102414342       2.249307378218843E-002
 -0.119720105596376       0.532063811402512      -1.676845391673088E-003
 -0.140174717448869       0.518984070088607      -2.161795119140011E-002
 -0.178947100643373       0.526314793623039      -4.587607766648094E-002
 -0.216658811609619       0.538438910758755      -4.190122614034833E-002
 -0.265867025595770       0.517702585947570       2.999118140458312E-003
 -0.264096810025861       0.500878005963080      -1.153216646146647E-003
 -0.274210998742651       0.490488861185798      -3.009301484235709E-002
 -0.294463388270631       0.481542944750811      -3.044227393583260E-002
 -0.336736193892632       0.472147907681376      -4.568873387168776E-002
 -0.377308679648485       0.457007293152158      -4.511272355445944E-002
 -0.416759464826621       0.435588415177173      -4.458821179987642E-002
 -0.453561277956925       0.408565683349555      -4.251122728900155E-002
 -0.487505458630775       0.377343437404209      -4.095606528793532E-002
 -0.518436649745213       0.342714797072254      -3.916433909448133E-002
 -0.546074233836901       0.305324650956245      -3.716955829656953E-002
 -0.570150153188198       0.265626573755371      -3.482203283894791E-002
 -0.590545207937036       0.224170297659334      -3.205511822725607E-002
 -0.599806608477223       0.181251938301502      -2.916417795619979E-002
 -0.612757162403072       0.138194594783346      -2.636827199051418E-002
 -0.622182234253933       9.441513797315892E-002 -2.343260396078472E-002
 -0.635416953677225       4.924445310559795E-002 -2.039800114148002E-002
 -0.639572107994652       3.316385356292327E-003 -1.751782248768378E-002
 -0.643687437013849      -4.358728288899640E-002 -1.468813520472184E-002
  0.109777307923459       0.652477118450664      -1.192021847432303E-002
 -0.609510443803661      -0.110619588939108      -9.235684195290507E-003
 -0.602825725083772      -0.148021705363690      -6.657080772259035E-003
 -0.591893776663146      -0.189119579584999      -4.205964695228971E-003
 -0.577759482101720      -0.231441621408612      -1.904290879616063E-003
 -0.560757791159517      -0.279690425433196       2.237297382549920E-004
 -0.556794417552556      -0.550091588624821       2.149787293994403E-003
 -0.511304274966492      -0.294717072293317       3.839702254993439E-003
 -0.486805376929088      -0.337947889366881       5.251693394340206E-003
 -0.463633764633857      -0.368675441289749       6.334630201079059E-003
 -0.457673769792994      -0.413895383922532       7.026009722271936E-003
 -0.308277719382978      -0.300853662408962       7.248465803384528E-003
 -0.288664885691200      -0.332273169032164       6.900703273276023E-003
 -0.721442380015222      -0.203885034971437       5.831931676752469E-003
 -0.285660901174138      -0.337710077173103       3.779453323628469E-003
 -0.340265109948087      -0.342477134165060       2.558063494262697E-004
 -0.131814474839911      -0.374402821531370      -5.559691552261282E-003
 -9.513929455182238E-002 -0.398712068126263      -1.473109372051658E-002
 -3.610527130863309E-002 -0.391855320375804      -2.793844048802607E-002
 -4.102931175382437E-002 -0.438771877744082      -4.356789192769454E-002
 -5.554167191270618E-003 -0.393574500020529      -5.282744614951410E-002
  3.625701747976357E-002 -0.498383913651055      -3.487617924537492E-002
 -0.230241135050271      -0.599872599922600      -2.656446330121522E-003
  1.800300034732322E-002 -0.430557414126216       1.080457924238259E-002
  0.107210810949059      -0.480263208476431       4.657309642985128E-003
  0.130686564836007      -0.468754679376895      -3.244428414331505E-002
  3.512988726256111E-002 -0.546716503695251      -4.305819544213593E-002
  0.221875091960360      -0.526853281699168      -2.300920225313754E-002
  0.213569639072244      -0.404636114492189       1.036062948145292E-002
  0.260024807205448      -0.419528876233925       1.282808781530409E-002
  0.622699955072477       -1.11596500400375       3.364120617090786E-002
  0.273246156510415      -0.391600326876784      -3.859071026428029E-002
  0.276798244622533      -0.400069150842804      -1.548191355251029E-002
  0.306172649792692      -0.373345033358824       4.939104020838270E-003
  0.319392475028003      -0.370522410163030       2.710410459002234E-002
  0.334824621965740      -0.326146395842610       2.827799635423212E-002
  0.345006050024141      -0.295392354807847       3.245659518260668E-002
  0.355311408951494      -0.263826897946246       2.855734197634802E-002
  0.368110246842155      -0.230743097790785       2.503011289256693E-002
  0.417909247624303      -0.194025268236111       2.034066252896341E-002
  0.325362844887282      -0.154382977629207       1.565189774269444E-002
  0.368059428299304      -0.135479480048573       1.068383825751206E-002
  0.366790909365770      -0.102496218735141       5.363942139613644E-003
  0.355477774119685      -0.178702918326154      -5.708214170533779E-004
  0.381537553599033      -6.501937013074478E-002 -5.795618435577734E-003
  0.407602507059116      -6.916283253276635E-002 -8.260732610962150E-002
  0.394576014594952      -5.237481347468169E-002 -9.440764797538276E-002
  0.388262924253246      -3.293517781402918E-002 -0.105815052331113     
  0.384241953234357      -1.130763950588857E-002 -0.116730565006446     
  0.382405284368070       1.070934954947928E-002 -0.126536124901200     
  0.381185471361106       3.112855524094831E-002 -0.134572295796314     
  0.378510985033318       5.026704944594012E-002 -0.141832326257409     
  0.374141142351762       6.929691629764063E-002 -0.149138276874670     
  0.368389905982572       8.843689303312620E-002 -0.156757789933764     
  0.361701032050827       0.107424519732485      -0.165745892030117     
  0.354436813544967       0.126078852093068      -0.176766042411961     
  0.346972367077277       0.144611046700619      -0.189605687084956     
  0.339907815074421       0.163845356480598      -0.203731781275641     
  0.333744917532404       0.184603347184852      -0.218241706408557     
  0.328226900681899       0.207271394416993      -0.232811284686538     
  0.327290642539594       0.241935260800757      -0.262978650548321     
  0.316304960158728       0.269779741735658      -0.229239137430046     
  0.309012601198951       0.290671464155688      -0.163887199900039     
  0.325102676539415       0.381548624972621      -0.165540462304731     
  0.269249558876879       0.360808611790670      -2.768086660281440E-003
  0.231160012459227       0.393983183534954      -4.318373655432709E-002
  0.115789814679865       0.598458098765349       4.923727637918917E-004
  0.133199681762516       0.569352090086553       3.208507056770249E-002
  5.440752407904548E-002  0.519483778183824       7.288552514546791E-002
  8.896621040557141E-002  0.524908869427532       4.322431871481063E-002
  5.103086388050435E-002  0.479980483701186       8.491968319007318E-003
  1.519205897986506E-002  0.509565878856521      -8.550678969314543E-002
 -3.102972476294230E-002  0.516588894549676      -3.117160002010465E-002
 -6.425310222315615E-002  0.513538295331359      -5.723047820284344E-002
 -9.839643881283495E-002  0.500517932885217      -2.174064953304565E-002
 -0.121720478402443       0.482412121825403      -2.774558228627320E-002
 -0.144238670144499       0.472530493347473      -6.516849264314287E-002
 -0.170629265915717       0.464568122024288      -8.535335932660128E-002
 -0.202436011828527       0.460729786398669      -9.325355618520900E-002
 -0.228864679437597       0.448460171543201      -8.628290409405541E-002
 -0.252832887613933       0.436850183101338      -0.105709709386406     
 -0.280553540944150       0.424868481287455      -0.103797740402314     
 -0.299422601042934       0.402748168581048      -9.623876502260365E-002
 -0.317892634349293       0.386968876893408      -0.122978518413603     
 -0.340514281824843       0.372246318890775      -0.142498833866408     
 -0.365173090513082       0.354721413651812      -0.147404719481828     
 -0.390639606054786       0.334741036237546      -0.147063031560723     
 -0.416127373377913       0.312446911929492      -0.143590659915288     
 -0.440816928689336       0.287683483077593      -0.137308935311985     
 -0.463921089062919       0.260520529718903      -0.129016054573538     
 -0.484844967323071       0.231315556464791      -0.119904397727639     
 -0.503305164633740       0.200535105935014      -0.110785148078678     
 -0.519099239720834       0.168531008371792      -0.101822822401280     
 -0.532107311577120       0.135601570804126      -9.303840729502212E-002
 -0.542215203550572       0.102012793647976      -8.446989529718348E-002
 -0.549384852183184       6.802045444690666E-002 -7.633242898852696E-002
 -0.553643988012469       3.379163836828895E-002 -6.879594986602343E-002
 -0.555190996452112      -5.854617600550317E-004 -6.210194539971842E-002
 -0.554558707426563      -3.499198312602834E-002 -5.656624162103663E-002
 -0.552192243926039      -6.924040557627559E-002 -5.139704547673452E-002
 -0.547455126144965      -0.102728689306367      -4.455162696825013E-002
 -0.540625115441721      -0.135289712232109      -3.959035272094263E-002
 -0.533017994037024      -0.167647619872316      -3.566388355698108E-002
 -0.529148996788554      -0.201680564678983      -3.052419454674181E-002
 -0.491380891036707      -0.223404893432472      -2.318403805425015E-002
 -0.486055869727725      -0.255982816825934      -1.365539120259734E-002
 -0.470550608070331      -0.284235584313753      -3.514353378916048E-003
 -0.454841319112328      -0.307349582456975       5.888626738377181E-003
 -0.439971657088822      -0.328816222571110       1.487767212553010E-002
 -0.444554828857023      -0.301455250597432       2.648507945063773E-002
 -0.328205270622090      -0.294850726609422       4.842822404061267E-002
 -0.221550712626875      -0.324646728780855       1.832109020028575E-002
 -0.308769712072482      -0.314868759585726      -3.829236218744320E-002
 -0.269830680353359      -0.322773590142074      -7.276921542067086E-002
 -0.249867295477811      -0.332527517392153      -0.123554216454082     
 -0.232343051257273      -0.353902302148784      -0.155696853067133     
 -0.212375052605680      -0.361636862872180      -0.138279404125166     
 -0.198494883978376      -0.382136656896772      -0.189254777275994     
 -0.178945424975749      -0.387976120264626      -0.179261751395697     
 -0.150573950271700      -0.419312231325405      -0.192992628130501     
 -0.122595859584506      -0.444336059025045      -0.211083704567851     
 -7.275039511824982E-002 -0.517676180851620      -0.132148133965824     
 -6.034589568881957E-002 -0.488930199578098      -8.677108618904388E-002
  0.146974319491211      -0.440360337178976      -7.521207721406160E-002
 -9.406280175944477E-003 -0.503221678981014      -9.331194152154711E-002
  4.651753247423714E-002 -0.501882853364327      -7.081440816113752E-002
  6.605140747267192E-002 -0.505797380452912      -0.107209632791543     
  0.162144505236093      -0.410382026006827      -5.293277692869399E-002
  0.182068983395838      -0.444859135800829      -7.267275198207095E-002
  0.181111824641478      -0.447366774551962      -3.908668673783152E-002
  0.219857130054559      -0.417717193915747      -2.991195898912131E-002
  0.281327949670996      -0.405258665959544      -1.838683676699901E-002
  0.287998913215851      -0.383697108114718      -2.350635109100873E-002
  0.309619617085009      -0.367492017520756      -2.619908220825761E-002
  0.322273941310154      -0.341881193617059       4.424003344180502E-002
  0.333077423405148      -0.315485695868056       2.370135614382189E-002
  0.343586202700227      -0.291905035759365       1.939723594120127E-002
  0.359056776050676      -0.263590576726790       1.308518831172723E-002
  0.293348440707785      -0.316087200043581       4.370730026272447E-003
  0.345342441462571      -0.252871555205956      -7.040112721266926E-003
  0.356232106733875      -0.234344720371755      -1.951919051424824E-002
  0.367379431658229      -0.220188242723221      -3.217719114913834E-002
  0.382495081502742      -0.206858599651771      -4.500668510842333E-002
  0.404038502255539      -0.191691793008666      -5.772201850146427E-002
  0.433204649586168      -0.169336436840680      -7.035706968137824E-002
  0.509501747710725       1.601173747310963E-002 -0.484321149201060     
  0.507490977081718       4.797202140658954E-002 -0.503610228262256     
  0.503477371416743       7.974298168790953E-002 -0.520301807656705     
  0.497476770583717       0.111199232851610      -0.534244763486843     
  0.489512856212716       0.142216631445343      -0.546657852739562     
  0.479617058235394       0.172672765967359      -0.558372447461164     
  0.467828430845408       0.202447439968785      -0.568145236324164     
  0.454193498369354       0.231423146414092      -0.575864110262142     
  0.438766071656509       0.259485531427682      -0.581176663634576     
  0.421607035711986       0.286523845596389      -0.579808663843705     
  0.402784109411441       0.312431381046820      -0.564978052311849     
  0.382371578245605       0.337105892572581      -0.529817515958674     
  0.360450001149390       0.360450001149390      -0.489025360981343     
  0.337105892572581       0.382371578245605      -0.422063489464910     
  0.312431381046821       0.402784109411441      -0.421177557733968     
  0.286523845596389       0.421607035711986      -0.361416272691224     
  0.259485531427682       0.438766071656509      -0.303168515344955     
  0.231423146414092       0.454193498369355      -0.270980750400672     
  0.202447439968786       0.467828430845408      -0.253993267844273     
  0.172672765967359       0.479617058235394      -0.230694440605837     
  0.142216631445343       0.489512856212716      -8.400915791619164E-002
  0.111199232851610       0.497476770583717      -0.174213068133419     
  7.974298168790961E-002  0.503477371416743      -0.218600847442557     
  4.797202140658965E-002  0.507490977081718      -0.254793930122409     
  1.601173747310968E-002  0.509501747710725      -0.197405671096837     
 -1.601173747310962E-002  0.509501747710725      -0.240988972154739     
 -4.797202140658953E-002  0.507490977081718      -0.311571761592685     
 -7.974298168790950E-002  0.503477371416743      -0.347710706605300     
 -0.111199232851610       0.497476770583717      -0.367206326425861     
 -0.142216631445343       0.489512856212716      -0.386868399814185     
 -0.172672765967359       0.479617058235394      -0.484167617974576     
 -0.202447439968785       0.467828430845408      -0.265290233828189     
 -0.231423146414092       0.454193498369354      -0.337607381101462     
 -0.259485531427682       0.438766071656509      -0.361945497561306     
 -0.286523845596389       0.421607035711986      -0.390617523455105     
 -0.312431381046820       0.402784109411441      -0.477994289814760     
 -0.337105892572581       0.382371578245605      -0.498980907179806     
 -0.360450001149390       0.360450001149391      -0.481695690148507     
 -0.382371578245605       0.337105892572581      -0.488934603563071     
 -0.402784109411441       0.312431381046821      -0.474441375118998     
 -0.421607035711986       0.286523845596389      -0.449442247054292     
 -0.438766071656509       0.259485531427682      -0.422198183037774     
 -0.454193498369354       0.231423146414092      -0.397116795717271     
 -0.467828430845407       0.202447439968786      -0.374860557154451     
 -0.479617058235394       0.172672765967359      -0.362803158360864     
 -0.489512856212716       0.142216631445343      -0.357939816234002     
 -0.497476770583717       0.111199232851610      -0.346640366452427     
 -0.503477371416743       7.974298168790957E-002 -0.329447486940215     
 -0.507490977081718       4.797202140658968E-002 -0.311486012980690     
 -0.509501747710725       1.601173747310971E-002 -0.294739223233706     
 -0.509501747710725      -1.601173747310959E-002 -0.279336787370046     
 -0.507490977081718      -4.797202140658954E-002 -0.265302211858805     
 -0.503477371416743      -7.974298168790959E-002 -0.252902565399706     
 -0.497476770583717      -0.111199232851610      -0.242614959591161     
 -0.489512856212716      -0.142216631445343      -0.235361411233138     
 -0.479617058235394      -0.172672765967359      -0.231439346730002     
 -0.467828430845408      -0.202447439968785      -0.228698742276926     
 -0.454193498369354      -0.231423146414092      -0.230941129750246     
 -0.438766071656509      -0.259485531427682      -0.239208711067139     
 -0.421607035711986      -0.286523845596389      -0.254026087694789     
 -0.402784109411441      -0.312431381046820      -0.272014225690512     
 -0.382371578245605      -0.337105892572581      -0.308603256580074     
 -0.360450001149391      -0.360450001149390      -0.382774671595795     
 -0.337105892572581      -0.382371578245605      -0.358739511688164     
 -0.312431381046820      -0.402784109411441      -0.407166876384910     
 -0.286523845596389      -0.421607035711986      -0.502968731483046     
 -0.259485531427682      -0.438766071656509      -0.528889924616141     
 -0.231423146414092      -0.454193498369355      -0.523930828352961     
 -0.202447439968785      -0.467828430845408      -0.546929564664485     
 -0.172672765967359      -0.479617058235394      -0.581465629350419     
 -0.142216631445343      -0.489512856212716      -0.552872991517760     
 -0.111199232851610      -0.497476770583717      -0.534602453222913     
 -7.974298168790959E-002 -0.503477371416743      -0.526212819738132     
 -4.797202140658959E-002 -0.507490977081718      -0.541896524487787     
 -1.601173747310963E-002 -0.509501747710725      -0.445117113465259     
  1.601173747310945E-002 -0.509501747710725      -0.483428862527784     
  4.797202140658939E-002 -0.507490977081718      -0.281658571647089     
  7.974298168790946E-002 -0.503477371416743      -0.395274924687154     
  0.111199232851610      -0.497476770583717      -0.422869941103098     
  0.142216631445343      -0.489512856212716      -0.407558641778267     
  0.172672765967359      -0.479617058235394      -0.377425779811502     
  0.202447439968785      -0.467828430845408      -0.372394451236076     
  0.231423146414092      -0.454193498369355      -0.313122649399134     
  0.259485531427682      -0.438766071656509      -0.285369308330921     
  0.286523845596389      -0.421607035711986      -0.351447199695094     
  0.312431381046820      -0.402784109411441      -0.280600557857310     
  0.337105892572581      -0.382371578245605      -0.183445311738224     
  0.360450001149390      -0.360450001149391      -0.146384909481486     
  0.382371578245605      -0.337105892572581      -0.156632082340782     
  0.402784109411441      -0.312431381046821      -0.190768916296797     
  0.421607035711986      -0.286523845596389      -0.231113225145725     
  0.438766071656509      -0.259485531427682      -0.271144698515562     
  0.454193498369354      -0.231423146414093      -0.306290680086781     
  0.467828430845408      -0.202447439968786      -0.338732235680388     
  0.479617058235394      -0.172672765967359      -0.359775940932114     
  0.489512856212716      -0.142216631445343      -0.369639949313375     
  0.497476770583717      -0.111199232851610      -0.389591696303690     
  0.503477371416743      -7.974298168790962E-002 -0.414665754570681     
  0.507490977081718      -4.797202140658962E-002 -0.439747419496588     
  0.509501747710725      -1.601173747310960E-002 -0.462976115859752     
