  0.470941343707071       4.934181047596865E-002 -5.054125499872377E-003
  0.473378808689007       8.691981064122853E-002 -1.508266992129814E-002
  0.520270792200165       0.175384711292507      -2.487335162811346E-002
  0.341820883679368       0.276303205974188      -3.427176572113397E-002
 -0.192174804499421       9.208840768265601E-002 -4.312969359577076E-002
  0.334457348190153       0.273204565217543      -5.130744043797323E-002
  0.351183348509552       0.404858344040434      -5.867603829488885E-002
  0.263158826091591       0.412606245600455      -6.511927997652842E-002
  0.221470980814256       0.441687519885857      -7.053555171256558E-002
  0.153237114783538       0.469456231098231      -7.483943566219958E-002
  8.732329821074986E-002  0.467637137293873      -7.796305700452838E-002
  4.766664810170992E-002  0.512315027541299      -7.985715436502286E-002
 -5.021010577530719E-002  0.490923809745929      -8.049185669683015E-002
 -0.107945889139353       0.493763016750015      -7.985715436502307E-002
 -0.278613969056147       0.451286985931960      -7.796305700452866E-002
 -0.350237322970206       0.588812111072136      -7.483943566219955E-002
 -0.305166754139948       0.460844635493850      -7.053555171256558E-002
 -0.514484806159527       0.311178724588121      -6.511927997652819E-002
 -0.337572742987873       0.379612640095653      -5.867603829488906E-002
 -0.442186744669906       0.304384394348050      -5.130744043797326E-002
 -0.293587558016024       0.324714789187984      -4.312969359577105E-002
 -0.455057279039152       0.250113833721322      -3.427176572113353E-002
 -0.573212932938777       0.159347625485483      -2.487335162811233E-002
 -0.507064703817412      -1.317263717994161E-002 -1.508266992129779E-002
 -0.621854359862709       9.965046121097880E-002 -5.054125499873309E-003
 -0.601246449925383      -7.514484699167463E-002  5.054125499872747E-003
 -0.531306348052036      -9.652650803925313E-002  1.508266992129870E-002
 -0.540189412246437      -0.155759997049585       2.487335162811306E-002
  0.508008942612902       3.196121358636919E-002  8.161265032763451E-003
 -0.443638165917992      -0.249685891160719       4.312969359577050E-002
 -0.429704974849409      -0.285603089635480       5.130744043797365E-002
 -0.367275518821892      -0.424106807567635       5.867603829488888E-002
  0.499997338118064       9.537959332814702E-002  7.508709354497042E-003
 -0.235941860571194      -0.443353967267527       7.053555171256504E-002
 -0.217245444246071      -0.451693473941691       7.483943566219910E-002
 -0.140288769962705      -0.544782544979712       7.796305700452870E-002
 -0.131248176397857      -0.503710569514563       7.985715436502240E-002
 -6.232200401966580E-002 -0.519790250025035       8.049185669682922E-002
  8.397984495991680E-002 -0.511526411896892       7.985715436502266E-002
  0.125983764779670      -0.467612148746082       7.796305700452841E-002
  0.224571416552868      -0.491936651771464       7.483943566219871E-002
  0.454242933936078      -0.448408700346495       7.053555171256584E-002
  0.127404074938588      -0.437316218088637       6.511927997652818E-002
  0.400810889212571      -0.446114528196005       5.867603829488890E-002
  0.484100476917172       0.157293779906133       3.424846353528109E-002
  0.357874369451446      -0.317261539612422       4.312969359577010E-002
  0.371162953356824      -0.244033171316999       3.427176572113427E-002
  0.446677987092898      -0.175890103353314       2.487335162811290E-002
  0.445490562272994      -8.075920283238658E-002  1.508266992129770E-002
  0.492609922878859      -3.878697049876063E-002  5.054125499873328E-003
  0.167156665964633      -0.536405070663639       8.318696779715702E-004
  0.433295147206687       0.102939556989410       3.802229532619611E-003
  0.481931036383304       0.153823437945369       6.146147099659471E-003
  0.425904429643566       0.180980846692312       7.968368215010192E-003
  0.408876213089371       0.284925983033573       9.183451258980407E-003
  0.342112609414634       0.334655929151074       9.746267728549720E-003
  0.347302897115532       0.366568094627781       9.662598106485570E-003
  0.261522429921401       0.402223350498630       8.985692650423142E-003
  0.246127396472563       0.390948822004688       7.804387160851575E-003
  0.172212977943877       0.467345145392904       6.230051937462087E-003
  8.518165119817006E-002  0.447865879717589       4.384659683608709E-003
 -0.251650970357307       0.324177933456045       2.391114925615276E-003
  9.715973618256503E-002  0.493783176655064       3.663522133133759E-004
 -8.793901825819077E-002  0.487717262226918      -1.582877184704005E-003
 -0.116461033162872       0.498115806480406      -3.362002859222348E-003
 -0.210439333330344       0.479269951759405      -4.889139073695157E-003
 -0.281981555934902       0.479310564232932      -6.094956787677358E-003
 -0.302966075334364       0.362237379129649      -6.922813141458877E-003
 -0.370473391667367       0.348750702694229      -7.329906525840871E-003
 -0.401788873853515       0.433086815727658      -7.289912345226963E-003
 -0.532260045397846       0.414866047327954      -6.797043308492793E-003
 -0.479856397046876       0.206730140601382      -5.870868593423949E-003
 -0.561724735182688       0.153381502015178      -4.560996296831839E-003
 -0.591053712674682       0.113457714966069      -2.950512151787509E-003
 -0.521958949818237       3.612272707981604E-002 -1.226314089348241E-003
 -0.556884790957350      -4.354145464055240E-002  9.659707677996640E-004
 -0.586150188548269      -0.131032065388385       2.738427987576690E-003
 -0.533072809034565      -0.151789297943797       4.397960254589902E-003
 -0.453619603111224      -0.135858139489515       5.764132924722569E-003
 -0.667495186536364      -0.268232402912110       6.753373387776626E-003
 -0.431107867740951      -0.318360431789445       7.306135271694202E-003
 -0.388173808310988      -0.415678342127720       7.394154946626350E-003
 -0.298706853085680      -0.430898842390125       7.016214800261546E-003
 -0.230455765408253      -0.444413374933254       6.195084508835824E-003
  2.294301446888453E-002 -0.567417199446916       4.973561546158693E-003
 -0.106711211470042      -0.497239043537386       3.411538794498497E-003
 -8.119983085185603E-002 -0.509396243130415       1.584195974104324E-003
  9.674115241551312E-002 -0.480884191943707      -4.190605593489552E-004
  0.120858705453984      -0.505961727568008      -2.495561443281138E-003
  0.142581448612439      -0.463996270296273      -4.531002701121166E-003
  0.150549975403420      -0.447032052534859      -6.402468522175447E-003
  0.290227664348966      -0.444270880194244      -7.983440970708893E-003
  0.245902240215166      -0.325180212959798      -9.151155890401544E-003
  0.260072056896619      -0.303622683827102      -9.796308649399533E-003
  0.360690009851010      -0.324542952948457      -9.834583016521440E-003
  0.387955936401402      -0.221174514402507      -9.218713069927852E-003
  0.424326925965718      -0.219362108847890      -7.948691837081334E-003
  0.432442765470064      -0.157793823688112      -6.075732359778437E-003
  0.433274750231214      -7.553882164536936E-002 -3.684178400391966E-003
  0.493296966210248      -3.376028163370281E-002 -6.929153733955083E-004
  0.471944174467263       5.939762156228973E-002 -1.180084301719984E-002
  0.502717352505962       9.785781413528698E-002 -2.992320623268296E-002
  0.472996907805727       0.168316700615042      -3.469733862350299E-002
  0.426627937480646       0.214170919977831      -3.513432104028912E-002
  0.415664589414580       0.262964499107159      -3.495806453084613E-002
  0.372140908493619       0.345685781572600      -3.476165665475445E-002
  0.357003595664547       0.510018285078491      -3.459100794177909E-002
  0.242640985978431       0.408941910965642      -3.448352515189559E-002
  0.255127568042022       0.423943773039005      -3.448298315929955E-002
  0.173507099743352       0.451002492098726      -3.538740621935690E-002
  1.769138117391138E-002  0.545224321614964      -4.440111565661227E-002
  0.103664037856561       0.469716701417467      -5.135456530467013E-002
  0.108842777163475       0.558696095402643      -4.622899015391652E-002
 -3.581485308363493E-002  0.496179144728684      -3.731908264656381E-002
 -0.146542251663865       0.517521860677754      -5.052171320994224E-002
 -0.200138101053078       0.532130393346263      -6.679621214387506E-002
 -0.232111401217649       0.445216485813812      -7.018480543835423E-002
 -0.300092094188714       0.459856415089022      -7.227589143520485E-002
 -0.394319211970121       0.394946051176340      -7.408911407020945E-002
 -0.478293191078951       0.313227564299832      -7.496897124234816E-002
 -0.501931237104778       4.445385989363468E-002 -7.331782257398686E-002
 -0.485865492346971       0.219275848525239      -6.594490639968044E-002
 -0.454100798245478       0.162036442032825      -4.641573552893648E-002
 -0.587105223059695       0.141038243455143      -1.913163284568573E-002
 -0.535953105808780       4.896972741690230E-002 -4.300026651425470E-004
 -0.552288118950893      -7.212385670571102E-002  1.827705563168131E-003
 -0.636382667333090      -0.189959593342875       1.958551281566749E-002
 -0.510513706932470      -0.202966418390853       4.606586417104117E-002
 -0.459213946887706      -0.351863604969124       6.361199679834630E-002
 -0.510564748659373      -8.250378617829809E-002  7.156394349588864E-002
 -0.445173248605913      -0.335327029976513       7.384679502663960E-002
 -0.373334001409409      -0.435372699315113       7.353367893994894E-002
 -0.377497439919333      -0.453784336075682       7.240680737736398E-002
 -0.249176880395788      -0.447127649448520       7.144581226203592E-002
 -0.197823823743645      -0.488377369978982       7.062373148504685E-002
 -0.149361219796482      -0.581440452572194       5.819252211301212E-002
 -8.072835647225797E-002 -0.513421275285783       3.968324294349506E-002
  9.522240859393619E-002 -0.534443461921742       4.647865252438095E-002
  5.912147844363319E-002 -0.469921847433019       4.936836261736198E-002
  0.119095973841216      -0.445924566389522       4.187405673003517E-002
  0.191340011789887      -0.450258102584806       3.411069468666743E-002
  0.243851951718832      -0.409708858879555       3.429815971352956E-002
  0.305847112684667      -0.397620573789305       3.508183452566913E-002
  0.309146440457810      -0.265768226566126       3.562975835957553E-002
  0.397010933108676      -0.318499076875413       3.592108166250779E-002
  0.392207346457563      -0.262849077428495       3.593330441624611E-002
  0.436357941110585      -0.174227855990073       3.587386922203692E-002
  0.455766324769186      -0.175115889067843       3.419237142280238E-002
  0.467211777837433      -9.382451510444326E-002  2.917176493308016E-002
  0.398109763366468      -0.117162794906006       1.170028824045398E-002
  0.496383487448293       3.473700994503038E-002 -6.129212808904804E-003
  0.411380775495693       3.192559686513682E-002  6.625246154473365E-003
  0.483491734906052       0.157990929271825       1.027387022910240E-002
  0.516759660890054       0.173939559016400       1.261075368036732E-002
  0.365546128303807       0.243414367990667       1.451454701953602E-002
  0.346615244587870       0.320217124909674       1.677158443255829E-002
  0.327929484875982       0.387591229240581       2.039996652513710E-002
  0.327368578053893       0.366982520025203       2.442438151614759E-002
  0.459609782894821       4.624289592332712E-002  2.699772393159395E-002
  0.184985703227186       0.486684831212567       1.775695702656279E-002
  5.768558794189804E-002  0.482900858814679      -8.029332773653206E-003
  7.625907461907658E-002  0.476009170083225      -2.625706476071914E-002
  9.715630712246193E-002  0.650459892962958      -2.772432233191703E-002
  7.116851250871192E-002  0.511886312738139      -3.189725943666585E-002
 -9.818646583533205E-002  0.573357538054173      -2.811133926052668E-002
 -0.190927108017342       0.459500450720687       3.286541418827782E-003
 -0.287480472320419       0.456411499708664       2.301497729737952E-002
 -0.295773772676833       0.436463041370769       3.110459869323819E-002
 -0.376966493221654       0.365120637904406       3.871552755435786E-002
 -0.167239652506156       0.461430082882868       5.103184940359645E-002
 -0.453791616919346       0.298608160035892       6.600677495380344E-002
 -0.464514386815835       0.252892978372573       6.869187550449435E-002
 -0.511035253570956       0.187055949886814       4.790451156732210E-002
 -0.554773563507986       0.101122818467575       1.170061175959091E-002
 -0.537550023038140       4.499044094287198E-002 -5.588995289077028E-003
 -0.544074849574464      -4.109267038044258E-002  6.146110368234618E-003
 -0.510453537405550      -9.946555053160841E-002 -9.766774885598101E-003
 -0.510080842298513      -0.198357553108697      -4.551428470056055E-002
 -0.301462010547519      -0.388275744195737      -6.476578638022347E-002
 -0.458290870938572      -0.276969378902676      -6.251732118989871E-002
 -0.413998645144244      -0.346526970905012      -4.829265859942430E-002
 -0.380206340173197      -0.415300874706164      -3.683917827119881E-002
 -0.326547547024582      -0.420584416101730      -2.991525960753547E-002
 -0.238329029852853      -0.479375268765770      -2.217388765391778E-002
 -0.149824650997450      -0.523843008508779      -2.110794076879382E-003
 -0.210798060184000      -0.495531811430207       3.029633594844879E-002
 -2.790266195893337E-002 -0.525120154838076       3.175009736678701E-002
  9.218976310356007E-002 -0.574657107678136       2.597873756679995E-002
  4.327123388704318E-002 -0.508039666872948       2.353192707696731E-002
  6.665211542864387E-002 -0.514996016117273       7.204768895865756E-003
  0.203591564630001      -0.495570002948917      -1.545673266746613E-002
  0.206474258105059      -0.418462646148240      -2.447103253272899E-002
  0.217186126143356      -0.390030281050091      -2.335775827189968E-002
  0.342314331968649      -0.348378830721278      -2.065217082212519E-002
  0.407902681506894      -0.283547211554942      -1.768343712348117E-002
  0.431250625803342      -0.250759758075171      -1.536043006567557E-002
  0.516543595866817      -0.157255558611665      -1.300845472378013E-002
  0.439312035002452      -0.162852531191542      -9.286331454491826E-003
  0.472465247160605      -6.827004174930464E-002 -5.790382054414714E-003
  0.491408720021754      -4.826792467758643E-002  6.556148511594992E-003
  0.476789225817210       5.187231666735332E-003 -3.340457624058454E-002
  0.889262628340594      -0.172188923347011      -2.198938622351976E-003
  0.467896896853216       0.142962520132765      -2.453104063816235E-004
  0.529210019892115       0.170680578712325       8.640274242661153E-003
  0.415146517107516       0.266971674898201      -6.535323202975108E-003
  0.343565352297244       0.317890857636555      -2.245536624417555E-002
  0.324112742106418       0.363962727497948      -2.238287040454917E-002
  0.325357535799480       0.370441905603433      -3.995275122792571E-002
  0.267199685940868       0.430720620321626       2.635976292762194E-002
  0.178744645075739       0.483072149981385       3.029535508070829E-002
  9.953489921624586E-002  0.474792109228098      -1.759571378755504E-002
  5.170020151229625E-002  0.496945327428960      -3.042660780381851E-002
  0.113722438494875       0.510770785303387      -1.253358000090550E-002
 -8.389538688841844E-002  0.490955528749853      -8.946874852615945E-003
 -5.976769389390717E-002  0.509674673031808       3.442236070607909E-004
 -0.160285579782027       0.486706678020297      -1.560176830543112E-002
 -0.237453040514262       0.433213367394876      -1.398371650168276E-003
 -0.295987521489310       0.463641126443620      -3.163244924445195E-002
 -0.336234113395285       0.394046881911230      -3.634693754068494E-002
 -0.412857329069421       0.301450152773766      -2.454124709819527E-002
  0.460569062007689       0.216727349612249       0.100950988639819     
 -0.466204936677835       0.277497772482892      -5.582408167632408E-002
 -0.494237427174739       0.157836754142449       2.627033255350812E-002
 -0.552683374043516       0.130527480494337       2.573884468665108E-002
 -0.548095308829682       3.390979161492363E-002  1.507344358593590E-002
 -0.545848304655018      -4.859375435228810E-002  4.073467986814226E-003
 -0.542570567222276      -7.962305039893673E-002  2.691289234084961E-002
 -0.497183092801007      -0.156808753529051       7.662740632529684E-003
 -0.538325740772489      -0.158403177415897       6.073758614614958E-002
 -0.436612662732793      -0.313047028829484       3.453896098297431E-002
 -0.404821965167864      -0.353751731375395       2.656195319839399E-002
 -0.409741742067784      -0.226573844489252       3.772687392027830E-002
 -0.325348381839927      -0.419384644463600       3.632081960914767E-002
 -0.236764340872983      -0.460746366703548       1.092040188379187E-002
 -0.183840480562599      -0.520634337874889      -8.627415050992891E-002
 -0.133091431824632      -0.498206807959899       1.118451402984889E-002
 -5.487197562214961E-002 -0.489954629909741       8.588019508359497E-003
  0.102390631889763      -0.497222815746088       7.619440341289307E-003
  4.065924406128338E-002 -0.466484981410720       1.888168512757473E-002
  9.938238985252384E-002 -0.459396783147389       3.462211440325056E-003
  0.174733599137526      -0.424779877648027      -1.232495200638520E-002
  0.231920660023512      -0.432261993336379       8.350614649044009E-003
  0.316243831428746      -0.398288662544599       5.538299612859231E-002
  0.214665979459838      -0.387583185204894       3.783148586317286E-002
  0.423182454386795      -0.229845047927045       3.665798658306980E-002
  0.400795539742805      -0.253350316882879       1.597095016208140E-002
  0.438523701966786      -0.218030813568030      -6.346754436479182E-003
  0.477332256354821      -0.131973578826311      -2.344364553725242E-004
  0.435113629581019      -8.222237893167014E-002 -2.128765323404859E-002
  0.479849716404482       2.137003745975074E-002  1.448603619290068E-002
  0.459469886102100       7.068312675835919E-002 -2.522474674112526E-002
  0.471873975088651       9.019101223775158E-002  1.554290523273739E-002
  0.450613141769384       0.216658514838102       1.154788177878181E-002
  0.413787509154318       0.194610327072636       5.913501742800943E-003
  0.393941099737126       0.255241389611432       1.531815700082664E-002
  0.413348112582193       0.387078525329261      -1.334674812552971E-002
  0.246055779945312       0.411825724512374      -3.878431349578459E-002
  0.258064871826652       0.384414435078694       1.066569357911603E-002
  0.250958850357468       0.451867776132696       4.264840353368517E-002
  0.126360784582129       0.473569936728972       9.633204275098872E-002
  8.151162435703484E-002  0.464472826810610       2.875110126287776E-003
  1.751883896031028E-002  0.473830725909240      -4.956176345582720E-002
  2.982295635675982E-002  0.640678275087796      -3.496529764268685E-002
 -3.792473894799415E-002  0.507456754467402      -1.870501643054876E-002
 -0.123967574974533       0.539049830555410      -1.114563722057196E-002
 -0.242138424013042       0.505037249015951      -9.181182857663627E-003
 -0.292839439303709       0.481031783712838      -1.947980483699756E-002
 -0.318398549193788       0.476381562632099       2.247794692191604E-002
 -0.398298231106159       0.391921161982271       4.783444945342177E-002
 -0.375028264087672       0.367588408183274       4.660132297510786E-002
 -0.437393192709410       0.274155655248103       1.199819903396320E-002
 -0.495251039795111       0.158400629545193      -3.890197499054987E-002
 -0.450987330612015       0.157510796446762      -2.826397676781926E-002
 -0.526381319100365       7.887332389500878E-002  5.074617069334464E-003
 -0.552818241523751       3.262952049874404E-002 -1.296104011557514E-002
 -0.548920894929130      -4.853289287140271E-002  1.353479469782896E-002
 -0.525827762702633      -7.073327004785525E-002  1.925215138268781E-003
 -0.505439863608169      -0.163921230681355      -9.127829461354646E-003
 -0.484039671471440      -0.268782996684373      -1.245299054992230E-002
 -0.427142735864120      -0.282973068013835      -4.360221292830214E-004
 -0.442103274299447      -0.350163727716081      -3.126198048586425E-002
 -0.377601396027283      -0.363848706096794      -9.922588904118417E-003
 -0.321550489983161      -0.409654597916434       3.513207588481015E-003
 -0.215638777680028      -0.470773725122383      -2.935760233701824E-002
 -0.216225828568664      -0.434639100657439       6.107750305524968E-002
 -0.116378496571046      -0.547430317921954       0.110391217401886     
 -7.650329603607904E-002 -0.491692563526204       3.445206609376959E-002
  8.245170666271272E-002 -0.537145488292714       4.806040131760686E-002
  4.912841906903568E-002 -0.480449061479838       6.725705806347357E-002
  9.801048211599840E-002 -0.458088784295526       1.174210872808882E-002
  0.166349623007645      -0.454531804207783      -5.418259330732234E-002
  0.275697501857074      -0.475197685884156      -4.733351362020929E-002
  0.328851242661636      -0.400817922096258       7.220212731449403E-003
  0.288211269571352      -0.356531226207170       2.019830141226036E-002
  0.405594573523065      -0.318688230448757       7.943265883051831E-004
  0.425789889225933      -0.262565892494504      -2.432281599545226E-002
  0.451287438089405      -0.165792869246659       7.802818713509162E-003
  0.476128993655194      -0.150698065197927       1.523339939776623E-002
  0.487632322575236      -7.914337071692437E-002 -4.775468747046280E-003
  0.482841189085957      -3.665964906365172E-002 -5.439085664348818E-003
  0.505241677091648       3.303484474102460E-002  1.062574446980331E-002
  0.567491677515228       0.231361274498027       3.261519231623901E-002
  0.445309546482451       0.177000661064087       5.286049383257949E-003
  0.546007820990502      -0.528960121131995       1.841843403699059E-002
  0.405178384221466       0.275127490853728      -9.816978829416777E-003
  0.365246202357524       0.302767175102000       4.510353769409291E-002
  0.322494714760361       0.456389209052452      -1.394039292183602E-002
  0.230464335112473       0.377071443820508      -2.639264056887758E-002
  0.230376889957869       0.431262704567779       4.600582019061127E-002
  0.166168276343744       0.477109967070806       4.429677338932562E-002
  7.858734179402917E-002  0.471262824955378      -2.771720657642612E-002
  4.880451147364132E-002  0.485574364293958       1.706703973172292E-002
  9.874653368190055E-003  0.497401177767524       4.252533829752111E-002
 -8.154997929717765E-002  0.502483487562885       4.712103896655881E-002
 -0.141527281011497       0.491325882502676       4.687956804707068E-002
 -0.220398728100680       0.471969386761298      -1.397649029764554E-002
 -0.248426919702589       0.482463725423919       4.204045358827446E-002
 -0.247268000558643       0.401192451281107       4.716805867947553E-002
 -0.348023033545075       0.390578547574892      -2.322131424058987E-002
 -0.386120238436269       0.358905033362468       1.565120374687719E-002
 -0.376100433348595       0.251283133395703       2.994051354379879E-003
 -0.513022034519518       0.208007926087112       2.857555365441886E-002
 -0.481320772209683       0.165530200341156       8.461410379656255E-003
 -0.518805746971843       0.101238218999891       1.909301384906180E-002
 -0.530054857057355       2.218338762279589E-002  4.743308748084495E-003
 -0.542493752936167      -5.570668742753516E-002  1.191644329735226E-002
 -0.519028036376792      -9.539929826312760E-002  2.041246190454534E-002
 -0.483851489141621      -0.200183584996292       2.413834461559126E-002
 -0.491058464461061      -0.232968924969476       4.119328582770823E-002
 -0.465303850207854      -0.276605551318973       3.041735471460230E-002
 -0.498162390015495      -0.259554055520369       2.128090150155281E-002
 -0.287656388429663      -0.313143670267271       2.100777127841227E-003
 -0.334606168218703      -0.407539367583569       3.819533446172519E-003
  0.637995298524960       0.287856581332259       5.605523258107309E-002
  0.499861962257216       4.479655491347943E-002  7.239292958390593E-002
 -3.646661224815977E-002 -0.498470257252569       2.111684341229130E-002
 -5.866885368014756E-002 -0.532744846262914      -1.101691775264066E-002
  2.361182875025138E-002 -0.551151898078677      -2.200388646224021E-002
  9.312984185093391E-002 -0.512905869613900      -3.453908728175624E-002
  0.163157024294186      -0.494087396564410       4.191630135712484E-002
  0.171335881161356      -0.492365034705239       5.682413287653038E-002
  0.280471237321967      -0.446009811540774      -8.731186189304999E-003
 -8.206270384482889E-002 -0.465334358236148       4.966135376679182E-002
  0.361176398825191      -0.343473922136667       2.751863936702272E-002
  0.449781866106543      -0.234120786631039       1.860831563279416E-002
  0.280710678168705      -6.204995637543123E-002  5.971941084161009E-002
  0.455914462533148      -0.242106536421574       3.642726918272067E-002
  0.473611529592280      -0.133860506015618       2.007950734912605E-002
  0.477141915671886      -9.491925843405140E-002  2.625237763996200E-002
  0.488687394222699      -5.994024312681112E-002  2.886799219743209E-003
  0.515432025639334       1.949050002219468E-002 -0.111896647946628     
  0.422412981997633       0.139687927994041      -5.046928696999106E-003
  0.435538944606619       0.166993857688185       1.040890355685962E-002
  0.451331918183533       0.197238104073810       1.359211747185669E-002
  0.416296762670943       0.267528923694335      -1.945528495720825E-002
  0.381444759316557       0.326234866851817       1.105087932145921E-003
  0.328140017212172       0.354876717149295      -1.051218401131924E-002
  0.281679719696693       0.393201883763275       5.202900096004934E-002
  0.253164282179580       0.418596416543958      -5.588697959104569E-002
  0.207395975537107       0.442282375975391       4.090765849210855E-002
  7.892126383082629E-002  0.454476726501652      -1.471840969333073E-002
 -0.129267968302905       0.743036926931834      -5.001203487529707E-002
  2.990604875806850E-002  0.514885554985922      -8.263246852693537E-002
 -3.876899183097744E-002  0.507367109775213      -5.284469213233268E-002
 -0.103468609648787       0.488783949347579      -5.316390657005842E-003
 -0.222383504909753       0.475706888217694       9.599416332331915E-003
 -0.256606058933111       0.449274593572673      -2.396222783653158E-002
 -0.332178773320510       0.416495089246744       4.593262899067007E-003
 -0.305871175692590       0.414158335324702       9.613788219327118E-002
 -0.433502024214332       0.293848607768017       1.685086226490703E-002
 -0.485673399997386       0.215247754323971       4.787318133069650E-002
 -0.460873180641883       0.234300728365398      -1.955646113604799E-002
 -0.516353544170998       0.192273785722591      -4.205173471374148E-002
 -0.495616187493805       9.731845131988544E-002 -6.075329319700954E-003
 -0.590778913298240       3.421109607807366E-002  2.073569614666421E-002
 -0.513959981781321      -1.315279852962414E-002  1.074248735421237E-002
 -0.534898976122470      -8.343144738716314E-002 -3.144192565335897E-002
 -0.548206764527235      -0.163506954695396       2.122299367865190E-002
 -0.479235405049969      -0.255725004997296      -9.524023481020477E-004
 -0.435871323833581      -0.282753195582987       9.916463586530836E-003
 -0.406169172472419      -0.343419100673010      -2.844927095615882E-002
 -0.398234867419432      -0.376507155010077      -3.629654330073807E-002
 -0.254969955037626      -0.382135284981959      -2.526959341982200E-002
 -0.226688495173184      -0.453158890305879      -4.595242374789218E-002
 -0.274201686143955      -0.463348491736539      -5.987356517710899E-002
 -0.110886286084992      -0.540054519064772      -8.927585760412757E-003
 -6.906369897967909E-002 -0.501857410327089       6.309688244601677E-002
  3.076599303176755E-003 -0.502692347406507       8.897005946978960E-002
  8.204880946055046E-002 -0.506864109768578       0.105297904447346     
  0.122612970080589      -0.459043963494317      -5.998697870282464E-002
 -0.106777700034712      -0.395584620085845       6.532972078017181E-002
  0.245414524682891      -0.425062518134487       1.410115635444810E-002
  0.300294497939084      -0.397068730130945      -5.038030532629247E-002
  0.321754809891610      -0.361401772450300       2.901272391481977E-002
  0.377792395189264      -0.327036648600137       2.787267913405811E-003
  0.455952960112755      -0.249335112675889       5.119795406098888E-002
  0.452266769134120      -0.162937320640041       3.375709480998470E-002
  0.476547691401257      -0.147420529629563       2.308682470165520E-002
  0.548774458458597      -0.106084153159822       8.526053873249699E-002
  0.542853603564205      -3.878669338300321E-002  1.653464593788986E-002
  0.524858977840830       1.674846215257491E-002  7.788386664602957E-002
  0.553376847266051       9.737164646649865E-002  5.505320567741262E-003
  0.470830063526104       0.201722620229702       3.531516647050868E-002
  0.450503426800434       0.206754612849270       5.419045801753227E-002
  0.404045198090058       0.272720928898434      -1.396384355816369E-002
  0.381267624051284       0.341274317671735      -1.696024517491144E-002
  0.340647757904624       0.408917704827336      -2.244709802163743E-002
  0.306931877428485       0.411169644533756      -4.319842975003509E-002
  0.227912553532022       0.385787461789951      -2.547977006451384E-002
  0.209230176022991       0.455847364318636       5.474752430524205E-002
  0.114116398487061       0.478326066881479       6.673962780231873E-003
  5.908585406225364E-002  0.500997292769486      -2.351800948619938E-003
  1.735664139964689E-002  0.486628879632723       1.066337336038653E-002
 -3.908084203722771E-002  0.504796424690336      -6.018231621750911E-002
 -0.162612527636656       0.528037707986718      -0.122622837695061     
 -0.129443243613587       0.509660064061679       6.739972379694940E-002
 -0.263496422677278       0.450468035196065       0.136196712667007     
 -0.314781216277081       0.415627509859920       4.935280279791492E-002
 -0.339236052366377       0.383630164977380       2.513123626986126E-002
 -0.385322710662217       0.335813014010096       3.115478145755581E-002
 -0.439661552880069       0.275117776112262       4.872265066004933E-002
 -0.465528518477129       0.180163862765629       1.763702445799360E-002
 -0.499457586009741       0.150432132721267       7.678991817916318E-003
 -0.493796546207290       0.103943810076495      -4.125759680179216E-002
 -0.493900803977619       6.676194236325819E-002 -2.998858285384073E-002
 -0.528175108737170      -3.772254781109650E-002 -2.511488645026407E-002
 -0.482298921814116      -9.356424241785820E-002 -3.654369676452080E-003
 -0.493788614769163      -0.161846650674337      -4.424255060649397E-002
 -0.481401299223287      -0.224822911872140      -1.517740139012736E-002
 -0.429898113177530      -0.282368381837871       2.386019825225162E-002
 -0.378418416483087      -0.336065082020947       1.628286125287637E-002
 -0.357757293675977      -0.384299750801334       5.889116881289625E-004
 -0.297594029257102      -0.416786260077336      -7.132691051083649E-003
 -0.261895728217076      -0.520658693530376       1.097286146044421E-002
 -0.235853637621471      -0.411086101073226       4.321157597066673E-002
 -0.106243488642089      -0.518814167644976      -0.143355619993404     
 -4.948534343120908E-002 -0.509043112700652       5.449413512467459E-002
 -4.686813282202099E-004 -0.518538435935668       7.619235094383329E-003
  5.934001759875046E-002 -0.479109275973488      -4.173514941076763E-002
  0.145859601357171      -0.471412591186867       7.426241936374993E-002
  0.175285291899189      -0.472302712261860      -7.406393252450894E-002
  0.246492206821291      -0.436746282080700      -2.828935273009351E-002
  0.306361445587396      -0.408955929180864      -1.141855746137137E-002
  0.325644690367289      -0.358912381901852       9.661117436626407E-003
  0.355933748317232      -0.334493793168870      -3.361536300690133E-002
  0.441521081219358      -0.283315933309126       5.725187630943760E-002
  0.459882332469263      -0.201372402736689      -2.658444674345224E-002
  0.470038029548650      -0.150177070477130       1.533257472421007E-002
  0.503928415714510      -9.731064350318983E-002  7.640217554124337E-002
  0.496384507300487      -2.498973197449841E-002  3.991126019952819E-002
  0.509773382082304       1.807801504735062E-002 -1.982139865151020E-002
  0.494382897649363       9.705674204518019E-002  2.316795592969555E-002
  0.403569581423372       0.134442483602870       0.108321825202934     
  0.439497475498474       0.201521558687806       5.671121670965308E-002
  0.413393532319830       0.268745270500525      -2.071235079770834E-002
  0.392242298315720       0.295304334333338       1.685185582820106E-003
  0.345298521739583       0.351858138801312      -4.157895829492407E-002
  0.310797764064925       0.416111472166038       6.895972331352122E-002
  0.250065195496708       0.456913088142623      -5.471662657582864E-002
  0.193740241003742       0.462951930026142       0.245145966422575     
  0.119396502656126       0.464030111460201       7.761466172310008E-002
  4.927641274434767E-002  0.493277785782672      -3.869697552938601E-002
 -3.642048052409015E-003  0.507954016205081      -8.687988553712389E-002
 -4.537926358190941E-002  0.520088826528328       4.522977351233313E-002
 -0.171658683292083       0.516428633325166      -8.014885701452046E-002
 -0.198121756240277       0.482856505058542       1.856794276987968E-002
 -0.184961136517124       0.431836026822193      -1.271864778952956E-003
 -0.292191403276275       0.416800137090208      -8.658862402112028E-003
 -0.276386269923213       0.439644135808923       2.668931926751757E-002
 -0.412261792961410       0.323219022372607      -1.121704823761729E-002
 -0.436364622039235       0.276791119300576       3.820086198232777E-002
 -0.468056754067681       0.216479548130460       3.738508439000875E-002
 -0.484326425466529       0.150274039236986      -6.829767660091883E-004
 -0.500893909158182       0.104352273175880      -7.593307391420971E-003
 -0.523631618676281       4.229330692895813E-002  2.005330588825885E-002
 -0.528144149107344      -3.796606901023882E-002  1.755866898408020E-002
 -0.507978641187826      -7.918692105253444E-002 -5.758516932576920E-002
 -0.485831516875373      -0.181712503733067      -4.788615191928416E-002
 -0.471564639672157      -0.224394580861946       1.947355651569638E-002
 -0.430822008122969      -0.266971567661088       7.821203023946920E-003
 -0.402285670539225      -0.342663326797071       7.165936582033886E-002
 -0.354060993956676      -0.403472442961160       3.812461755753075E-002
 -0.299643738128164      -0.417890779624835       4.220090596494987E-002
 -0.250400430943339      -0.451300626438442       5.738560386053116E-002
 -0.192776746996531      -0.478596802912590      -0.110177559993230     
 -0.121594042033590      -0.498845471045723       8.879463644255291E-002
 -4.462088143641187E-002 -0.515967376328807       0.109367445962309     
  1.727673501488489E-002 -0.508490547260994       0.133709073951053     
  5.785576135367348E-002 -0.499486611216249       0.176521097776693     
  0.133799102534622      -0.481957153054383      -0.168927971044909     
  0.177207995419440      -0.463689159020628       0.113762968804465     
  0.248141878294649      -0.430114567260030       4.592801574168517E-002
  0.251548934804015      -0.432463285811768      -7.814373684382003E-002
  0.343677211351095      -0.365892101328638      -3.892070226491761E-003
  0.387798568178121      -0.321080524516777      -5.989187241828862E-002
  0.443530084117537      -0.291465126530592      -3.415925144768561E-002
  0.458840248899779      -6.023528499402736E-002  2.105731073990141E-002
  0.473691933297162      -0.137605961777793       2.236720737565442E-002
  0.491907242425136      -9.181531194007660E-002 -4.157819306055421E-002
  0.483036991909961      -2.528203647014748E-002  2.069975963773896E-002
