  0.435806166894961       2.040614122304081E-002 -5.054125499872377E-003
  0.449620552259448       9.247301627328436E-002 -1.508266992129814E-002
  0.449738578470504       0.160969156426739      -2.487335162811346E-002
  0.339476427068240       0.266224331802549      -3.427176572113397E-002
 -0.149636223078110       1.852573655597774E-002 -4.312969359577076E-002
  0.331858099389784       0.259920401748812      -5.130744043797323E-002
  0.329469336102655       0.397771450351003      -5.867603829488885E-002
  0.268038010800342       0.417008804362113      -6.511927997652842E-002
  0.234350708937095       0.469963020037531      -7.053555171256558E-002
  0.466678695145790       2.313248700567723E-002  1.593717681025275E-003
  8.983230715202511E-002  0.516210217567261      -7.796305700452838E-002
  2.610967063006640E-002  0.496169188376735      -7.985715436502286E-002
 -3.998759493615920E-002  0.494711338409936      -8.049185669683015E-002
 -0.168638792641017       0.529868141901011      -7.985715436502307E-002
 -0.270332582646298       0.438823376784692      -7.796305700452866E-002
 -0.354299474527990       0.593962581455734      -7.483943566219955E-002
 -0.292472169537634       0.400485730636617      -7.053555171256558E-002
 -0.512801229539940       0.308855294801922      -6.511927997652819E-002
 -0.439037186628727       0.420108131636673      -5.867603829488906E-002
 -0.473709399636877       0.272689941135031      -5.130744043797326E-002
 -0.336845192959039       0.304761725547170      -4.312969359577105E-002
 -0.463183453725396       0.251539239969342      -3.427176572113353E-002
  0.495380270362555       4.651323604662341E-002  0.110008261881304     
 -0.552925702934679      -2.704826878689330E-002 -1.508266992129779E-002
 -0.636598545543903       0.106944050396344      -5.054125499873309E-003
 -0.619372617935813      -9.435746184581713E-002  5.054125499872747E-003
 -0.550919971631667      -0.158589989878863       1.508266992129870E-002
 -0.551269891638496      -0.167852345421931       2.487335162811306E-002
  0.465857964218218       3.678298421852241E-002  8.161265032763451E-003
 -0.465840466328071      -0.281878205502918       4.312969359577050E-002
 -0.438800474574728      -0.290314290202267       5.130744043797365E-002
 -0.359955125602552      -0.459663551411785       5.867603829488888E-002
  0.494592325321517       0.126293669420481       7.508709354497042E-003
 -0.230539640100656      -0.453632479193563       7.053555171256504E-002
 -0.199975732301230      -0.415317842868455       7.483943566219910E-002
 -0.103740548812965      -0.590230173928036       7.796305700452870E-002
 -0.108953578695861      -0.519097371575220       7.985715436502240E-002
 -2.713845239313648E-002 -0.528429154063336       8.049185669682922E-002
  0.437653805732787       9.379174068827284E-002  2.280094764134204E-002
  0.138537302361407      -0.454038872998275       7.796305700452841E-002
  0.484850351094598      -0.475940234803007       7.483943566219871E-002
  0.458497282169129      -0.429911068500847       7.053555171256584E-002
  0.174485147106471      -0.493911935367841       6.511927997652818E-002
  0.412740797041765      -0.437586327159183       5.867603829488890E-002
  0.409691159787687       0.204751395071833       3.424846353528109E-002
  0.376961012343820      -0.318497931499291       4.312969359577010E-002
  0.377528593275382      -0.256553835047206       3.427176572113427E-002
  0.468425381063054      -0.169632318204115       2.487335162811290E-002
  0.410400008392157      -0.102149049713084       1.508266992129770E-002
  0.491792897328543      -1.813338173263399E-002  5.054125499873328E-003
  0.194179566549990      -0.491540890026286       8.318696779715702E-004
  0.423501976959930       9.757093985619751E-002  3.802229532619611E-003
  0.470827817395253       0.158560957681758       6.146147099659471E-003
  0.410507786759760       0.181746865362323       7.968368215010192E-003
  0.382035053965689       0.246791898454649       9.183451258980407E-003
  0.321498497690470       0.345956726240257       9.746267728549720E-003
  0.327796030410672       0.354512837952432       9.662598106485570E-003
  0.213593611262312       0.415348538543723       8.985692650423142E-003
  0.243319853291520       0.398049339280547       7.804387160851575E-003
  0.202003415562060       0.479428991056680       6.230051937462087E-003
  4.715368301297686E-002  0.426587628196934       4.384659683608709E-003
 -0.294241354219083       0.306593220361757       2.391114925615276E-003
  5.059793311633537E-002  0.441219733739641       3.663522133133759E-004
 -7.619941889033416E-002  0.503487596006632      -1.582877184704005E-003
  0.171143171677564       0.430294125591934      -3.362002859222348E-003
 -0.252287507634906       0.521221010172886      -4.889139073695157E-003
 -0.353608587882118       0.493625767818655      -6.094956787677358E-003
 -0.321354938744440       0.347964982165371      -6.922813141458877E-003
 -0.402999761868177       0.367439108609306      -7.329906525840871E-003
  0.140733297131330      -0.227375758897140      -7.289912345226963E-003
 -0.541423353081327       0.413094472595006      -6.797043308492793E-003
 -0.477138252638662       0.232430442879171      -5.870868593423949E-003
 -0.612996801238867       0.129338247688880      -4.560996296831839E-003
 -0.615141752581368       0.128900847725819      -2.950512151787509E-003
 -0.528733183787277       5.016450495816627E-002 -1.226314089348241E-003
 -0.567545776678296      -6.570868720508906E-002  9.659707677996640E-004
 -0.603708447912728      -0.154976758459531       2.738427987576690E-003
 -0.548775579635375      -0.180038567745349       4.397960254589902E-003
 -0.477911807515285      -0.149344195250152       5.764132924722569E-003
 -0.668636495207620      -0.290988360212055       6.753373387776626E-003
 -0.473317424231906      -0.300249352602941       7.306135271694202E-003
 -0.379876058949382      -0.451205453282278       7.394154946626350E-003
 -0.306270060023042      -0.451305701732998       7.016214800261546E-003
  4.244554403622010E-002  0.138582018374938       6.195084508835824E-003
  8.952630170141306E-002 -0.553140439358913       4.973561546158693E-003
 -0.119303165529944      -0.528230033615200       3.411538794498497E-003
 -3.003891413112362E-002 -0.521839064640017       1.584195974104324E-003
  4.496063269997756E-002 -0.459691281607097      -4.190605593489552E-004
  9.431050944071602E-002 -0.472000585458655      -2.495561443281138E-003
  9.824226382366529E-002 -0.458941479886986      -4.531002701121166E-003
  0.113530429974661      -0.411708833713840      -6.402468522175447E-003
  0.300554168515429      -0.666545066781327      -7.983440970708893E-003
  0.225338802841499      -0.333382278106201      -9.151155890401544E-003
  0.244298093492412      -0.308568356817603      -9.796308649399533E-003
  0.486920895628110       6.204771547269983E-002  0.127446491000991     
  0.374766934546746      -0.240304532285972      -9.218713069927852E-003
  0.400956186279462      -0.246158074847717      -7.948691837081334E-003
  0.450596788380003      -0.182697137902961      -6.075732359778437E-003
  0.442837143970712      -0.109697181813670      -3.684178400391966E-003
  0.484970878246300      -3.424887111387365E-002 -6.929153733955083E-004
  0.470973241901809       1.355413753590183E-002 -1.180084301719984E-002
  0.322993265448898       4.963540451656838E-002 -2.992320623268296E-002
  0.458504047640761       0.193916970790902      -3.469733862350299E-002
  0.421168034355179       0.182649238716359      -3.513432104028912E-002
  0.377738903111735       0.264381928781796      -3.495806453084613E-002
  0.324497854786751       0.341816517534248      -3.476165665475445E-002
  0.346146783106748       0.496302999172761      -3.459100794177909E-002
  0.222847066967651       0.405893111374765      -3.448352515189559E-002
  0.209574175046617       0.409994094935474      -3.448298315929955E-002
  0.205233799763593       0.455397438382730      -3.538740621935690E-002
  4.979950081139464E-002  0.507252701354288      -4.440111565661227E-002
  0.139586449194793       0.453278335951421      -5.135456530467013E-002
  9.550214569353731E-002  0.506153613412689      -4.622899015391652E-002
 -3.882450889629183E-002  0.488496041743734      -3.731908264656381E-002
 -0.188642413654963       0.545238983747548      -5.052171320994224E-002
 -0.196295328992221       0.536062940668025      -6.679621214387506E-002
 -0.294953289072208       0.450135965416958      -7.018480543835423E-002
 -0.307151109854369       0.474854834820043      -7.227589143520485E-002
 -0.448213650790958       0.362312936544727      -7.408911407020945E-002
 -0.522790020937574       0.306078029676278      -7.496897124234816E-002
 -0.511633902261685       4.607481894269826E-002 -7.331782257398686E-002
 -0.454524986936592       0.207008221652522      -6.594490639968044E-002
 -0.450283132151228       0.138690612456655      -4.641573552893648E-002
 -0.618040760034321       0.130773234028479      -1.913163284568573E-002
 -0.518147457272739       4.596749983330373E-002 -4.300026651425470E-004
 -0.598732142121174      -5.268135948273583E-002  1.827705563168131E-003
 -0.641101782620138      -0.211988073531584       1.958551281566749E-002
 -0.512657649882926      -0.196327429428599       4.606586417104117E-002
 -0.448478098932315      -0.360906949839304       6.361199679834630E-002
 -0.505230967456349      -4.927580009122373E-002  7.156394349588864E-002
 -0.459225243482968      -0.331288526566496       7.384679502663960E-002
 -0.343555842875733      -0.463639774172791       7.353367893994894E-002
 -0.346308433306737      -0.473829266831349       7.240680737736398E-002
 -0.224776010586581      -0.519666770906575       7.144581226203592E-002
 -0.211423369590988      -0.469375242061741       7.062373148504685E-002
 -7.794916315379279E-002 -0.596317783141110       5.819252211301212E-002
 -7.262321164627538E-003 -0.520718577406050       3.968324294349506E-002
  9.634398254872849E-002 -0.492201395626074       4.647865252438095E-002
  2.046742087898699E-002 -0.504744760495275       4.936836261736198E-002
  8.452829739771921E-002 -0.428678099339113       4.187405673003517E-002
  0.177834925763375      -0.432651434208453       3.411069468666743E-002
  0.248496212387742      -0.417223713908917       3.429815971352956E-002
  0.302027348082462      -0.427190345250869       3.508183452566913E-002
  0.286111650901011      -0.271204509413634       3.562975835957553E-002
  0.416926263901990      -0.317466382700678       3.592108166250779E-002
  0.382004161517670      -0.251910093996885       3.593330441624611E-002
  0.463940728823010      -0.176135975644383       3.587386922203692E-002
  0.466696085809308      -0.179853987834169       3.419237142280238E-002
  0.441375639276165      -0.128706363047973       2.917176493308016E-002
  0.389489274528318      -0.142173302285799       1.170028824045398E-002
  0.489775321286133       6.587593886392545E-002 -6.129212808904804E-003
  0.402293278431079       5.653302719779260E-003  6.625246154473365E-003
  0.490328255087359       9.777715727983652E-002  2.870219619746996E-002
  0.463931735728044       0.178060140898332       1.261075368036732E-002
  0.334999700413406       0.244741436064655       1.451454701953602E-002
  0.332378949221407       0.306685460486050       1.677158443255829E-002
  0.304533385544660       0.402672424949521       2.039996652513710E-002
  0.305758978990710       0.382595878066117       2.442438151614759E-002
  0.520055568649686       3.262884420921493E-002  2.699772393159395E-002
  0.115912587175822       0.443589888622419       1.775695702656279E-002
  5.208456962326261E-002  0.504894113360104      -8.029332773653206E-003
  3.386810362842189E-002  0.443568666048067      -2.625706476071914E-002
  0.100869399552426       0.633272413426300      -2.772432233191703E-002
  3.746533062850410E-002  0.465702418145491      -3.189725943666585E-002
 -8.457225305804000E-002  0.565997695308313      -2.811133926052668E-002
 -0.265705324455257       0.514062062085527       3.286541418827782E-003
 -0.356841101953477       0.424225416675002       2.301497729737952E-002
 -0.297997743113261       0.482458157326708       3.110459869323819E-002
 -0.404349408436693       0.353835485267380       3.871552755435786E-002
 -0.209404291443301       0.465590105845537       5.103184940359645E-002
 -0.480482774074826       0.233419457741244       6.600677495380344E-002
 -0.508223825859033       0.261880031726130       6.869187550449435E-002
 -0.385702739078491       0.110653985828959       4.790451156732210E-002
 -0.567828884804638       9.107406714921869E-002  1.170061175959091E-002
 -0.565226460135712       1.462414486731806E-002 -5.588995289077028E-003
 -0.562459596093758      -5.747877113012280E-002  6.146110368234618E-003
 -0.549365109531052      -8.599100664731606E-002 -9.766774885598101E-003
 -0.502135194559959      -0.196599423574157      -4.551428470056055E-002
 -0.325759767576886      -0.410931342211609      -6.476578638022347E-002
 -0.477483258495826      -0.312256386715156      -6.251732118989871E-002
 -0.393226309970929      -0.341429994830882      -4.829265859942430E-002
 -0.377910391831407      -0.476385590983994      -3.683917827119881E-002
 -0.331821582330791      -0.375973489430194      -2.991525960753547E-002
 -0.217422297003192      -0.474971137338515      -2.217388765391778E-002
 -0.124501148988632      -0.587792565203342      -2.110794076879382E-003
 -0.177166215619394      -0.521357335159126       3.029633594844879E-002
  1.046596329225030E-002 -0.509637929105704       3.175009736678701E-002
  0.139786978167294      -0.539730696986644       2.597873756679995E-002
  9.699282893376390E-002 -0.494522719354499       2.353192707696731E-002
  2.408052237887271E-002 -0.476837107679312       7.204768895865756E-003
  0.196511833757448      -0.461931674065811      -1.545673266746613E-002
  0.185213627415744      -0.393798028432912      -2.447103253272899E-002
  0.153994264054393      -0.368018487761007      -2.335775827189968E-002
  0.348708164741120      -0.335111442036983      -2.065217082212519E-002
  0.418511991438229      -0.266893152736680      -1.768343712348117E-002
  0.466464512820319      -0.243895107484599      -1.536043006567557E-002
  0.517750750334734      -0.121945317022308      -1.300845472378013E-002
  0.465862774628779      -0.161865344912643      -9.286331454491826E-003
  0.448274095042638      -0.106564988589720      -5.790382054414714E-003
  0.453950227449451      -2.784287049132522E-002  6.556148511594992E-003
  0.500109481137521       8.420453724270209E-004 -3.340457624058454E-002
  0.510836766250608       3.743490537186312E-002  0.102122996224747     
  0.465917563902836       0.148139285258897      -2.453104063816235E-004
  0.492137127578712       0.190380299587062       8.640274242661153E-003
  0.366521435378362       0.252655086140736      -6.535323202975108E-003
  0.384503567540340       0.271912046949439      -2.245536624417555E-002
  0.332073454255264       0.403131950878367      -2.238287040454917E-002
  0.320636938130795       0.396200860295815      -3.995275122792571E-002
  0.243214615044809       0.405062738352066       2.635976292762194E-002
  0.177667451356187       0.439297495254300       3.029535508070829E-002
  0.183943601258004       0.459946875565835      -1.759571378755504E-002
  2.522746020922265E-002  0.496600810486184      -3.042660780381851E-002
  6.103975926404602E-002  0.464072291740089      -1.253358000090550E-002
 -0.113331583187868       0.489926014463244      -8.946874852615945E-003
 -2.789491237180448E-002  0.471179765009383       3.442236070607909E-004
 -0.223319073577088       0.530673906612672      -1.560176830543112E-002
 -0.270739690163731       0.426216122522328      -1.398371650168276E-003
 -0.355381119254056       0.492384476163862      -3.163244924445195E-002
 -0.339417737163571       0.421485155439731      -3.634693754068494E-002
 -0.440263880433554       0.270576411503204      -2.454124709819527E-002
  0.424255273720562       0.209323114631112       0.100950988639819     
 -0.506802242196627       0.260312650981328      -5.582408167632408E-002
 -0.535907886164097       0.172829819663489       2.627033255350812E-002
 -0.577718921154977       0.125211121989672       2.573884468665108E-002
 -0.571948176287350       4.023841217513782E-003  1.507344358593590E-002
 -0.587444818260957      -6.623683518405843E-002  4.073467986814226E-003
 -0.595632193341045      -8.769233930581684E-002  2.691289234084961E-002
 -0.538106301375811      -0.178419894283565       7.662740632529684E-003
 -0.552073639455681      -0.172245584226632       6.073758614614958E-002
 -0.449011965180240      -0.330488051184072       3.453896098297431E-002
 -0.400212042557402      -0.364231844887021       2.656195319839399E-002
 -0.342795271320318      -0.188385331793195       3.772687392027830E-002
 -0.366254284366893      -0.440877349005221       3.632081960914767E-002
 -0.219986560998796      -0.454596230919778       1.092040188379187E-002
 -0.158027761798769      -0.561265577447520      -8.627415050992891E-002
 -9.400552080950980E-002 -0.542838649833345       1.118451402984889E-002
 -4.832760711956625E-002 -0.539684224213916       8.588019508359497E-003
  7.303179611420836E-002 -0.446286166334990       7.619440341289307E-003
  4.476509754951904E-002 -0.503138722679860       1.888168512757473E-002
  3.718660575639506E-002 -0.452801551979022       3.462211440325056E-003
  0.145281378287359      -0.411890287798678      -1.232495200638520E-002
  0.237792108762802      -0.406017819242131       8.350614649044009E-003
  0.296677946575588      -0.422450461579820       5.538299612859231E-002
  0.175028953118186      -0.379333389708710       3.783148586317286E-002
  0.471143115538491      -0.237451453970531       3.665798658306980E-002
  0.464674374247817      -0.224036837112397       1.597095016208140E-002
  0.434403611510185      -0.225589331653045      -6.346754436479182E-003
  0.465720793081281      -0.145729732653438      -2.344364553725242E-004
  0.434785303237961      -0.124327424349801      -2.128765323404859E-002
  0.190233219243384      -9.262005491115038E-002  1.448603619290068E-002
  0.449459639666481       4.940577938547883E-002 -2.522474674112526E-002
  0.444744951973141       0.129176942688133       1.554290523273739E-002
  0.410762785001232       0.189087897632871       1.154788177878181E-002
  0.395753600954381       0.176816782886453       5.913501742800943E-003
  0.415571947377322       0.187881961015123       1.531815700082664E-002
  0.382635999030625       0.369128559276041      -1.334674812552971E-002
  0.306233006839339       0.439797888436004      -3.878431349578459E-002
  0.213111880508749       0.388897631099110       1.066569357911603E-002
  0.231286622997977       0.453089839441861       4.264840353368517E-002
  0.109430353596293       0.448005532390801       9.633204275098872E-002
  2.895643320401844E-002  0.440874633297372       2.875110126287776E-003
  0.323833553113949       0.647449451027308      -4.956176345582720E-002
  4.216050448298511E-002  0.623921164825675      -3.496529764268685E-002
 -5.240080982444241E-002  0.511945991438206      -1.870501643054876E-002
 -0.175436122647267       0.519384605538525      -1.114563722057196E-002
 -0.175574080799614       0.544349314429577      -9.181182857663627E-003
 -0.321700043329522       0.480715428468451      -1.947980483699756E-002
 -0.267626330990658       0.489841096374256       2.247794692191604E-002
 -0.458529134630611       0.364426016864409       4.783444945342177E-002
 -0.405387840982298       0.351049707573003       4.660132297510786E-002
 -0.483227428267118       0.274520250087772       1.199819903396320E-002
 -0.505713997626387       0.152649400009346      -3.890197499054987E-002
 -0.473700310507736       0.138880227612905      -2.826397676781926E-002
 -0.521341105204484       7.938911852662425E-002  5.074617069334464E-003
 -0.591007921680072       1.496567129106355E-002 -1.296104011557514E-002
 -0.544525199783459      -5.160001695040823E-002  1.353479469782896E-002
 -0.547036636087418      -6.799314989806868E-002  1.925215138268781E-003
 -0.502025159052598      -0.182518866078922      -9.127829461354646E-003
 -0.501604513150754      -0.285667603846745      -1.245299054992230E-002
 -0.436035649139802      -0.297224643878197      -4.360221292830214E-004
 -0.442587814751992      -0.336296302831941      -3.126198048586425E-002
 -0.390052519591046      -0.385122157637578      -9.922588904118417E-003
 -0.351829716268110      -0.473489498603967       3.513207588481015E-003
 -0.207554425345845      -0.477797200180540      -2.935760233701824E-002
 -0.226913314471638      -0.441177354607448       6.107750305524968E-002
 -8.903803294156867E-002 -0.593531168307413       0.110391217401886     
 -1.832833487505956E-002 -0.555379765249209       3.445206609376959E-002
  0.111149177585462      -0.490014305432665       4.806040131760686E-002
  4.048410377524151E-004 -0.510005079881896       6.725705806347357E-002
  8.873519137719457E-002 -0.436908194999583       1.174210872808882E-002
  0.159572932252027      -0.439172176472235      -5.418259330732234E-002
  0.381918635882763      -0.333636377694270      -4.733351362020929E-002
  0.325374247688112      -0.352406077432716       7.220212731449403E-003
  0.284316519072241      -0.349809590060160       2.019830141226036E-002
  0.407357771213272      -0.328370254740974       7.943265883051831E-004
  0.446099586404435      -0.253090848398154      -2.432281599545226E-002
  0.472085498393399      -0.156779658988400       7.802818713509162E-003
  0.452928132889318      -0.128530668561944       1.523339939776623E-002
  0.459450735310435      -8.391448403427074E-002 -4.775468747046280E-003
  0.472809519720246      -2.815438605791342E-002 -5.439085664348818E-003
  0.582692866953486      -8.673705904167381E-002  1.062574446980331E-002
  0.535994127642682       0.241944357451383       3.261519231623901E-002
  0.427030453104443       0.225461546935347       5.286049383257949E-003
  0.469525468864998       0.166719746002267       4.986258798142353E-002
  0.351182610999971       0.232635714826541      -9.816978829416777E-003
  0.406722650118972       0.186168802203805       4.510353769409291E-002
  0.291434419199284       0.446779107613080      -1.394039292183602E-002
  0.200205026736809       0.395593682495290      -2.639264056887758E-002
  0.239438640724121       0.428210745375272       4.600582019061127E-002
  0.180805394410609       0.442002395712084       4.429677338932562E-002
  2.352193751877783E-002  0.423600753121823      -2.771720657642612E-002
  3.338273547181270E-002  0.518382740711110       1.706703973172292E-002
  1.441455345346838E-002  0.518574201808229       4.252533829752111E-002
 -0.103441374769445       0.499564137510065       4.712103896655881E-002
 -0.201461623979404       0.493069414819231       4.687956804707068E-002
 -0.271663190601972       0.493735133442298      -1.397649029764554E-002
 -0.269392897359023       0.510563596736296       4.204045358827446E-002
 -0.280525592001827       0.395504701871103       4.716805867947553E-002
 -0.357781901801267       0.385457240884175      -2.322131424058987E-002
 -0.402396114173464       0.351970707678715       1.565120374687719E-002
 -0.405795078906581       0.248796868125870       2.994051354379879E-003
 -0.514419407887437       0.182429113308963       2.857555365441886E-002
 -0.513858645739399       0.148305940734164       8.461410379656255E-003
 -0.523398010262207       0.105486272926202       1.909301384906180E-002
 -0.538397501608678       3.412760150090997E-002  4.743308748084495E-003
 -0.560905281373199      -5.441137513676415E-002  1.191644329735226E-002
 -0.558248825477649      -8.725552304164404E-002  2.041246190454534E-002
 -0.478432747372264      -0.157750812551598       2.413834461559126E-002
 -0.536671394750120      -0.239185273265338       4.119328582770823E-002
 -0.491077631316447      -0.314712695087693       3.041735471460230E-002
 -0.504010950021296      -0.284956097501486       2.128090150155281E-002
 -0.300670824326172      -0.320736721301086       2.100777127841227E-003
 -0.380381385755220      -0.446061053917945       3.819533446172519E-003
  0.613695896066509       0.297222203113586       5.605523258107309E-002
  0.498475848816986       1.554315248204584E-002  7.239292958390593E-002
 -4.845864998198517E-002 -0.544423590193617       2.111684341229130E-002
  1.777809840380751E-002 -0.514035788739362      -1.101691775264066E-002
  8.905631678171898E-002 -0.534134146854560      -2.200388646224021E-002
  6.577879935212406E-002 -0.468141746337197      -3.453908728175624E-002
  0.182132067712601      -0.475068747391706       4.191630135712484E-002
  0.181512538561418      -0.478669543782991       5.682413287653038E-002
  0.315085069086127      -0.440348577391967      -8.731186189304999E-003
 -0.101241851701447      -0.472737239267856       4.966135376679182E-002
  0.377967369479893      -0.359709720354548       2.751863936702272E-002
  0.474120823329553      -0.227073376334524       1.860831563279416E-002
  0.305033465590926      -0.109075390048272       5.971941084161009E-002
  0.511403378050095      -0.221900341185613       3.642726918272067E-002
  0.479723271178427      -0.127202142644952       2.007950734912605E-002
  0.584134150776485      -7.387464970750829E-002  2.625237763996200E-002
  0.479436429049222      -5.250128245665654E-002  2.886799219743209E-003
  0.505060395158198       5.951127291854360E-002 -0.111896647946628     
  0.379269461337730       0.120776450130067      -5.046928696999106E-003
  0.424229194921354       0.179066321086181       1.040890355685962E-002
  0.420226920452047       0.212314201223270       1.359211747185669E-002
  0.353444983415333       0.235949259239746      -1.945528495720825E-002
  0.330914582803259       0.346683866907720       1.105087932145921E-003
  0.321982421973685       0.365186703349795      -1.051218401131924E-002
  0.249935963423333       0.412118306345830       5.202900096004934E-002
  0.218039939218464       0.405215018571374      -5.588697959104569E-002
  0.206966218893123       0.457796114117654       4.090765849210855E-002
  2.369006479702390E-002  0.480424659762074      -1.471840969333073E-002
  0.508008942612902       3.196121358636919E-002 -0.104659283521182     
  4.257325709443426E-002  0.506632779270103      -8.263246852693537E-002
 -2.602264690432529E-002  0.537743994614579      -5.284469213233268E-002
 -5.074475832083388E-002  0.585151025184658      -5.316390657005842E-003
 -0.280631158566671       0.512820041507019       9.599416332331915E-003
 -0.266488409062659       0.440418681913927      -2.396222783653158E-002
 -0.292180847386015       0.475345983737351       4.593262899067007E-003
 -0.344419918605403       0.447950717603874       9.613788219327118E-002
 -0.464109679879851       0.265094431702221       1.685086226490703E-002
 -0.490492939625242       0.202776237532036       4.787318133069650E-002
 -0.438001192421952       0.280510436952787      -1.955646113604799E-002
 -0.519997233586458       0.183339480958994      -4.205173471374148E-002
 -0.506379016591075       5.303850439024262E-002 -6.075329319700954E-003
 -0.621872252325801      -6.319289335774882E-002  2.073569614666421E-002
 -0.554859485997367       2.175548281994271E-002  1.074248735421237E-002
 -0.565286824279127      -9.146696687135632E-002 -3.144192565335897E-002
 -0.554290468122295      -0.182617892046085       2.122299367865190E-002
 -0.488901842033052      -0.279134487319600      -9.524023481020477E-004
 -0.448426252021225      -0.289068509771022       9.916463586530836E-003
 -0.392296835584381      -0.334549542837108      -2.844927095615882E-002
 -0.406788561299591      -0.381016743697703      -3.629654330073807E-002
 -0.273385756744497      -0.413951212744663      -2.526959341982200E-002
 -0.204676279473754      -0.428076558084963      -4.595242374789218E-002
 -0.251240900523666      -0.493447229511077      -5.987356517710899E-002
 -0.103788720201082      -0.570227841617114      -8.927585760412757E-003
 -2.257563120165745E-002 -0.564116568296297       6.309688244601677E-002
  2.611799611420654E-002 -0.493476866022048       8.897005946978960E-002
  0.112618788819511      -0.539882147088228       0.105297904447346     
  0.119281573067679      -0.449148098161589      -5.998697870282464E-002
 -0.122401265488433      -0.342264207521609       6.532972078017181E-002
  0.146550836803818      -0.329931801834781       1.410115635444810E-002
  0.291561913108372      -0.416401824806500      -5.038030532629247E-002
  0.307004006078941      -0.328157083520557       2.901272391481977E-002
  0.418113462589162      -0.329275447248276       2.787267913405811E-003
  0.472594629440613      -0.222737986961753       5.119795406098888E-002
  0.505709979351145      -0.161935623429181       3.375709480998470E-002
  0.438365409553419      -0.110408434949793       2.308682470165520E-002
  0.543652331689422      -7.267780466635967E-002  8.526053873249699E-002
  0.531128385450193      -6.740545580019677E-003  1.653464593788986E-002
  0.528438716232892       5.653287208987730E-002  7.788386664602957E-002
  0.521821337360293       0.119513022402147       5.505320567741262E-003
  0.391369428630986       0.187994144379916       3.531516647050868E-002
  0.418843707470439       0.202391239379574       5.419045801753227E-002
  0.341507298801291       0.226898741378131      -1.396384355816369E-002
  0.344125629665336       0.340447194847420      -1.696024517491144E-002
  0.360093074922422       0.406357640330833      -2.244709802163743E-002
  0.318014349028311       0.377825517448945      -4.319842975003509E-002
  0.194726321902151       0.377600755552347      -2.547977006451384E-002
  0.200149641587230       0.453875546408470       5.474752430524205E-002
  0.105637674901338       0.454853364568416       6.673962780231873E-003
  2.144993683663810E-002  0.508126937641479      -2.351800948619938E-003
 -6.463073281784542E-003  0.487679655953680       1.066337336038653E-002
 -5.187079448582795E-002  0.482068532960861      -6.018231621750911E-002
 -0.202725819228434       0.545228469571652      -0.122622837695061     
 -0.189706402859846       0.506756456009612       6.739972379694940E-002
 -0.275211427242572       0.446376517808625       0.136196712667007     
 -0.345438997775085       0.457301490299162       4.935280279791492E-002
 -0.350843248039522       0.391644208954709       2.513123626986126E-002
 -0.398793132257730       0.355486220389745       3.115478145755581E-002
 -0.432909064382760       0.278436796463838       4.872265066004933E-002
 -0.469238868954627       0.162492250483520       1.763702445799360E-002
  0.498938835952012       3.149367387811739E-002  0.178162569658531     
 -0.502029800877330       8.562695340015639E-002 -4.125759680179216E-002
 -0.526505181542659       4.185842595634990E-002 -2.998858285384073E-002
 -0.545853595340936      -0.229778346225498      -2.511488645026407E-002
 -0.515964537183458      -9.623955581873925E-002 -3.654369676452080E-003
 -0.509861248319775      -0.154670990744811      -4.424255060649397E-002
 -0.501231124501642      -0.260480386522879      -1.517740139012736E-002
 -0.437149028058075      -0.292935685451557       2.386019825225162E-002
 -0.393580340516090      -0.333652896770601       1.628286125287637E-002
 -0.383485032345949      -0.433207834023907       5.889116881289625E-004
 -0.346006246170478      -0.438034060564144      -7.132691051083649E-003
 -0.224464055938359      -0.537945412649781       1.097286146044421E-002
 -0.253142473184647      -0.455966390078732       4.321157597066673E-002
 -7.718749787684702E-002 -0.550150236600682      -0.143355619993404     
 -2.491549734915990E-002 -0.522836312012691       5.449413512467459E-002
  6.680007485871850E-002 -0.478902684418523       7.619235094383329E-003
 -2.701091121508252E-004 -0.490659490156194      -4.173514941076763E-002
  0.153367466537660      -0.437840076489205       7.426241936374993E-002
  0.185136164172007      -0.413741547072151      -7.406393252450894E-002
  0.296045368820386      -0.407521951722011      -2.828935273009351E-002
  0.325486295295263      -0.390712107402274      -1.141855746137137E-002
  0.346804842503350      -0.337746274761705       9.661117436626407E-003
  0.360269572966946      -0.364667504856057      -3.361536300690133E-002
  0.462079884156245      -0.267489354289944       5.725187630943760E-002
  0.473410615833533      -0.167253620388610      -2.658444674345224E-002
  0.470520112210760      -0.139806819631436       1.533257472421007E-002
  0.514847819006090      -8.255122765805475E-002  7.640217554124337E-002
  0.515014004366125       5.725105519795694E-002  3.991126019952819E-002
  0.649495438764267       1.142637164743625E-002 -1.982139865151020E-002
  0.541179090591276       9.965581539150893E-002  2.316795592969555E-002
  0.394414726078833       0.129175984249201       0.108321825202934     
  0.412080875321835       0.182336074124277       5.671121670965308E-002
  0.346547438832006       0.236927095258781      -2.071235079770834E-002
  0.369582825105335       0.269902716172734       1.685185582820106E-003
  0.329902193556243       0.338262795677604      -4.157895829492407E-002
  0.305628811432993       0.428153148447231       6.895972331352122E-002
  0.217934522868175       0.490138267157328      -5.471662657582864E-002
  0.171370227200789       0.460975898341795       0.245145966422575     
  0.116414337094863       0.435098777446478       7.761466172310008E-002
  1.170810618858130E-002  0.486647795169715      -3.869697552938601E-002
  4.207945244120105E-002  0.500707186092137      -8.687988553712389E-002
 -2.284610172594339E-002  0.488756879156599       4.522977351233313E-002
 -0.218578547246623       0.527933308901176      -8.014885701452046E-002
 -0.236421278335036       0.533050089838206       1.856794276987968E-002
 -0.212731468164353       0.441998312492646      -1.271864778952956E-003
 -0.335377332824826       0.447456977806023      -8.658862402112028E-003
  0.296812407779389       0.666695647014176       2.668931926751757E-002
 -0.425466496414127       0.307368954077470      -1.121704823761729E-002
 -0.456580606682865       0.242934742185670       3.820086198232777E-002
 -0.488822661601207       0.206177016730162       3.738508439000875E-002
 -0.501991880698098       0.160871311100396      -6.829767660091883E-004
 -0.509943302276305       8.413453339013315E-002 -7.593307391420971E-003
 -0.516699632283721       4.827098934612620E-002  2.005330588825885E-002
 -0.558397230761905      -5.488749283828630E-002  1.755866898408020E-002
 -0.502392807499298      -4.653780053668011E-002 -5.758516932576920E-002
 -0.520247496706583      -0.204316846913732      -4.788615191928416E-002
 -0.482586245443966      -0.269141379819083       1.947355651569638E-002
 -0.452311348529161      -0.296703318126451       7.821203023946920E-003
 -0.342921319367243      -0.315203316673286       7.165936582033886E-002
 -0.366059855382939      -0.453348610908911       3.812461755753075E-002
 -0.305812930299293      -0.496722983735942       4.220090596494987E-002
 -0.217936109728594      -0.454154787015251       5.738560386053116E-002
 -0.210317781893790      -0.456506237186309      -0.110177559993230     
 -9.713781082967460E-002 -0.518283316325038       8.879463644255291E-002
 -2.122413481944285E-002 -0.550817238837336       0.109367445962309     
  3.738861944906082E-002 -0.489095704619027       0.133709073951053     
  3.839205541000402E-002 -0.474171660005595       0.176521097776693     
  0.154262968501313      -0.463182251438032      -0.168927971044909     
  6.644335283364806E-002 -0.560163212737592       0.113762968804465     
  0.251957251387333      -0.406063177364030       4.592801574168517E-002
  0.250822762631623      -0.423621632667773      -7.814373684382003E-002
  0.317873902556137      -0.334490520325870      -3.892070226491761E-003
  0.420137760896763      -0.322057496857012      -5.989187241828862E-002
  0.464626171077473      -0.275595518968353      -3.415925144768561E-002
  0.469180977980538      -7.115594530355242E-002  2.105731073990141E-002
  0.456625851240296      -0.114985446816308       2.236720737565442E-002
  0.525636962973859      -7.724773733533230E-002 -4.157819306055421E-002
  0.448640439615514      -3.239893889468204E-002  2.069975963773896E-002
