  0.441665850522258       3.715616037619678E-002 -5.054125499872377E-003
  0.451908394260524       9.763711713556938E-002 -1.508266992129814E-002
  0.486223343776889       0.163616689546308      -2.487335162811346E-002
  0.330406278474015       0.261282358118790      -3.427176572113397E-002
 -0.151615407363333       3.835525299891004E-002 -4.312969359577076E-002
  0.332461065167430       0.256590943988594      -5.130744043797323E-002
  0.332224755697266       0.411541025911288      -5.867603829488885E-002
  0.256961572362426       0.403891543823462      -6.511927997652842E-002
  0.231523478482797       0.462468550933107      -7.053555171256558E-002
  0.490353629398129       5.141807704450527E-002  1.593717681025275E-003
  6.776146658718152E-002  0.441411348965531      -7.796305700452838E-002
  3.836558939733574E-002  0.489762803048217      -7.985715436502286E-002
 -4.441008251565466E-002  0.496336115478287      -8.049185669683015E-002
 -0.155445738755150       0.536671987994022      -7.985715436502307E-002
 -0.283843940759876       0.434346726334154      -7.796305700452866E-002
 -0.352757087272866       0.592391980328493      -7.483943566219955E-002
 -0.306339995565097       0.472710186450778      -7.053555171256558E-002
 -0.516972117718610       0.314491064473259      -6.511927997652819E-002
 -0.356493042782147       0.384014374930014      -5.867603829488906E-002
 -0.462938280476265       0.288506827180693      -5.130744043797326E-002
 -0.315959659999625       0.315974167331395      -4.312969359577105E-002
 -0.467736918265617       0.253184797719712      -3.427176572113353E-002
  -1.04331028661062       0.438267354948037      -2.487335162811233E-002
 -0.542097232634320      -2.105272842517526E-002 -1.508266992129779E-002
 -0.632181464398686       0.105617507963209      -5.054125499873309E-003
 -0.613374367510663      -8.821051342047981E-002  5.054125499872747E-003
 -0.535271277677451      -0.155478822007269       1.508266992129870E-002
 -0.549675185612570      -0.178124286704507       2.487335162811306E-002
  0.478173421371521       6.037979914666188E-002  8.161265032763451E-003
 -0.461130248710227      -0.269672712388434       4.312969359577050E-002
 -0.431955368611080      -0.283365446193965       5.130744043797365E-002
 -0.356765446433162      -0.461707704830956       5.867603829488888E-002
  0.508247307749899       0.121741107721931       7.508709354497042E-003
 -0.233766516733561      -0.457871230301422       7.053555171256504E-002
 -0.219587612096000      -0.429018830229217       7.483943566219910E-002
 -0.104358268690632      -0.573898711964883       7.796305700452870E-002
 -0.115353544950029      -0.520652123602331       7.985715436502240E-002
 -2.633312796116788E-002 -0.514203463474895       8.049185669682922E-002
  0.485513452971873       9.661260360634079E-002  2.280094764134204E-002
  0.135323067205732      -0.473504207889150       7.796305700452841E-002
  0.478523803261617      -0.484996133190782       7.483943566219871E-002
  0.456181087390884      -0.435217346217692       7.053555171256584E-002
  0.106539968184052      -0.428249634729117       6.511927997652818E-002
  0.407832197991625      -0.439885518544052       5.867603829488890E-002
  0.437475443054972       0.205586507600533       3.424846353528109E-002
  0.366420420976738      -0.314077261149344       4.312969359577010E-002
  0.371652322976100      -0.254260216127852       3.427176572113427E-002
  0.460402065131601      -0.173132082924756       2.487335162811290E-002
  0.411213380422567      -9.220606070930643E-002  1.508266992129770E-002
  0.480385374117843      -3.196188199494424E-002  5.054125499873328E-003
  0.184634217538375      -0.512303283400769       8.318696779715702E-004
  0.429226693053035       0.103504480425139       3.802229532619611E-003
  0.471222423535113       0.158242309348893       6.146147099659471E-003
  0.429193037792244       0.171960637967444       7.968368215010192E-003
  0.386906827474529       0.260261427148445       9.183451258980407E-003
  0.322002460716571       0.344290516221993       9.746267728549720E-003
  0.334512360930465       0.358449133168161       9.662598106485570E-003
  0.220583765863509       0.404540875620611       8.985692650423142E-003
  0.255034154533583       0.407312964475698       7.804387160851575E-003
  0.212600644963289       0.464481255439414       6.230051937462087E-003
  6.906565697663096E-002  0.443881923615886       4.384659683608709E-003
 -0.280915878946343       0.311159698577750       2.391114925615276E-003
  7.139403662404213E-002  0.450850289859103       3.663522133133759E-004
 -7.730918270670935E-002  0.496310716511570      -1.582877184704005E-003
  0.165488141764037       0.435337546059251      -3.362002859222348E-003
 -0.247157068036874       0.501608577681032      -4.889139073695157E-003
 -0.342885947321699       0.485494602038387      -6.094956787677358E-003
 -0.317264330639585       0.351042359273717      -6.922813141458877E-003
 -0.384101458844750       0.371226638391369      -7.329906525840871E-003
  0.164273634671763      -0.237213556190666      -7.289912345226963E-003
 -0.538337854499081       0.414046072619145      -6.797043308492793E-003
 -0.470538559770399       0.229251327390223      -5.870868593423949E-003
 -0.597258734455465       0.141252489729859      -4.560996296831839E-003
 -0.612407236319963       0.119788012363685      -2.950512151787509E-003
 -0.532043991528281       5.017389031727486E-002 -1.226314089348241E-003
 -0.569084518089291      -5.791785835867064E-002  9.659707677996640E-004
 -0.598939993480342      -0.147030157083937       2.738427987576690E-003
 -0.560609816123796      -0.176361503580366       4.397960254589902E-003
 -0.476921457896191      -0.145686366169362       5.764132924722569E-003
 -0.668500720368653      -0.283272279781429       6.753373387776626E-003
 -0.455672378866680      -0.333433083201422       7.306135271694202E-003
 -0.381576053534280      -0.427583874553012       7.394154946626350E-003
 -0.302334163946283      -0.443504144123705       7.016214800261546E-003
 -7.699474700560058E-002 -4.503603652542082E-002  6.195084508835824E-003
  6.860184496926279E-002 -0.556180791594730       4.973561546158693E-003
 -0.111294699236084      -0.501255460639440       3.411538794498497E-003
 -2.378634507489427E-002 -0.529345816183305       1.584195974104324E-003
  6.826632948506817E-002 -0.468267371533872      -4.190605593489552E-004
  0.107923209279097      -0.474906189934627      -2.495561443281138E-003
  0.113076850509230      -0.464722912354350      -4.531002701121166E-003
  0.126168134461432      -0.417594769484632      -6.402468522175447E-003
  0.298132415527045      -0.414937217243193      -7.983440970708893E-003
  0.231875367434018      -0.331959779994101      -9.151155890401544E-003
  0.253064200270888      -0.311689537693165      -9.796308649399533E-003
  0.508008942612902       3.196121358636919E-002  0.127446491000991     
  0.378924003374744      -0.232825135715079      -9.218713069927852E-003
  0.384260101242515      -0.250047638253002      -7.948691837081334E-003
  0.444118229881195      -0.177837173820027      -6.075732359778437E-003
  0.438572360672423      -9.680077405155407E-002 -3.684178400391966E-003
  0.484494677656430      -3.466667765716940E-002 -6.929153733955083E-004
  0.469808291020162       3.613874901507486E-002 -1.180084301719984E-002
  0.474202772206519       9.740068015572606E-002 -2.992320623268296E-002
  0.458800865713132       0.181857965632603      -3.469733862350299E-002
  0.417319556074740       0.181499186794189      -3.513432104028912E-002
  0.402705725769583       0.274548653068023      -3.495806453084613E-002
  0.348524051136006       0.333425069493001      -3.476165665475445E-002
  0.350915972527434       0.500864320542780      -3.459100794177909E-002
  0.209767990413724       0.412230017042253      -3.448352515189559E-002
  0.224221343498573       0.407887742377509      -3.448298315929955E-002
  0.202997149082113       0.448254266310139      -3.538740621935690E-002
  4.309527853180058E-002  0.526896237175069      -4.440111565661227E-002
  0.147268353758022       0.457992247129217      -5.135456530467013E-002
  0.101192039921193       0.532537588984037      -4.622899015391652E-002
 -3.446225655560225E-002  0.500315363708718      -3.731908264656381E-002
 -0.204260177994326       0.527873713993026      -5.052171320994224E-002
 -0.191712712665694       0.546409265166338      -6.679621214387506E-002
 -0.265087503580826       0.441549948443536      -7.018480543835423E-002
 -0.315212997116545       0.475019053590878      -7.227589143520485E-002
 -0.435466715996879       0.370351456450026      -7.408911407020945E-002
 -0.507005882221642       0.302617075009423      -7.496897124234816E-002
 -0.508795777696970       3.453160807968533E-002 -7.331782257398686E-002
 -0.481555784395473       0.205406526208132      -6.594490639968044E-002
 -0.460628102933421       0.147609634827150      -4.641573552893648E-002
 -0.604362162924465       0.138099324918213      -1.913163284568573E-002
 -0.525029815681267       3.890260407858634E-002 -4.300026651425470E-004
 -0.592317458017911      -4.652956584525490E-002  1.827705563168131E-003
 -0.639960686178645      -0.204565940236809       1.958551281566749E-002
 -0.525286776280682      -0.212008287672471       4.606586417104117E-002
 -0.447479407804630      -0.361347110686874       6.361199679834630E-002
 -0.501279220641661      -5.163119207861294E-002  7.156394349588864E-002
 -0.451942378397018      -0.331179770095486       7.384679502663960E-002
 -0.368093459849852      -0.462688872567601       7.353367893994894E-002
 -0.363086781610737      -0.458111305990095       7.240680737736398E-002
 -0.234869184567381      -0.508099484906316       7.144581226203592E-002
 -0.208040086817121      -0.473355955508489       7.062373148504685E-002
 -0.103199765307375      -0.600748669025232       5.819252211301212E-002
 -2.481303674314529E-002 -0.539426836403429       3.968324294349506E-002
  9.871751627771277E-002 -0.498970367490447       4.647865252438095E-002
  3.659385634630184E-002 -0.484988256742570       4.936836261736198E-002
  0.106828059149460      -0.428557693675977       4.187405673003517E-002
  0.179940804012206      -0.438057859860655       3.411069468666743E-002
  0.262897577957786      -0.419375163217831       3.429815971352956E-002
  0.289159188685516      -0.411316492515833       3.508183452566913E-002
  0.299545180908798      -0.275186129103278       3.562975835957553E-002
  0.405224870265819      -0.340592258171186       3.592108166250779E-002
  0.389931518458265      -0.245708249291233       3.593330441624611E-002
  0.471584238729012      -0.169280031778358       3.587386922203692E-002
  0.469642047086633      -0.170785149228533       3.419237142280238E-002
  0.453005576356378      -9.882177513320758E-002  2.917176493308016E-002
  0.391405611217071      -0.132969747814881       1.170028824045398E-002
  0.506336520486733       2.333526799099268E-002 -6.129212808904804E-003
  0.404793436924569       1.945389507146164E-002  6.625246154473365E-003
  0.464792020507344       0.152176485523761       1.027387022910240E-002
  0.481936141347873       0.179971525902565       1.261075368036732E-002
  0.338653725336563       0.238045316885757       1.451454701953602E-002
  0.343611621066197       0.310507408790434       1.677158443255829E-002
  0.307679767254895       0.396294509483536       2.039996652513710E-002
  0.311483339901855       0.374065408931763       2.442438151614759E-002
  0.493129889334497       3.917019419215129E-002  2.699772393159395E-002
  0.178898753554178       0.448160281665072       1.775695702656279E-002
  3.606503007187992E-002  0.509005603955150      -8.029332773653206E-003
  6.709345171847245E-002  0.431551653186519      -2.625706476071914E-002
  0.100490625688063       0.638981941277230      -2.772432233191703E-002
  5.694954667893072E-002  0.473560304914467      -3.189725943666585E-002
 -9.155576886117982E-002  0.570060711127505      -2.811133926052668E-002
 -0.266487190061342       0.517447252897871       3.286541418827782E-003
 -0.358749765617778       0.424543957390776       2.301497729737952E-002
 -0.282103557104898       0.490847056860424       3.110459869323819E-002
 -0.403736604013929       0.361890014254533       3.871552755435786E-002
 -0.196022099402641       0.464629977290893       5.103184940359645E-002
 -0.467787557872362       0.272505573288434       6.600677495380344E-002
 -0.490682281393533       0.249419302221034       6.869187550449435E-002
 -0.374750518410020       0.120487216894232       4.790451156732210E-002
 -0.565217093178746       9.656842645846767E-002  1.170061175959091E-002
 -0.574491375135478       2.715010470937249E-002 -5.588995289077028E-003
 -0.564219365558550      -7.003640508868557E-002  6.146110368234618E-003
 -0.535797874558785      -9.280010309721265E-002 -9.766774885598101E-003
 -0.511622248879770      -0.195347286280703      -4.551428470056055E-002
 -0.318664531092535      -0.402132872527562      -6.476578638022347E-002
 -0.468907462503163      -0.301026490016556      -6.251732118989871E-002
 -0.395830118191402      -0.353744566921738      -4.829265859942430E-002
 -0.386038515377794      -0.456840725052565      -3.683917827119881E-002
 -0.330104056638415      -0.368471759279434      -2.991525960753547E-002
 -0.223949333094507      -0.476885960394406      -2.217388765391778E-002
 -0.134460697982805      -0.565748015165597      -2.110794076879382E-003
 -0.184568809424142      -0.514313840442414       3.029633594844879E-002
 -2.704741194550071E-003 -0.511540564956140       3.175009736678701E-002
  0.127091557583085      -0.553675881275744       2.597873756679995E-002
  8.711627100542517E-002 -0.501607556093446       2.353192707696731E-002
  5.900853630957258E-002 -0.474840637100951       7.204768895865756E-003
  0.200454941177603      -0.474200179403526      -1.545673266746613E-002
  0.194615769979810      -0.410515347344874      -2.447103253272899E-002
  0.191112040923314      -0.388741951783626      -2.335775827189968E-002
  0.348809882483594      -0.350151192321499      -2.065217082212519E-002
  0.415423365523286      -0.272499854540616      -1.768343712348117E-002
  0.454853913440172      -0.247716040684791      -1.536043006567557E-002
  0.515740814677922      -0.132648327879378      -1.300845472378013E-002
  0.474945392770972      -0.165151376010862      -9.286331454491826E-003
  0.452829188647134      -0.107689516824159      -5.790382054414714E-003
  0.468312703876695      -2.720798906332773E-002  6.556148511594992E-003
  0.482316483051193       1.135491201440797E-003 -3.340457624058454E-002
  0.493776503347057       2.436145654099332E-002  0.102122996224747     
  0.462706807753453       0.152005018608719      -2.453104063816235E-004
  0.508829456105347       0.184133881045467       8.640274242661153E-003
  0.391957756362805       0.272122231469399      -6.535323202975108E-003
  0.368430191367947       0.270048767398602      -2.245536624417555E-002
  0.326029476565468       0.394358696470383      -2.238287040454917E-002
  0.331868963625686       0.387855383811258      -3.995275122792571E-002
  0.258990776873940       0.403718863436450       2.635976292762194E-002
  0.178750556243683       0.459122919954931       3.029535508070829E-002
  0.177525048450426       0.465298373540315      -1.759571378755504E-002
  8.649095048707841E-003  0.499350311531568      -3.042660780381851E-002
  8.270446868371910E-002  0.477948008361369      -1.253358000090550E-002
 -9.710818242104008E-002  0.501751869006843      -8.946874852615945E-003
 -2.474213634672446E-002  0.490824873896502       3.442236070607909E-004
 -0.210714549033109       0.508212580243305      -1.560176830543112E-002
 -0.258208834910466       0.442597933829881      -1.398371650168276E-003
 -0.345182352709009       0.488455670960993      -3.163244924445195E-002
 -0.339190034940555       0.411000696733155      -3.634693754068494E-002
 -0.438718201541352       0.289597264558813      -2.454124709819527E-002
  0.438707968869155       0.197450503305738       0.100950988639819     
 -0.495389309791465       0.255989430626047      -5.582408167632408E-002
 -0.534928147068450       0.175817128670392       2.627033255350812E-002
 -0.571091968270318       0.128682419153500       2.573884468665108E-002
 -0.569804398846413       2.414035858537428E-002  1.507344358593590E-002
 -0.557909557680350      -6.056725542562265E-002  4.073467986814226E-003
 -0.585368693896701      -8.725772512987776E-002  2.691289234084961E-002
 -0.501771146975409      -0.151385112712037       7.662740632529684E-003
 -0.548072090157182      -0.170887285310159       6.073758614614958E-002
 -0.458763454690775      -0.322913686342104       3.453896098297431E-002
 -0.400388176332624      -0.356278971631748       2.656195319839399E-002
 -0.365583260556372      -0.198156611805060       3.772687392027830E-002
 -0.352140611031591      -0.430628757221874       3.632081960914767E-002
 -0.241300244583416      -0.454315228941669       1.092040188379187E-002
 -0.168472199873213      -0.548144270712058      -8.627415050992891E-002
 -0.109263371245289      -0.509274587129381       1.118451402984889E-002
 -7.016601392709024E-002 -0.516814147026688       8.588019508359497E-003
  8.651438232982951E-002 -0.462906066420445       7.619440341289307E-003
  1.347913072399611E-002 -0.507021959919822       1.888168512757473E-002
  5.690247085920959E-002 -0.447371510508093       3.462211440325056E-003
  0.155992407611175      -0.414266410752349      -1.232495200638520E-002
  0.242014618947212      -0.414886187693526       8.350614649044009E-003
  0.302084372808503      -0.412741422819297       5.538299612859231E-002
  0.185843146627277      -0.393961852510434       3.783148586317286E-002
  0.425022100118339      -0.227796705332011       3.665798658306980E-002
  0.441277007522502      -0.230942165888633       1.597095016208140E-002
  0.431585294142178      -0.219889605712618      -6.346754436479182E-003
  0.464408214352031      -0.140325322235974      -2.344364553725242E-004
  0.431654148181876      -0.112152397251272      -2.128765323404859E-002
  0.202502091782951      -7.610332630541587E-002  1.448603619290068E-002
  0.450587895193995       6.482032387715134E-002 -2.522474674112526E-002
  0.454092259231337       0.130594545855052       1.554290523273739E-002
  0.406335885539028       0.217286544426775       1.154788177878181E-002
  0.392503341255201       0.194838393127403       5.913501742800943E-003
  0.406759892263802       0.203678385645696       1.531815700082664E-002
  0.394042973522827       0.375585618774131      -1.334674812552971E-002
  0.309195004149606       0.449909204490206      -3.878431349578459E-002
  0.235561574324748       0.391190149580753       1.066569357911603E-002
  0.236919123917114       0.474324228962237       4.264840353368517E-002
  0.120946987547437       0.456230736440891       9.633204275098872E-002
  4.890729051850062E-002  0.447081658705666       2.875110126287776E-003
  0.328630573256068       0.647859907302438      -4.956176345582720E-002
  3.876279275898472E-002  0.629316012871540      -3.496529764268685E-002
 -5.921343229698865E-002  0.507324536308951      -1.870501643054876E-002
 -0.150235037088577       0.523995756048076      -1.114563722057196E-002
 -0.186306986481325       0.557108399614680      -9.181182857663627E-003
 -0.325329523810441       0.465062426971876      -1.947980483699756E-002
 -0.307405474167828       0.469527611530150       2.247794692191604E-002
 -0.438343530396012       0.359556608003533       4.783444945342177E-002
 -0.401594083004341       0.364594219522810       4.660132297510786E-002
 -0.468240200960079       0.270743816469975       1.199819903396320E-002
 -0.504719978076307       0.159678514478715      -3.890197499054987E-002
 -0.457281276002526       0.143848496639484      -2.826397676781926E-002
 -0.523460191998368       7.946935414222241E-002  5.074617069334464E-003
 -0.568717000692487       2.288038768356323E-002 -1.296104011557514E-002
 -0.533778342783046      -4.849010986569468E-002  1.353479469782896E-002
 -0.539599694369047      -7.212476303770990E-002  1.925215138268781E-003
 -0.500531732031040      -0.180089164864292      -9.127829461354646E-003
 -0.491412613876320      -0.273208876588148      -1.245299054992230E-002
 -0.444326670841439      -0.292759805057990      -4.360221292830214E-004
 -0.438546304035256      -0.343265196633247      -3.126198048586425E-002
 -0.384198361530356      -0.373920526135392      -9.922588904118417E-003
 -0.345354885238751      -0.468060990885229       3.513207588481015E-003
 -0.201940527203774      -0.478599867494356      -2.935760233701824E-002
 -0.215603068675836      -0.424952169618334       6.107750305524968E-002
 -0.112218762232579      -0.585874234954949       0.110391217401886     
 -5.641150182708532E-002 -0.554340159842971       3.445206609376959E-002
  0.112354934306883      -0.504838639744781       4.806040131760686E-002
  6.727155005904074E-003 -0.494093479962249       6.725705806347357E-002
  7.696626469509160E-002 -0.449574726785941       1.174210872808882E-002
  0.165693980635465      -0.441733090370347      -5.418259330732234E-002
  0.379948865448064      -0.347436614737552      -4.733351362020929E-002
  0.324165184572447      -0.395311661021464       7.220212731449403E-003
  0.284399679354010      -0.353214877489189       2.019830141226036E-002
  0.407687687017243      -0.326878721000127       7.943265883051831E-004
  0.437319432955817      -0.256340232884944      -2.432281599545226E-002
  0.478834806331089      -0.168991308803765       7.802818713509162E-003
  0.461197137959613      -0.122612942130240       1.523339939776623E-002
  0.461094724888703      -7.990718539692178E-002 -4.775468747046280E-003
  0.474619154319715      -2.756396878791872E-002 -5.439085664348818E-003
  0.579283857653321      -9.514351276850565E-002  1.062574446980331E-002
  0.548400309826998       0.238101682687278       3.261519231623901E-002
  0.452166770252416       0.214732691440627       5.286049383257949E-003
  0.484711012229742       0.163145260154916       4.986258798142353E-002
  0.373847539340093       0.247823004406214      -9.816978829416777E-003
  0.414123202537274       0.219744554879250       4.510353769409291E-002
  0.294599289215177       0.444054910536243      -1.394039292183602E-002
  0.208627841563620       0.388591947603464      -2.639264056887758E-002
  0.242258127764993       0.429918583830568       4.600582019061127E-002
  0.178248472337555       0.448043276784495       4.429677338932562E-002
  3.969309741534674E-002  0.417233269396312      -2.771720657642612E-002
  3.181085613260377E-002  0.508456719399810       1.706703973172292E-002
  6.245694591342239E-003  0.514634083061111       4.252533829752111E-002
 -9.840328355575539E-002  0.499657262745538       4.712103896655881E-002
 -0.181573965547313       0.488422462562530       4.687956804707068E-002
 -0.253016702959565       0.491460625489816      -1.397649029764554E-002
 -0.248329788941006       0.516494572281563       4.204045358827446E-002
 -0.266837328436505       0.402856943408709       4.716805867947553E-002
 -0.347433839958194       0.375608906279125      -2.322131424058987E-002
 -0.398403269178546       0.365208942490058       1.565120374687719E-002
 -0.396360691344800       0.252325493484093       2.994051354379879E-003
 -0.520145805882360       0.185323136333092       2.857555365441886E-002
 -0.495302675943731       0.154428704558800       8.461410379656255E-003
 -0.522171051250093       0.105969819193248       1.909301384906180E-002
 -0.534423098962885       2.890212536933556E-002  4.743308748084495E-003
 -0.559598065892270      -6.071596887099325E-002  1.191644329735226E-002
 -0.537091096108422      -8.924586738132795E-002  2.041246190454534E-002
 -0.480099577255545      -0.157097348443590       2.413834461559126E-002
 -0.529033379755818      -0.236550180493029       4.119328582770823E-002
 -0.474094587758459      -0.301784517013832       3.041735471460230E-002
 -0.497404148202687      -0.274936332353511       2.128090150155281E-002
 -0.297950243653003      -0.317860148198755       2.100777127841227E-003
 -0.367218268911128      -0.422403725929742       3.819533446172519E-003
  0.623068658619915       0.293552658512225       5.605523258107309E-002
  0.481431338981077       2.968539497606837E-002  7.239292958390593E-002
 -5.853592153712461E-002 -0.516752445396932       2.111684341229130E-002
 -2.599447011075872E-003 -0.525512889160455      -1.101691775264066E-002
  7.278104908642540E-002 -0.537992670683499      -2.200388646224021E-002
  7.900794521396215E-002 -0.479988913117705      -3.453908728175624E-002
  0.174588647776417      -0.498997877545515       4.191630135712484E-002
  0.178686061006185      -0.492224529872266       5.682413287653038E-002
  0.294320418760851      -0.427583405473545      -8.731186189304999E-003
 -9.660772333015524E-002 -0.465593990953233       4.966135376679182E-002
  0.353654369105061      -0.355594845220963       2.751863936702272E-002
  0.474384023423038      -0.225660852040580       1.860831563279416E-002
  0.312317068858515      -9.537510108743806E-002  5.971941084161009E-002
  0.472956041039056      -0.234784747088390       3.642726918272067E-002
  0.469441605779375      -0.144358488424237       2.007950734912605E-002
  0.442806173292483      -0.105971623832200       2.625237763996200E-002
  0.479589398818644      -5.187812618359380E-002  2.886799219743209E-003
  0.508464653785919       1.444553264071319E-002 -0.111896647946628     
  0.396642220917039       0.142492820654749      -5.046928696999106E-003
  0.427950584129269       0.172141711536362       1.040890355685962E-002
  0.417576426155638       0.201515106663992       1.359211747185669E-002
  0.387938963047746       0.240554263862647      -1.945528495720825E-002
  0.338002691566412       0.330215119563578       1.105087932145921E-003
  0.328653423761093       0.352973239958461      -1.051218401131924E-002
  0.262609462576623       0.392041628086379       5.202900096004934E-002
  0.215820609609395       0.409215768053764      -5.588697959104569E-002
  0.190964954229268       0.481203900424577       4.090765849210855E-002
  3.779993047095400E-002  0.461013207710944      -1.471840969333073E-002
 -0.123039719417863       0.741962204474722      -5.001203487529707E-002
  4.350079801275367E-002  0.511129192679109      -8.263246852693537E-002
 -3.023795845334835E-002  0.485304607153697      -5.284469213233268E-002
 -8.640855107511519E-002  0.565881728251357      -5.316390657005842E-003
 -0.258352932867975       0.488611001978711       9.599416332331915E-003
 -0.291207059066472       0.446906111813607      -2.396222783653158E-002
 -0.317284637628100       0.446517093893303       4.593262899067007E-003
 -0.344662813044002       0.427104067230883       9.613788219327118E-002
 -0.446913958803631       0.271195492657831       1.685086226490703E-002
 -0.485830802065825       0.212179390024280       4.787318133069650E-002
 -0.440790447554201       0.314684236321734      -1.955646113604799E-002
 -0.516764683845182       0.186836094023437      -4.205173471374148E-002
 -0.505175686100876       6.120716966595277E-002 -6.075329319700954E-003
 -0.619693066523741      -5.569538388694819E-002  2.073569614666421E-002
 -0.551895298839224       1.642632774135722E-002  1.074248735421237E-002
 -0.561070075470372      -9.122212360259413E-002 -3.144192565335897E-002
 -0.555955270130515      -0.167462682156933       2.122299367865190E-002
 -0.492010772570248      -0.267457428554601      -9.524023481020477E-004
 -0.429028360890715      -0.287995967748954       9.916463586530836E-003
 -0.402791298150784      -0.347467148985572      -2.844927095615882E-002
 -0.402325146186105      -0.388312493562001      -3.629654330073807E-002
 -0.268594130908491      -0.401588758474382      -2.526959341982200E-002
 -0.208484966273779      -0.439524942486771      -4.595242374789218E-002
 -0.257948567476759      -0.483847630464959      -5.987356517710899E-002
 -0.108820831683274      -0.555750137625089      -8.927585760412757E-003
 -5.172067780230736E-002 -0.548503556449012       6.309688244601677E-002
  3.073416164173134E-002 -0.502216526953480       8.897005946978960E-002
  9.715867432630000E-002 -0.549085450411817       0.105297904447346     
  0.126162016973841      -0.451617482680912      -5.998697870282464E-002
 -0.125453096694442      -0.376346926000974       6.532972078017181E-002
  0.165995682010513      -0.345593498908168       1.410115635444810E-002
  0.299921917458770      -0.417765055904398      -5.038030532629247E-002
  0.312330801904371      -0.330855523955602       2.901272391481977E-002
  0.405531787955502      -0.319619991109107       2.787267913405811E-003
  0.474208895967993      -0.234598995715390       5.119795406098888E-002
  0.466151721760076      -0.175707911502927       3.375709480998470E-002
  0.460586551263000      -0.102471896453838       2.308682470165520E-002
  0.542996548673701      -8.387478901443092E-002  8.526053873249699E-002
  0.529276327754155      -1.983231739750451E-002  1.653464593788986E-002
  0.503430298341294       2.117389404613855E-002  7.788386664602957E-002
  0.536768210756737       0.111442280049373       5.505320567741262E-003
  0.423618015873609       0.220625406535818       3.531516647050868E-002
  0.419739976900474       0.208251106022842       5.419045801753227E-002
  0.374677368350665       0.235621017222150      -1.396384355816369E-002
  0.337740530240404       0.341328251638049      -1.696024517491144E-002
  0.331727126593980       0.403440220747308      -2.244709802163743E-002
  0.314426938243377       0.439601038952449      -4.319842975003509E-002
  0.201476191686170       0.394263762249349      -2.547977006451384E-002
  0.189473436714203       0.494305348117232       5.474752430524205E-002
  0.125004620124764       0.442024320621806       6.673962780231873E-003
  2.506742870852495E-002  0.492273828576352      -2.351800948619938E-003
  3.033138445652910E-004  0.483573320734814       1.066337336038653E-002
 -3.540410902057296E-002  0.477814598579661      -6.018231621750911E-002
 -0.197289706102522       0.525943251346436      -0.122622837695061     
 -0.166575808201095       0.504996541187819       6.739972379694940E-002
 -0.281324959339810       0.443313861286202       0.136196712667007     
 -0.341688172624504       0.434082949101471       4.935280279791492E-002
 -0.349055300193155       0.386627372330991       2.513123626986126E-002
 -0.394481489469053       0.345808405051196       3.115478145755581E-002
 -0.433504528528587       0.278471111668628       4.872265066004933E-002
 -0.469005451406001       0.169783768431526       1.763702445799360E-002
  0.497233065743381       4.212533201421671E-002  0.178162569658531     
 -0.501038346460075       9.493651845301475E-002 -4.125759680179216E-002
 -0.507759912742455       4.780504385521493E-002 -2.998858285384073E-002
 -0.537102863312501      -0.220907702483661      -2.511488645026407E-002
 -0.506023061101124      -9.445916657027408E-002 -3.654369676452080E-003
 -0.502500587258564      -0.152088292335809      -4.424255060649397E-002
 -0.496802528478748      -0.248947516330932      -1.517740139012736E-002
 -0.441253029176309      -0.286826444412714       2.386019825225162E-002
 -0.398059393485533      -0.335235022457190       1.628286125287637E-002
 -0.375789118560067      -0.413598910791662       5.889116881289625E-004
 -0.332677519295841      -0.432803082592763      -7.132691051083649E-003
 -0.239478622998099      -0.531436342413741       1.097286146044421E-002
 -0.253420463351573      -0.439144667441195       4.321157597066673E-002
 -8.659989469958525E-002 -0.537421224035446      -0.143355619993404     
 -2.797635954868334E-002 -0.528322829958974       5.449413512467459E-002
  5.388856954618859E-002 -0.498722138963055       7.619235094383329E-003
  2.167971566155389E-002 -0.477579213802437      -4.173514941076763E-002
  0.152653911195958      -0.448076571129274       7.426241936374993E-002
  0.203031931184713      -0.432362541113774      -7.406393252450894E-002
  0.280101501901176      -0.412696664076973      -2.828935273009351E-002
  0.324301570145910      -0.394080359632327      -1.141855746137137E-002
  0.345305938235668      -0.340516627871807       9.661117436626407E-003
  0.381825913399109      -0.338521426218858      -3.361536300690133E-002
  0.463652904552864      -0.268910307812510       5.725187630943760E-002
  0.471562692357074      -0.185683923616911      -2.658444674345224E-002
  0.473091032877074      -0.151221431495838       1.533257472421007E-002
  0.506999281318620      -8.221880060342734E-002  7.640217554124337E-002
  0.519300593012651       4.138839078313031E-002  3.991126019952819E-002
  0.653061475093080      -1.661664881673151E-003 -1.982139865151020E-002
  0.554852848266534       8.642347285461485E-002  2.316795592969555E-002
  0.395623984842384       0.136721236522894       0.108321825202934     
  0.425961016134407       0.213706646055051       5.671121670965308E-002
  0.370423994378868       0.238134529404499      -2.071235079770834E-002
  0.373618978043833       0.274992585980309       1.685185582820106E-003
  0.339922186433917       0.341745195606566      -4.157895829492407E-002
  0.312692676314412       0.428127153714694       6.895972331352122E-002
  0.231692149742252       0.482200197734970      -5.471662657582864E-002
  0.196143936853551       0.484473387667026       0.245145966422575     
  0.123345463265918       0.451551840973323       7.761466172310008E-002
  4.111155918605996E-002  0.494488475542439      -3.869697552938601E-002
  2.625646385240401E-002  0.522074766026552      -8.687988553712389E-002
 -1.999863877574429E-002  0.496960446255371       4.522977351233313E-002
 -0.189003350182218       0.520180295527916      -8.014885701452046E-002
 -0.224332135162189       0.511671008530604       1.856794276987968E-002
 -0.201643109605233       0.431224447651666      -1.271864778952956E-003
 -0.329380269020660       0.427672171521975      -8.658862402112028E-003
  0.296849439012741       0.670782318489887       2.668931926751757E-002
 -0.418706745151318       0.317410262871089      -1.121704823761729E-002
 -0.453956441176039       0.267786266956453       3.820086198232777E-002
 -0.475687948193853       0.199796780393047       3.738508439000875E-002
 -0.505321034054039       0.146719458232231      -6.829767660091883E-004
 -0.511664511712151       7.906755451376998E-002 -7.593307391420971E-003
 -0.524236164729642       5.018601264067802E-002  2.005330588825885E-002
 -0.550301284073433      -5.083651707274978E-002  1.755866898408020E-002
 -0.503950321168558      -6.087237249720777E-002 -5.758516932576920E-002
 -0.520289551450204      -0.212656792935538      -4.788615191928416E-002
 -0.480425618800450      -0.254583039210340       1.947355651569638E-002
 -0.453110269857755      -0.286158173979091       7.821203023946920E-003
 -0.341231427844155      -0.310251605195113       7.165936582033886E-002
 -0.368216298335671      -0.430821611433209       3.812461755753075E-002
 -0.312521878837769      -0.492217368459916       4.220090596494987E-002
 -0.237481906469584      -0.452929104672747       5.738560386053116E-002
 -0.202689553077571      -0.461790857671817      -0.110177559993230     
 -0.117515418991059      -0.516776092404376       8.879463644255291E-002
 -4.086423793001182E-002 -0.535260223497460       0.109367445962309     
  2.234416671717882E-002 -0.500967351845426       0.133709073951053     
  5.321096894715852E-002 -0.489426060742225       0.176521097776693     
  0.154725579797345      -0.468890092913793      -0.168927971044909     
  0.190700105370433      -0.438953233167248       0.113762968804465     
  0.235967593344405      -0.410410993736398       4.592801574168517E-002
  0.257065552220226      -0.416722899137264      -7.814373684382003E-002
  0.333447328480475      -0.340564758817736      -3.892070226491761E-003
  0.410230753178784      -0.337003730783881      -5.989187241828862E-002
  0.464418800580612      -0.259227185865542      -3.415925144768561E-002
  0.469831185403301      -6.871780577416689E-002  2.105731073990141E-002
  0.462589405796627      -0.127132409567675       2.236720737565442E-002
  0.504985724019664      -9.186990885650528E-002 -4.157819306055421E-002
  0.461516972749676      -2.664075004724188E-002  2.069975963773896E-002
