   6.02589510966040      -0.299543864812177      -1.734627648125063E-003
   3.51512013883926       0.958221563053809      -5.197037161519948E-003
  -2.25642729437056      -0.801445135621792      -8.638936343541181E-003
   1.67172193005862       0.511570095667343      -1.204674159056645E-002
   1.69652142243300       0.646037574710346      -1.540700385216853E-002
   2.44660785043415       -1.52195133200328      -1.870646170835662E-002
  -1.02310508350794        2.79980238459791      -2.193209370635059E-002
 -1.013138298872654E-002   2.88304839815971      -2.507116975030584E-002
  -2.27119057815495       -2.46825710907996      -2.811130134118393E-002
  -1.50053991320330       -2.53475924303387      -3.104049046850280E-002
  -2.53017345712715      -0.645814479571910      -3.384717696099084E-002
  -2.39965258732302      -0.715224487824632      -3.652028410931908E-002
   3.04213767251737      -0.104925251612868      -3.904926238079992E-002
 -0.840180953499874       -2.44384394670215      -4.142413105357357E-002
 -0.411170990200878       -3.05176716857472      -4.363551760596426E-002
 -0.203147392763245       -3.12679965779521      -4.567469470553671E-002
  3.491906931428108E-002  -3.12669964775302      -4.753361465188866E-002
 -4.956263814149105E-002  -2.66263373070656      -4.920494113725220E-002
   1.80548522228107       -3.29296463874207      -5.068207819954721E-002
 -0.836385852756945       -3.02716658953316      -5.195919625362735E-002
 -0.491993590035367       -3.07734170204276      -5.303125509799312E-002
 -0.110653962030317       -3.07670364221387      -5.389402380616295E-002
 -0.154470332041059       -3.10049026234517      -5.454409742420753E-002
  4.446023994785719E-002  -3.07742126889100      -5.497891040854538E-002
 -0.234939211735664       -3.12264641278989      -5.519674675097677E-002
  -1.03201345195129       -2.59294273422264      -5.519674675097716E-002
  0.172866175945962       -3.12536334501508      -5.497891040854517E-002
   1.99913621810925       0.847405054626146      -5.454409742420659E-002
   1.42175211184251        1.05251806384225      -5.389402380616293E-002
 -0.587062722359714       -3.02889212559184      -5.303125509799221E-002
  0.491354625891503       -3.12273438335768      -5.195919625362694E-002
  -2.10481229909689       0.598092523354799      -5.068207819954735E-002
  0.595401484764766       -3.15223220412365      -4.920494113725226E-002
   1.21324662053854       -2.94885469206574      -4.753361465188820E-002
   1.03449948046654       -2.98021485747221      -4.567469470553537E-002
   1.20518328031548       -2.88277502061169      -4.363551760596492E-002
   1.40890483592330       -2.68759689357633      -4.142413105357370E-002
   1.50005774586194       -2.61043405741060      -3.904926238079769E-002
   1.48515950463113       -2.57461682093392      -3.652028410931964E-002
   1.58337331648191       -2.50060614717737      -3.384717696099056E-002
   1.60427262644341       -2.39387217235930      -3.104049046850102E-002
   1.60970544795719       -2.30427203356297      -2.811130134118601E-002
   1.78820688994615       -2.19114416970949      -2.507116975030496E-002
  0.898070157420611      -0.960209355874041      -2.193209370635044E-002
   2.34339088013111       -1.40782025287083      -1.870646170835490E-002
   2.76272789042491      -0.271675259678843      -1.540700385216899E-002
   3.24060671705364      -0.415839674548543      -1.204674159056685E-002
   3.33694980287711       0.136302492146164      -8.638936343539700E-003
   3.42392571368631       0.327567637181469      -5.197037161521061E-003
   3.23369423315708        1.05852940967110      -1.734627648123958E-003
   3.47015705677893       0.373589200179277       1.734627648124724E-003
   3.33119666364984       0.870652312184653       5.197037161519825E-003
   3.14715037827249        1.25976463699164       8.638936343539901E-003
   2.98485150138699        1.61703681504728       1.204674159056654E-002
   2.72687412339326        2.01539405811622       1.540700385216877E-002
   1.60633278203342       -2.36785732370989       1.870646170835571E-002
   2.88710560953129        1.80891890507353       2.193209370634982E-002
   2.58206041096282        2.23799527997939       2.507116975030616E-002
   2.29993643728086        2.57785231205639       2.811130134118333E-002
  -1.36544461457124        2.80597801584416       3.104049046850168E-002
   2.18876094118450        2.67031779335904       3.384717696099140E-002
   2.13555762719390        3.11403991592724       3.652028410931932E-002
   1.98175765865741        2.89214890323908       3.904926238079937E-002
   1.51221249013775        3.22786679626165       4.142413105357282E-002
   1.56392029488776        3.17937545204839       4.363551760596458E-002
   1.63651238504182        3.11446260947575       4.567469470553680E-002
   1.60180895971820        3.17068578027076       4.753361465188756E-002
   2.12348178984873        2.87268537931612       4.920494113725239E-002
   1.83691566017687        3.00443857760136       5.068207819954654E-002
   2.15467302296161        2.71885235485169       5.195919625362664E-002
   2.09811699312312        2.68273017804477       5.303125509799286E-002
   1.34637081349698        3.31152514291472       5.389402380616242E-002
  0.281269895544862        3.56255198442284       5.454409742420645E-002
   1.64652835417234        3.07333357418371       5.497891040854556E-002
  0.663347792554608        3.50202198785209       5.519674675097574E-002
  -1.08180994618488        3.18587700616412       5.519674675097615E-002
  -1.17318310718218        3.10765319860775       5.497891040854533E-002
 -0.433292396642191        3.43504934486892       5.454409742420652E-002
  -1.60571851473836        2.69188362561153       5.389402380616218E-002
  -2.77593643950362        1.98640161860569       5.303125509799234E-002
  -1.97425109414083        2.35725646613718       5.195919625362667E-002
  -2.68114583197714        1.03028199815239       5.068207819954592E-002
  -2.04166140815950        2.23445834020386       4.920494113725303E-002
  -2.16840433832939        1.98835361247992       4.753361465188821E-002
  0.687663241819443        2.91284551254410       4.567469470553516E-002
  -3.29332759378709       0.628208379529960       4.363551760596507E-002
  -3.79599562856993       7.365762208539625E-002  4.142413105357255E-002
  -2.07987558712787        2.12590250279783       3.904926238079894E-002
  -2.38418059265687        1.76220579091434       3.652028410931994E-002
  -2.43429552919070        2.04695420502041       3.384717696099121E-002
  -3.43599726238854       0.240886427944513       3.104049046850161E-002
  -1.26807152309371        2.44051518311236       2.811130134118334E-002
  -2.11295809338654       0.989405348932761       2.507116975030533E-002
  -2.54828648196918      -0.750641628947340       2.193209370635004E-002
  -1.90599977787882        2.08297494165247       1.870646170835548E-002
  -2.49838374477003      -0.386081443633861       1.540700385216785E-002
  -2.26275335309431       -2.27331802033031       1.204674159056735E-002
   1.79605883240572       -3.00498185833755       8.638936343538869E-003
   4.90535482976087        5.54277211544910       5.197037161520993E-003
  -2.28995973839587      -0.747849555879621       1.734627648124016E-003
   3.83698813312245       0.400486924377089      -1.105676787253659E-002
 -0.578272080270844       -3.69265690443106      -1.707063579860207E-002
   1.87605879310525      -0.212843110475565      -2.291330493711189E-002
 -0.911933957894346        2.45324456961148      -2.856186451021966E-002
   1.48077864467567       0.665258221145303      -3.409803924084041E-002
   1.72096937444789      -0.916364957272864      -3.951404715698426E-002
  -2.23122482403208       -1.01589804384412      -4.478061293208820E-002
  -2.22084021388447       -1.14245366359413      -4.986866513668745E-002
   2.33261522359833        1.19987436325290      -5.474985212586354E-002
  -2.13902900887287       -1.46430022766449      -5.939454196232346E-002
  -2.04650894963597       -1.86713994875586      -6.376899400674796E-002
   2.99159377070058        1.30025012752239      -6.783178175430341E-002
   2.83630892801140        1.44026436958844      -7.152881104567699E-002
   2.77790868296227        1.57362494077206      -7.478572918602638E-002
   1.82232479001160        1.94457681321433      -7.749579229932192E-002
  0.987027549356341       0.850897627393291      -7.950038830681093E-002
   3.06197115665129        1.45647535164510      -8.055919890072608E-002
   3.40866203938786       0.679923864292081      -8.031037891058228E-002
  0.791387972372365       -3.21163470616858      -7.823508858304114E-002
  0.821127676257333       -3.39440245391376      -7.367141528674327E-002
   1.14526794283637       -3.21601579096309      -6.594407973434827E-002
  -1.26915716625778       -3.01916576001899      -5.459646865455640E-002
  0.357704005438329       -2.99138413789195      -3.955536321866519E-002
   1.02495211838935       -3.34679976689377      -2.133273922675491E-002
  0.218945927659693       -3.17761685386045      -2.564617182421989E-003
  0.385344193875909       -3.11304794708279       6.206009384876678E-003
  1.110134022040249E-003  -3.08106181829578      -8.860310886921003E-003
  0.473437318651493       -3.15713661183400      -3.614653525331914E-002
  0.761339480289360       -3.11756630896582      -5.102643987470703E-002
   1.12828313103267       -3.01019788690430      -4.966302115174536E-002
  0.249414762315385        2.63508899799545       2.671342912805171E-003
  0.964905300898959       -2.99649956734615       2.249307378218843E-002
  0.907396036312758       -3.00995796439288      -1.676845391673088E-003
  0.973928446079999       -2.96430863378041      -2.161795119140011E-002
   1.23403172707331       -2.80156654449891      -4.587607766648094E-002
   1.44806644710417       -2.64079567864821      -4.190122614034833E-002
   1.51618583148431       -2.49979923101601       2.999118140458312E-003
   1.46815951867931       -2.60088583995766      -1.153216646146647E-003
   1.53109407016611       -2.53669072306897      -3.009301484235709E-002
   1.53850633671064       -2.48055118013875      -3.044227393583260E-002
   1.56568795996139       -2.34385294476066      -4.568873387168776E-002
   1.62669119697132       -2.27400607061692      -4.511272355445944E-002
   2.05494681729104       -2.00506627438024      -4.458821179987642E-002
   2.56056812031909       -1.39295228812062      -4.251122728900155E-002
   2.24091857240659       -1.37269177500684      -4.095606528793532E-002
   2.77730124401718      -4.295498480184297E-003 -3.916433909448133E-002
   2.64966333929842       3.265107158391346E-002 -3.716955829656953E-002
   3.36198156622837      -0.392601761629250      -3.482203283894791E-002
   3.28871036762602       0.396855074548984      -3.205511822725607E-002
   3.52300436390634       0.239184273189819      -2.916417795619979E-002
   3.42908500261735       0.471282917558291      -2.636827199051418E-002
   3.37957218091482       0.787060365398530      -2.343260396078472E-002
   3.29864449505586       0.972852587550757      -2.039800114148002E-002
   3.21876992569529        1.19383920231677      -1.751782248768378E-002
   3.11149451331494        1.44684494865554      -1.468813520472184E-002
  0.719365142789238       -3.01506849044342      -1.192021847432303E-002
   2.95485320849204        1.75256626502227      -9.235684195290507E-003
   2.84198751485459        1.94927200873866      -6.657080772259035E-003
   2.72840865475375        2.13915801139605      -4.205964695228971E-003
   2.55592568037310        2.35941607813723      -1.904290879616063E-003
   2.37700488275158        2.52599201263373       2.237297382549920E-004
  0.953569587683638        3.43831055819529       2.149787293994403E-003
   2.36254435957858        2.56484894244611       3.839702254993439E-003
   2.25181574467011        2.72591365212092       5.251693394340206E-003
   2.16905222613573        2.80373403494649       6.334630201079059E-003
   1.86132254635817        3.02582677697300       7.026009722271936E-003
  0.208407844070961       0.404039075887049       7.248465803384528E-003
   1.93622230237986       -2.19843915424288       6.900703273276023E-003
   2.47430215680271        2.30817897945094       5.831931676752469E-003
 -0.654436794527297       -1.10769395697203       3.779453323628469E-003
   2.37398586427180       -1.90323970095657       2.558063494262697E-004
 -0.943993311013990        2.78161836023759      -5.559691552261282E-003
  -2.62768789688493        2.14897714305077      -1.473109372051658E-002
 -0.440802865251023        3.10687004220362      -2.793844048802607E-002
  -2.73752960487821        1.92511091746119      -4.356789192769454E-002
  -2.85581512269544        1.86286845417844      -5.282744614951410E-002
  -2.64715282987612        2.52725163636089      -3.487617924537492E-002
  0.136723536477127        3.52546261445524      -2.656446330121522E-003
  -2.93601258575502        1.72502340958965       1.080457924238259E-002
  -3.21745828355428        1.26315900241162       4.657309642985128E-003
  -3.19928802922015        1.32584209864328      -3.244428414331505E-002
  -1.47197527000157        2.99191842795803      -4.305819544213593E-002
  -2.06897841578498        2.16936465461720      -2.300920225313754E-002
  -3.64635196137849       0.330663531577189       1.036062948145292E-002
  -3.45833545958250       0.644335324979066       1.282808781530409E-002
  -2.39961641197316       0.341537605176290       3.364120617090786E-002
  -3.76679524997260       4.909238628261174E-002 -3.859071026428029E-002
  -3.73482007613523      -2.992800217717020E-002 -1.548191355251029E-002
  -3.62214405311735       0.213158398672415       4.939104020838270E-003
  -3.62882648434956       3.103900950614137E-002  2.710410459002234E-002
  -2.16902550714641        1.37499982514759       2.827799635423212E-002
   1.87472686973327        2.79312150698634       3.245659518260668E-002
  -1.36562189039463        2.00045812405352       2.855734197634802E-002
  -1.26387585230499       -1.41485498127406       2.503011289256693E-002
  -2.50785224219131       0.201286297048416       2.034066252896341E-002
  -2.29391030600010       -1.37116771247661       1.565189774269444E-002
   1.68199138490118       -3.10421516455166       1.068383825751206E-002
   2.34585366628382       -2.67556178296895       5.363942139613644E-003
  -2.65403415467983      -0.875314834307629      -5.708214170533779E-004
   3.80121206026029      -0.886976167004176      -5.795618435577734E-003
   1.51932994334644       -3.12643694460721      -8.260732610962150E-002
  -1.50477543531663       -3.33450321616224      -9.440764797538276E-002
   3.15476929121823       -1.79433413089634      -0.105815052331113     
   3.78118005211859      -0.838251184059956      -0.116730565006446     
   4.10652837906459       0.336728215110386      -0.126536124901200     
   5.06420179997223        3.25693564651963      -0.134572295796314     
   3.67267243790720      -0.870700960890625      -0.141832326257409     
   3.99180601861018       4.150908805178446E-002 -0.149138276874670     
   3.90663558084111        3.59230129046187      -0.156757789933764     
   3.21148816130980        3.85848347458487      -0.165745892030117     
   2.49872594807621        3.62140349494804      -0.176766042411961     
   2.57775341055458        1.95701911405229      -0.189605687084956     
   2.03130570017378        2.73521486689407      -0.203731781275641     
   1.20901355108937        3.48229498118953      -0.218241706408557     
  0.318805933242365        3.13885718429809      -0.232811284686538     
   3.01066184940069        1.99495843187040      -0.262978650548321     
   3.24932825102489        1.63433145700615      -0.229239137430046     
   2.05369868023098        4.81758208701458      -0.163887199900039     
  0.438009402353049       -3.22791986415198      -0.165540462304731     
   1.39135438804873      -0.529509014982146      -2.768086660281440E-003
   1.95168180699182      -0.354042499396982      -4.318373655432709E-002
  0.265306780489234       -3.03315006169191       4.923727637918917E-004
  0.123647079538474       -3.10916868530761       3.208507056770249E-002
 -0.185688309404381       -3.15086403151829       7.288552514546791E-002
 -8.191962065309422E-002  -3.12881216190356       4.322431871481063E-002
   3.75462215115191       -1.13190530485855       8.491968319007318E-003
   1.42878899214099       -3.16712322192307      -8.550678969314543E-002
  0.649832281987511       -3.23957758509360      -3.117160002010465E-002
  0.812127189528842       -3.18228347060243      -5.723047820284344E-002
   1.74592210305478       -3.42977830093717      -2.174064953304565E-002
   1.10403973817245        1.05407812125531      -2.774558228627320E-002
   1.45037463828991        1.54858058577343      -6.516849264314287E-002
   1.69696737607539       0.321645541590386      -8.535335932660128E-002
   3.74195295039618      -0.439562349351003      -9.325355618520900E-002
  0.799815924839303       -1.51035801700457      -8.628290409405541E-002
   1.77195832321101        3.57123834540663      -0.105709709386406     
   3.58668168361267      -0.421851218991081      -0.103797740402314     
  0.333186956919708        3.38664708545240      -9.623876502260365E-002
   2.90183357100199        1.07259415797057      -0.122978518413603     
   3.48337287467176      -0.331324719881955      -0.142498833866408     
   3.39702389841534       6.613571386940767E-002 -0.147404719481828     
   2.46129519073795      -0.218648970140516      -0.147063031560723     
   2.64276233563180      -0.474095070759928      -0.143590659915288     
   2.90383300828665       -1.03769725112256      -0.137308935311985     
   2.42832830636826      -0.419105818105178      -0.129016054573538     
   3.61356513428243      -0.875039726952863      -0.119904397727639     
   4.47489639386761      -7.908025868369882E-002 -0.110785148078678     
   3.42993518901436      -0.260214503731544      -0.101822822401280     
   3.39435252997638       3.698333518529379E-002 -9.303840729502212E-002
   3.41092532412045       0.282638271026210      -8.446989529718348E-002
   3.44005785408403       0.410914685437687      -7.633242898852696E-002
   3.50047071166400       0.635857892514420      -6.879594986602343E-002
   3.41168191624050       0.838700042953991      -6.210194539971842E-002
   3.34055350793352        1.03504683444528      -5.656624162103663E-002
   3.26369841669560        1.27461781566800      -5.139704547673452E-002
   3.18430100159149        1.47731096581957      -4.455162696825013E-002
   3.07205597926230        1.69780667964528      -3.959035272094263E-002
   2.96336390502849        1.89967977612776      -3.566388355698108E-002
   2.82339088305871        2.10031178101266      -3.052419454674181E-002
   2.79260091694609        2.21871430205557      -2.318403805425015E-002
   2.65919528094496        2.42615999851845      -1.365539120259734E-002
   2.53643646586825        2.49625582815193      -3.514353378916048E-003
   2.41370812755649        2.59403745944739       5.888626738377181E-003
   2.43331448038736        2.62475033816027       1.487767212553010E-002
   2.57264277133097        2.52558348351584       2.648507945063773E-002
 -0.380325554561518      -0.375733419048729       4.842822404061267E-002
   1.01407540790039        1.98789472244446       1.832109020028575E-002
  0.681176956099804       0.477967773651797      -3.829236218744320E-002
  -1.43708959949252        3.58094683271774      -7.276921542067086E-002
   3.42998865884674      -0.749666027269242      -0.123554216454082     
   3.48485752265078      -0.518303420512558      -0.155696853067133     
   3.47727916073978       0.518195882760897      -0.138279404125166     
   3.45096913996365       0.595254707740006      -0.189254777275994     
   1.42650678608682        2.37437240967383      -0.179261751395697     
 -1.781278689556841E-002   3.34572282538423      -0.192992628130501     
 -0.521531516612966        3.08027198893112      -0.211083704567851     
 -0.548048410254842        3.34938564612854      -0.132148133965824     
 -0.974984197875661        2.95091667870040      -8.677108618904388E-002
  -3.33918243916483        1.14196303962710      -7.521207721406160E-002
  -2.35517569323458        1.68579007571855      -9.331194152154711E-002
 -0.928057940661967        2.32764790337385      -7.081440816113752E-002
  -2.18765274331726        2.82194643750880      -0.107209632791543     
  -2.48786057786662       0.465484539172311      -5.293277692869399E-002
  -3.53076240778215       0.536029094741618      -7.267275198207095E-002
  -3.44404708577171       0.758238137293964      -3.908668673783152E-002
  -3.54302209129677       0.601583120333974      -2.991195898912131E-002
  -3.69157202971870       8.008021357692457E-002 -1.838683676699901E-002
  -3.85520753609603      -0.160945321293283      -2.350635109100873E-002
  -3.77510662537570      -2.538614842306801E-002 -2.619908220825761E-002
  -2.45034097117410      -0.106351087151467       4.424003344180502E-002
  -1.37946706003323        2.84683410891677       2.370135614382189E-002
  -2.33598668887226       0.794042214291229       1.939723594120127E-002
  -1.27267546303919        2.04886008281190       1.308518831172723E-002
  -1.35496523183915        2.48667113903639       4.370730026272447E-003
  -2.46785498029183      -0.531713603266798      -7.040112721266926E-003
  -1.00062860482402       -1.64821058618144      -1.951919051424824E-002
 -0.354991183452610      -0.302021221230034      -3.217719114913834E-002
  -1.93706414818530       3.557599428178856E-002 -4.500668510842333E-002
  -2.37522319059791       -1.05450277151985      -5.772201850146427E-002
  -1.42155547687907      -0.614059494169495      -7.035706968137824E-002
  -3.31502412113442       -2.46958443228518      -0.484321149201060     
  -2.30111550852024       0.676225394045991      -0.503610228262256     
  -1.67693673011736        1.83886847293767      -0.520301807656705     
 -0.939551977685414        2.85582542922759      -0.534244763486843     
  -1.85428634224751       0.388876191782388      -0.546657852739562     
  -1.89428736181844        1.88667929689320      -0.558372447461164     
  -1.06873356545843       -1.29682691742840      -0.568145236324164     
 -0.458294230152835       0.496992509691582      -0.575864110262142     
  -2.29306574776903      -5.669361676748464E-002 -0.581176663634576     
  -2.13335191260323       6.900185966407713E-002 -0.579808663843705     
  -1.79180931287766       5.500287844383633E-002 -0.564978052311849     
  0.522112446307962       -3.08886933539726      -0.529817515958674     
  -1.37970144874426      -0.802624432169898      -0.489025360981343     
 -0.874562618793370       -1.91730739503122      -0.422063489464910     
  -1.10502174645988       -1.52091159425794      -0.421177557733968     
 -0.403352707597315       -2.95426384656639      -0.361416272691224     
  -1.47181894051305       -2.78029469321566      -0.303168515344955     
  -1.51811340840366       -2.64365896285245      -0.270980750400672     
  -1.35151335743659       -2.77893657226734      -0.253993267844273     
  -1.04053725585028       -3.07427337413089      -0.230694440605837     
  -1.22142279789910       -2.89185111965134      -8.400915791619164E-002
  -1.20895798558565       -2.98996955291052      -0.174213068133419     
 -8.060729499773828E-002  -3.63488413005504      -0.218600847442557     
  0.941079330495312       -4.14971902555090      -0.254793930122409     
  -2.83304526713719       -2.50368712362028      -0.197405671096837     
  -2.31666532314388        1.19286315360537      -0.240988972154739     
  -2.05487614721142        1.51391399449950      -0.311571761592685     
  0.915420640971900      -0.678414178062763      -0.347710706605300     
  0.206317002239547        3.10316977363253      -0.367206326425861     
  -2.59922589079503        1.19344137867141      -0.386868399814185     
   1.47139239457591       0.463434504398492      -0.484167617974576     
  -2.33048232252316       0.902821932086342      -0.265290233828189     
 -0.964244509002098       0.147142932910844      -0.337607381101462     
  -1.66026560425801        1.31506527671076      -0.361945497561306     
 -0.790432800989901       0.217331761681353      -0.390617523455105     
  0.114444858248229       0.322684306672240      -0.477994289814760     
  -1.02469058939768        2.11136108125728      -0.498980907179806     
 -0.641034705595026        2.37392799926769      -0.481695690148507     
  0.233301169786266        2.66080641309603      -0.488934603563071     
   2.61220268207110        1.22623673706152      -0.474441375118998     
   1.87195535392826      -0.751353380052805      -0.449442247054292     
   1.61653709267872       -2.10202759472592      -0.422198183037774     
  0.357200545436885       0.321667037887092      -0.397116795717271     
 -0.300385022355733       -1.44821424695590      -0.374860557154451     
  0.608088476492256       -2.30623807109952      -0.362803158360864     
  0.457432441479489       -1.75726214648070      -0.357939816234002     
  0.577658148187968       -1.62145378552057      -0.346640366452427     
  0.780734458694222       -1.54091256845943      -0.329447486940215     
   1.36220425303812       -1.44493516117199      -0.311486012980690     
   1.78358220312723       -1.06844611008250      -0.294739223233706     
   1.58066321588356       -1.32897072629227      -0.279336787370046     
  0.576527963364922       -1.75303794266773      -0.265302211858805     
  0.503132353039556       -1.94737884995290      -0.252902565399706     
  0.370388545676683       -1.99221600489713      -0.242614959591161     
  7.160679493478908E-002  -2.00419339059406      -0.235361411233138     
  1.768529823987930E-002  -1.96353878462659      -0.231439346730002     
  0.700426987064672       -2.27010324199450      -0.228698742276926     
  1.526249769577456E-002  -1.89794633516305      -0.230941129750246     
  0.209843565116869       -1.89990745261698      -0.239208711067139     
   1.18863138237080       -2.06621306781347      -0.254026087694789     
 -0.350994320105757       -1.87667779931581      -0.272014225690512     
 -0.551470542670859       -1.79877774641708      -0.308603256580074     
 -0.286279045437543       -1.92631866115496      -0.382774671595795     
  5.232116813005800E-002  -2.16389040571279      -0.358739511688164     
  0.363861440757182      -0.203678999464884      -0.407166876384910     
  -2.07128784972523      -0.459705321361220      -0.502968731483046     
  -2.05679515350780      -0.569766917397504      -0.528889924616141     
  4.552441160146034E-002  -2.96939927278751      -0.523930828352961     
  -1.28550179260761        1.92583498777184      -0.546929564664485     
  0.260207964628135       -1.21122099225477      -0.581465629350419     
 -5.033353231018501E-002 -0.477622635512060      -0.552872991517760     
 -0.391269530652990      -0.399654222914756      -0.534602453222913     
  -1.12407190553935        2.43920766217325      -0.526212819738132     
  -1.71267761027529       0.524843467872576      -0.541896524487787     
   1.44344060332401      -0.457929156513408      -0.445117113465259     
  -1.90491946110998        1.12938235176514      -0.483428862527784     
   1.34261213595704       0.243115835315064      -0.281658571647089     
  0.366276193081857        2.61934938678258      -0.395274924687154     
   2.27955367277769       -2.02368646472630      -0.422869941103098     
   2.15831088910477       -2.01986772456417      -0.407558641778267     
  -2.49145680743839       0.934287369117738      -0.377425779811502     
  -1.98230209877754        1.63995108097606      -0.372394451236076     
  -1.51642192553676        2.45688999325257      -0.313122649399134     
 -0.546766020461790        4.16828984938337      -0.285369308330921     
 -0.373491662812867        3.75426341384143      -0.351447199695094     
 -0.597766714327043        3.47820554222951      -0.280600557857310     
  -1.21751953335637        3.05153462377219      -0.183445311738224     
  -1.88789788814937        2.56746698169322      -0.146384909481486     
  -2.13799107492640        2.15917398366861      -0.156632082340782     
  -2.32860898380077        2.11200231809223      -0.190768916296797     
  -2.34713993889109        1.90844271769963      -0.231113225145725     
  -2.52093472415050        1.83208459566594      -0.271144698515562     
  -2.70394609327199        1.68121543054737      -0.306290680086781     
  -2.70820717610997        1.74730954373034      -0.338732235680388     
  -2.50534385867994        1.60649779281871      -0.359775940932114     
  -2.81394472542743        1.21782216245911      -0.369639949313375     
  -2.72412987996496       0.942710143923652      -0.389591696303690     
  -3.48289907514107      -0.185080551482080      -0.414665754570681     
  -3.22679910110144      -0.549399292163391      -0.439747419496588     
  -2.83369197469931      -0.824769258306130      -0.462976115859752     
 -0.961242985658551       -2.27014340730154       -1.43474730121831     
  -1.58785319677636       -1.91350726383685       -1.59099131061954     
  -1.25649791600955       -1.42871317893542       -1.38623005550538     
  -1.09366843038101       -1.49060763610606       -1.28787544151952     
  -1.37386194150664       -1.37439421610842       -1.31141985767530     
  -1.28581535792041      -0.748813784521267       -1.27769559567249     
  -1.57381305848524      -0.514582620836615       -1.25728546636947     
  -1.72149998850067       0.697943846565748       -1.42961597524026     
  -2.01091361516127      -0.991405554273461       -1.65733954484104     
  -1.31650792526870       -1.09563001517652       -1.84350289143375     
  -1.53695040884735      -0.313026834505461       -2.16422677790769     
  -1.39130734383130      -0.606343690220830       -2.54852504703877     
  -1.67961631468887      -0.598294110283891       -2.47259717914449     
  -1.48552148406679      -0.802311966802707       -2.39049568250503     
  -1.42380546614093      -0.984340981346639       -2.30616927949175     
  -1.02123158163980       -1.53885012462249       -2.34562751943030     
  -1.48692843230909       -1.10711743562958       -1.80370614204002     
  -1.47697964828393       -1.28533486898910       -2.95577045199625     
  -1.34599937353486       -1.44678707510804       -2.76537548665536     
  -1.41129357616042       -1.57655848410396       -2.67189337894426     
  -1.19795927832183       -1.74839344672201       -2.87878353946799     
  -1.16610445987671       -1.92944443808413       -2.81371154950963     
  -1.11481703634036       -2.19076878147692       -2.77966211611373     
  -1.04787059423952       -2.01960428116482       -2.85031752848766     
 -0.872681963764712       -1.96672817805082       -2.46206210835983     
 -0.766109610024672       -2.07196132085200       -2.31916365692192     
 -0.651763689971175       -2.10527778858815       -2.24328022565975     
 -0.524585910330809       -2.14706310091402       -2.15339960527533     
 -0.377104334470939       -2.16347409466062       -2.05532724365334     
 -0.218749447855016       -2.04147961859378       -1.96675777009862     
  3.565252308335777E-002  -2.00831427896794       -1.85136811357485     
  0.267761928906875       -2.10606115975935       -1.75517422936384     
  0.428963612308790       -2.22994341800786       -1.71570156440262     
  0.532175942359598       -2.45843335676242       -1.67435443505814     
   1.16951566967920       -1.46539964031870       -1.53711570973258     
  0.465505849254625       -1.69406758927205       -1.26391880067476     
  0.763324776814814       -1.35626418842696       -1.12518060054454     
  0.601690932427697       -1.77845449579599       -1.29268873735198     
  0.766043810289556       -1.59169016717785       -1.56233209289764     
  0.843174523143384       -1.52404070284909       -1.78978933698514     
  0.813793555816943       -1.53096035622805       -1.96925649397767     
   1.08172005471413       -1.58832644717831       -2.11721546516212     
   1.14730674108188       -1.59112294878560       -2.25925416553150     
   1.22471635302779       -1.54026644616466       -2.36450535912702     
   1.41200650983224       -1.44056381704484       -2.37093735288810     
   1.49308610886322       -1.21920116781586       -2.35112775767741     
   1.58054055666602       -1.04196262392373       -2.26131875163861     
   1.75761709451087       -1.18923435159025       -2.36702587367742     
   1.81796422009973       -1.08604835482325       -2.41642987874888     
   1.97876555978425       -1.04600710060530       -2.57684129189734     
   1.94950615182250      -0.730574864511795       -2.66427472076200     
   2.14431469824287      -0.883873007762319       -2.59894115191645     
   2.18415239223520      -0.755122927744786       -2.79282848321404     
   2.28371893479727      -0.663974411465000       -2.89571816522708     
   2.42379566088111      -0.615514406838871       -2.88525294069397     
   2.64189972987335      -0.570111085040593       -2.88038440686316     
   2.49651330186992      -0.530147773633639       -2.92866121503346     
   2.70475159443677      -0.430079775559521       -2.66504147859473     
   2.63235913146495      -0.451448029066136       -2.42627606878397     
   2.37731387570721      -0.562353185761649       -2.17414522602230     
   2.12794532908012      -0.520657446047982       -1.91184310718855     
   2.23004719144481      -0.505702061795209       -1.77581397893864     
   2.32546854767736      -0.433584830960114       -1.80435998437905     
   2.48764322807468      -0.308553513005178       -1.85464132655480     
   2.80916146438260      -4.861426755749507E-002  -1.93500329213385     
   2.75790756252404      -0.148377867469134       -2.04948279001277     
   1.34824419256661       0.315187762645189       -1.71700451339673     
   1.68126646428659       0.164133413085395       -1.36315819670059     
   1.78865276816961       0.192952217863479       -1.46767848746735     
   1.39145841198642       0.300279922315164       -1.52688091081828     
   1.17981282188455       0.315910686716223       -1.41481682172779     
   2.10422664745862       0.329977063752487       -1.36532918168833     
   2.44792380504205       0.409501525747695       -1.49512342920063     
   1.09381807267801       0.691236700908071       -1.66726594275994     
  0.985999117274820       0.908773112500166       -1.64079454515834     
   1.60143566488799        1.02095514097228       -1.63319325988529     
   1.60869415826484       0.917888702200046       -1.70129972398019     
   1.61450814778798       0.921917685601601       -1.82247477460724     
   1.72303978933917       0.788117733480067       -1.97734970737630     
   1.57865236296777        1.47733370203968       -2.09289083933740     
   1.74863346662522        1.40667791287944       -2.19965203937222     
   1.87769605773070        1.54435448006820       -2.31008481330977     
   1.72054575886609        1.12207035266686       -2.40356363104285     
 -0.180783133801798        2.52482897370527       -2.50773131623346     
  0.942188732514163        2.98586855708482       -2.68700151099121     
  0.921855492820988        2.99328055344527       -2.97804700346484     
  0.664148491982282        2.89557805301549       -3.20310548649000     
  0.269720214916000        2.89827321746672       -2.88401752674587     
   1.49714704653520        3.27148496476788       -2.62236850420959     
  0.866003142862238        3.11062867885628       -2.47783725062593     
  0.514250331132939        2.02850876592294       -2.34170618361878     
  0.849372324557818        2.21720371279860       -2.21162719601135     
  0.902963811026577        2.36731395219461       -2.08410618263655     
  0.993814476223360        2.58513611389376       -2.00794092594679     
   1.21782989541349        2.56553809117985       -1.94795263167579     
  0.951169835582254        2.74693654344324       -1.93491175869525     
  0.858084494667380       0.195625033532666       -2.48815665240410     
  0.916876424418042        3.47457327398384       -1.86121026951287     
  -1.56287016867578      -0.119441908168433       -1.90833151092348     
  0.430567541509863      -0.346058927463656       -1.83545719175223     
 -0.627755045011870       -1.07826561268333      -0.158084701968635     
 -0.744206886284423       -1.00222839001150      -0.610516736225824     
 -0.775198944877947      -0.889979028045915      -0.873891840109703     
 -0.646053737795848      -0.650420920130456       -1.03865388456566     
 -0.823001704822595      -0.592738068065256       -1.16870836451380     
 -0.889247865205808      -0.460616550629975       -1.30312349778382     
  -1.30093912236192      -0.342229080872574       -1.46058846395256     
  -1.33270585415993      -0.550178697761612       -1.86833758365113     
  -1.27127048955288      -0.569389142061132       -1.74387885136356     
  -1.20190206162094      -0.700574164010087       -1.47488198346538     
  -1.10686587672706      -0.819596797862567       -1.40905894044168     
  -1.03165427464017      -0.971912457441916       -1.37961831892618     
 -0.953499830244855       -1.06869692649453       -1.36395816078932     
 -0.913306300686785       -1.02409795206829       -1.34923017318673     
 -0.814471182926782      -0.995125742535905       -1.33168148384969     
 -0.708172706210234       -1.02362768056159       -1.31257497534375     
 -0.603699971782407       -1.06448960483794       -1.29642659574551     
 -0.496568850116008       -1.10005721017558       -1.28520765672296     
 -0.385079702076437       -1.12438083343813       -1.27609101060016     
 -0.270379589842218       -1.13599442318653       -1.26672346490574     
 -0.169148577353248       -1.13117683537569       -1.25521626649215     
 -8.563218664843680E-002  -1.09990088066337       -1.23397197728196     
  1.662358340886317E-002  -1.06541538716929       -1.19452952322430     
  0.161990428789094       -1.09531556541798       -1.17946696149022     
  0.198332565330799       -1.07073077776232       -1.20842252451645     
  0.218194153982180       -1.03164622563956       -1.23347435175214     
  0.346935659745120       -1.02197553994428       -1.23988391922128     
  0.442280875105610      -0.998982144880465       -1.23971233305238     
  0.561494170708695      -0.974327063151850       -1.23944174012071     
  0.637709527431703      -0.936120719646133       -1.23924566528720     
  0.704169678233864      -0.882340465337813       -1.23514443598813     
  0.759629622357962      -0.798673970736278       -1.21997628103425     
  0.754835583085238      -0.526370691702992       -1.20880061113588     
  0.771543852925026      -0.499324315518291      -0.963270106116057     
  0.852652594223742      -0.391069521000884       -1.16597515677150     
   1.42267426725698      -0.286937850164416       -1.13368656981275     
   1.49970967885978      -0.320681651569535       -1.01462243151973     
   1.50425657051885      -0.481218697889882       -1.03476514302537     
   1.46000028868420      -0.331824810628591       -1.20038905135616     
   1.45698243777860      -0.219244147442956       -1.22316102027785     
   1.55026120262889      -4.956584022591889E-002  -1.21192418097747     
   1.87202545066548      -2.356143885344031E-002  -1.19096206804393     
   1.88190663467164      -0.265620045187406       -1.15812652704567     
   1.96150010061946      -0.559118829862929       -1.11871233632505     
   1.44944597485665      -0.519857520671790       -1.09316146813404     
   1.63161819576374       9.525946614202264E-002  -1.12117815592464     
   1.80825160142845       0.375197636792413       -1.24729682582952     
   1.94374937217473       0.404484752539789       -1.50784691443825     
   2.17663267518156       0.282738783703150       -1.95112605711559     
   2.07467793700335       0.356296727929494       -2.66348453222193     
   2.19278928958767       0.475447868978942       -2.40390757751968     
   2.12455677457957       0.514185426621035       -1.99309387637328     
   2.03818220647737       0.541190652237730       -1.78576611322818     
   1.96021809834586       0.560732562202477       -1.65483972717346     
   1.87291019202011       0.562357131792873       -1.54870597313856     
   1.63177849548307       0.429309247894122       -1.43599576585583     
   1.27236141003086       0.928830961845517       -1.18721618184933     
   1.49428199246346       0.763785866120964       -1.01958060542178     
   1.65285704240976       0.728803917789792       -1.12419265272349     
   1.79129864162536       0.759224740936379       -1.29231694903555     
   1.92807795150234       0.784378233064649       -1.40040124721771     
   1.88978398508897        1.09035822816695       -1.43831261293927     
   1.72903921588927        1.05911493494301       -1.46000141032801     
   1.57647570012558        1.02196492822739       -1.47565547021840     
   1.52910825434107        1.06047021329869       -1.48931877907716     
   1.48356746124439        1.07628578495452       -1.50116384356706     
   1.51419493102798        1.08074384491770       -1.50808207301589     
   1.57937734214583        1.14813702471514       -1.50783942971346     
   1.62055769761235        1.25024377181588       -1.50402507375116     
   1.62275329961089        1.37249908315678       -1.50107950359500     
   1.59097996458093        1.45046579474949       -1.49902824610988     
   1.54149876710014        1.54511814309577       -1.50050816955333     
   1.50122572539545        1.55024055375350       -1.51946384348512     
   1.46817640737727        1.53760268882753       -1.52398137335278     
   1.42373552079616        1.56105266716967       -1.45642722160259     
   1.38378641873839        1.57918545751702       -1.41413909146677     
   1.35663161922066        1.62838325357101       -1.38935969974836     
   1.37890065694996        1.67174920921534       -1.37183339120650     
   1.48684230729092        1.66234557547581       -1.35407181231826     
   1.61046353440577        1.60138326048085       -1.33034284229481     
   1.70938520455493        1.56081893489349       -1.29517811708673     
   1.81069976219721        1.49614658567393       -1.24694301081443     
   1.90616162598169        1.44883002739698       -1.20787850873113     
   1.76543526867248        1.30547607834802       -1.13349899670630     
   1.65092615846800        1.61761049504386       -1.13894199206485     
   1.65542215625480        1.69691554167011       -1.23447832727041     
   1.68756487941938        1.87074113172534       -1.23843204298008     
   1.33427613369744        2.01080644302143       -1.27267061103657     
   1.26897452853334        2.11579060816213       -1.15446084157653     
   1.26819221506670        2.38335204725667       -1.13953449065708     
  0.176865999651758      -0.177678505101896       -1.15714858001046     
  0.961793742130537       0.142612867180063       -1.19652299722547     
  0.832092577912362       0.342287038726312       -1.23930491564797     
  0.917774095419201       0.243798069283581       -1.28093924750052     
   1.75998270969492      -0.724291505572808       -1.30864416280376     
  0.134014518673605       -4.44197610944049       -1.28716473865968     
  0.347146808085808       0.555765003692383       -1.17162623207258     
  0.757888546829023       0.568741843977139      -0.930242634101273     
  0.603296436168200       0.481578613558513      -0.481740504314774     
  0.615153114981135       0.528245366720998      -3.112307329157157E-002
  0.534770381743433      -0.494629634266875      -0.899216732788958     
  0.394873264864307      -0.479436091796787      -0.951465754703952     
  0.359921712093845      -0.473106536937408       -1.00348441656628     
  0.361224132239105      -0.468605643323696       -1.04684609973788     
  0.384516054969870      -0.462380409814965       -1.09265780080813     
  0.424818651511110      -0.451883242787694       -1.10392385818140     
  0.473000288796363      -0.438032174539140       -1.07934495342317     
  0.521213910030658      -0.423993308338655       -1.04620991857801     
  0.566851608861018      -0.413366921376562       -1.00673962437337     
  0.609704425504816      -0.411726100110670      -0.989329671916523     
  0.660397095293263      -0.427801446582016      -0.995628236720545     
  0.776888299880706      -0.435264383373802       -1.03116992254954     
  0.850070420524801      -0.323855336465832       -1.08569367402357     
  0.857982178390495      -0.279404249414174       -1.02414140948482     
  0.887536699996128      -0.245898330337985      -0.986557752038573     
  0.926907707094040      -0.211048714423322      -0.973709181075797     
  0.974640445815544      -0.174965892892557      -0.970703616368608     
   1.02626882590332      -0.141567766374914      -0.967351919071263     
   1.07681426120915      -0.111528033514050      -0.962400286149141     
   1.12252259647200      -8.282704833263585E-002 -0.956128744159499     
   1.16225306918547      -5.422478555653257E-002 -0.948933437963175     
   1.19662988168416      -2.554094982180599E-002 -0.941301983157440     
   1.22693304087846       3.089513881274955E-003 -0.934425879546345     
   1.25442615512401       3.231386715624354E-002 -0.929321871185803     
   1.27938812892642       6.289186811745268E-002 -0.921900048291410     
   1.30131768183707       9.277722160499910E-002 -0.903056444035397     
   1.32125654138649       0.114548052193852      -0.866651314891964     
   1.34543788617639       0.120568843517626      -0.837023487522727     
   1.38060003968777       0.119320612022958      -0.863441032562730     
   1.42350592352250       0.125145135883912      -0.937866144376844     
   1.46840693821831       0.137351615160133       -1.01690935128763     
   1.51282352789911       0.155012482229117       -1.09005667332569     
   1.55519451248159       0.178681543598071       -1.15835043511131     
   1.59391648267417       0.208614040180447       -1.22154878040749     
   1.62720524484428       0.245327031369401       -1.27918255040682     
   1.65310741439516       0.289630735943506       -1.32894319059095     
   1.67028051468608       0.341284508697936       -1.36285362225046     
   1.68025787785513       0.396178313733553       -1.36428678218930     
   1.69179649428364       0.444175797049150       -1.31578409949220     
   1.72579620361225       0.473608881480007       -1.23395396683625     
   1.80052294245697       0.492617756799782       -1.22482085178905     
   1.89930367479851       0.531115575823960       -1.38258039662218     
   1.98654904283667       0.604740491538426       -1.66896173091162     
   2.08881137886437       0.683578729929119       -1.89107942478375     
   2.00435087008313       0.815122605507945       -2.83835928753938     
   2.04950531286039       0.872406390256179       -2.21058462893605     
   1.95104768359178       0.950900637762369       -2.16977748957338     
   1.87332882122667        1.01930440739537       -2.09684967917242     
   1.79447090100040        1.08669865063422       -2.05267336216749     
   1.71338000390395        1.14923830696033       -2.01159108876821     
   1.62899468711306        1.20534046772853       -1.96888934603160     
   1.54160661888414        1.25401399192870       -1.92123414326517     
   1.45310248238789        1.29492604477826       -1.86530486331792     
   1.36877165490443        1.32962424720040       -1.79909410606004     
   1.29080827263295        1.36294498881121       -1.74726666639043     
   1.21043372992669        1.39570232176553       -1.73008972613954     
   1.12507181579690        1.42459849851813       -1.72649624428627     
   1.03480350320318        1.44738851057474       -1.72618069855148     
  0.937882530477104        1.46001966338833       -1.71715690960930     
  0.840165308367738        1.46101737440338       -1.67989628227784     
  0.746164309285556        1.44868647574700       -1.60919181981040     
  0.668966990098473        1.42288696422017       -1.48416318372871     
  0.608267466954526        1.40755733586497       -1.35974480905312     
  0.511561723918118        1.40341911668849       -1.38630599204300     
  0.405196324723215        1.42417768147162       -1.44509849287823     
  0.316366675075835        1.43662775020461       -1.46681260993584     
  0.233367776749673        1.43609027602019       -1.46711345624817     
  0.154109251508996        1.42809186201550       -1.44912524027718     
  7.833671619196292E-002   1.41671418273785       -1.42162467150207     
  5.703908757838733E-003   1.40519777237918       -1.38949916035915     
 -6.542069076894580E-002   1.39711447313163       -1.35573430222275     
 -0.141641826790311        1.39684558164062       -1.32328444721458     
 -0.250770260143866        1.39855087273707       -1.29500823061707     
 -0.374065829415435        1.28779372957807       -1.27156457196204     
 -0.340702183584838        1.22148738686113       -1.25785155519425     
 -0.351664509730769        1.22747628322616       -1.26229890921436     
 -0.382934056370454        1.22637889523694       -1.28995334122437     
 -0.413178676813284        1.21085970001513       -1.32468408710748     
 -0.435999609882232        1.19446201135220       -1.29006121936493     
 -0.448983447147678        1.18212818631110       -1.20644750281022     
 -0.451501656152811        1.17936856760309       -1.12666978078853     
 -0.441954651576962        1.19202909308356       -1.05377364470324     
 -0.413871559774904        1.22345325591060      -0.988382885206900     
 -0.353720125140390        1.27112792335812      -0.932444412734154     
 -0.245789880027121        1.31202593220084      -0.887932810578076     
 -0.110566090648247        1.29830493973614      -0.858575612254297     
 -2.007803646268928E-002   1.23285892016006      -0.853255232875305     
  1.826845536418552E-002   1.18898691473728      -0.887448248526580     
  0.113034967964169        1.19029594748635      -0.975887984483159     
  0.334805042709917        1.02348680658380       -1.10906191994229     
  0.372373024709081       0.759349235848898       -1.17729692271355     
  0.383263100367880       0.639956110754803       -1.02640375528404     
  0.464208377644797       0.591907884635785      -0.761002248022142     
  0.532235297554568       0.635989642255842      -0.216397819083035     
  0.417651818539204       0.729035384440191       0.223449116637920     
  0.306190074131883       0.742206432561128      -0.106918314637278     
  0.314675110119583       0.704748565034268      -0.558767479709296     
  0.333376325194917       0.704159411396085      -0.693784970705175     
  0.403107440796386       0.713930345404969      -0.779934393764996     
  0.594658165143442       0.749093872832964      -0.843985518994995     
  0.509501747710725       1.601173747310963E-002  0.823017691885338     
  0.507490977081718       4.797202140658954E-002  0.829269823147551     
  0.503477371416743       7.974298168790953E-002  0.829290988504359     
  0.497476770583717       0.111199232851610       0.822525550946237     
  0.489512856212716       0.142216631445343       0.808560288362764     
  0.479617058235394       0.172672765967359       0.787150935203673     
  0.467828430845408       0.202447439968785       0.758089959123394     
  0.454193498369354       0.231423146414092       0.720803846574532     
  0.438766071656509       0.259485531427682       0.673461100941236     
  0.421607035711986       0.286523845596389       0.609208917642474     
  0.402784109411441       0.312431381046820       0.515517405482618     
  0.382371578245605       0.337105892572581       0.292773761309910     
  0.360450001149390       0.360450001149390       0.384888333527069     
  0.337105892572581       0.382371578245605       0.408091778548559     
  0.312431381046821       0.402784109411441       0.377311364262849     
  0.286523845596389       0.421607035711986       0.323978917874070     
  0.259485531427682       0.438766071656509       0.256361434305937     
  0.231423146414092       0.454193498369355       0.177367637924058     
  0.202447439968786       0.467828430845408       9.299761681457797E-002
  0.172672765967359       0.479617058235394       1.299386730424487E-002
  0.142216631445343       0.489512856212716      -5.212952157258523E-002
  0.111199232851610       0.497476770583717      -8.421219657171498E-002
  7.974298168790961E-002  0.503477371416743      -1.868802056591770E-002
  4.797202140658965E-002  0.507490977081718      -3.651321428259086E-002
  1.601173747310968E-002  0.509501747710725      -0.244514065133648     
 -1.601173747310962E-002  0.509501747710725      -0.427146329769468     
 -4.797202140658953E-002  0.507490977081718      -0.536645724273595     
 -7.974298168790950E-002  0.503477371416743      -0.621725914111656     
 -0.111199232851610       0.497476770583717      -0.692386374821081     
 -0.142216631445343       0.489512856212716      -0.751987201791729     
 -0.172672765967359       0.479617058235394      -0.800664060236024     
 -0.202447439968785       0.467828430845408      -0.836739922972514     
 -0.231423146414092       0.454193498369354      -0.857181983964303     
 -0.259485531427682       0.438766071656509      -0.858876439758919     
 -0.286523845596389       0.421607035711986      -0.844777215861276     
 -0.312431381046820       0.402784109411441      -0.833040847730416     
 -0.337105892572581       0.382371578245605      -0.840899442363760     
 -0.360450001149390       0.360450001149391      -0.856498113567587     
 -0.382371578245605       0.337105892572581      -0.854551699808525     
 -0.402784109411441       0.312431381046821      -0.881146024787836     
 -0.421607035711986       0.286523845596389      -0.956630462117882     
 -0.438766071656509       0.259485531427682       -1.02580660809764     
 -0.454193498369354       0.231423146414092       -1.07993539515193     
 -0.467828430845407       0.202447439968786       -1.12878954430333     
 -0.479617058235394       0.172672765967359       -1.16866581247604     
 -0.489512856212716       0.142216631445343       -1.19612711086772     
 -0.497476770583717       0.111199232851610       -1.21125701398252     
 -0.503477371416743       7.974298168790957E-002  -1.21559823188050     
 -0.507490977081718       4.797202140658968E-002  -1.21077316153774     
 -0.509501747710725       1.601173747310971E-002  -1.19815261211090     
 -0.509501747710725      -1.601173747310959E-002  -1.17888445070893     
 -0.507490977081718      -4.797202140658954E-002  -1.15396554875156     
 -0.503477371416743      -7.974298168790959E-002  -1.12426325928593     
 -0.497476770583717      -0.111199232851610       -1.09047716741093     
 -0.489512856212716      -0.142216631445343       -1.05305959699020     
 -0.479617058235394      -0.172672765967359       -1.01210880023274     
 -0.467828430845408      -0.202447439968785      -0.967203896934276     
 -0.454193498369354      -0.231423146414092      -0.917042487896864     
 -0.438766071656509      -0.259485531427682      -0.858297677731523     
 -0.421607035711986      -0.286523845596389      -0.782912118197673     
 -0.402784109411441      -0.312431381046820      -0.653207442061297     
 -0.382371578245605      -0.337105892572581      -0.493858936506325     
 -0.360450001149391      -0.360450001149390      -0.463889217374117     
 -0.337105892572581      -0.382371578245605      -0.524180970514736     
 -0.312431381046820      -0.402784109411441      -0.532506996574638     
 -0.286523845596389      -0.421607035711986      -0.512795380577578     
 -0.259485531427682      -0.438766071656509      -0.483914812109555     
 -0.231423146414092      -0.454193498369355      -0.455079197776307     
 -0.202447439968785      -0.467828430845408      -0.429677519351459     
 -0.172672765967359      -0.479617058235394      -0.411146952258064     
 -0.142216631445343      -0.489512856212716      -0.405483778212937     
 -0.111199232851610      -0.497476770583717      -0.428377695846029     
 -7.974298168790959E-002 -0.503477371416743      -0.514223308239606     
 -4.797202140658959E-002 -0.507490977081718      -0.668209887994124     
 -1.601173747310963E-002 -0.509501747710725      -0.384043056002758     
  1.601173747310945E-002 -0.509501747710725      -0.264246351879552     
  4.797202140658939E-002 -0.507490977081718      -0.183023708030358     
  7.974298168790946E-002 -0.503477371416743      -0.119687598336267     
  0.111199232851610      -0.497476770583717      -6.152445926691991E-002
  0.142216631445343      -0.489512856212716      -3.081803880686245E-003
  0.172672765967359      -0.479617058235394       5.982802462495196E-002
  0.202447439968785      -0.467828430845408       0.132181612871499     
  0.231423146414092      -0.454193498369355       0.221318741662506     
  0.259485531427682      -0.438766071656509       0.336684818759436     
  0.286523845596389      -0.421607035711986       0.477918780024248     
  0.312431381046820      -0.402784109411441       0.605622146065167     
  0.337105892572581      -0.382371578245605       0.673821324773401     
  0.360450001149390      -0.360450001149391       0.716806020381578     
  0.382371578245605      -0.337105892572581       0.809562256483193     
  0.402784109411441      -0.312431381046821       0.841907548567253     
  0.421607035711986      -0.286523845596389       0.712366741706294     
  0.438766071656509      -0.259485531427682       0.639346973302869     
  0.454193498369354      -0.231423146414093       0.629658430202915     
  0.467828430845408      -0.202447439968786       0.650934723435094     
  0.479617058235394      -0.172672765967359       0.683131005164155     
  0.489512856212716      -0.142216631445343       0.716114963569870     
  0.497476770583717      -0.111199232851610       0.746245174411585     
  0.503477371416743      -7.974298168790962E-002  0.772385442460528     
  0.507490977081718      -4.797202140658962E-002  0.794116507634794     
  0.509501747710725      -1.601173747310960E-002  0.811126399105541     
