  0.484292352861817       5.025530424256992E-002 -5.054125499872377E-003
  0.477931604328800       8.237770261216555E-002 -1.508266992129814E-002
  0.532845360477325       0.170710988790908      -2.487335162811346E-002
  0.339669508688593       0.272822097423578      -3.427176572113397E-002
 -0.205401302352352       0.107016264530233      -4.312969359577076E-002
  0.346119778586389       0.269583303199819      -5.130744043797323E-002
  0.347473477288716       0.397998412000477      -5.867603829488885E-002
  0.262794545615866       0.400173509710557      -6.511927997652842E-002
  0.217846417687372       0.445101051309619      -7.053555171256558E-002
  0.159583466031295       0.473921201401946      -7.483943566219958E-002
  9.701300969854923E-002  0.477902015987291      -7.796305700452838E-002
  4.535143303044531E-002  0.517414549753330      -7.985715436502286E-002
 -3.698064539424818E-002  0.497145822958398      -8.049185669683015E-002
 -0.105645721077601       0.490334188686476      -7.985715436502307E-002
 -0.261451664304979       0.455782680119280      -7.796305700452866E-002
 -0.234159720090448       0.455666177574504      -7.483943566219955E-002
 -0.296831633601833       0.452923405047585      -7.053555171256558E-002
 -0.511400130560152       0.310631150860092      -6.511927997652819E-002
 -0.336441343260917       0.374301937702427      -5.867603829488906E-002
 -0.437300393717408       0.294377125582624      -5.130744043797326E-002
 -0.288521261950197       0.325619717029727      -4.312969359577105E-002
 -0.455511768143951       0.247057076258222      -3.427176572113353E-002
 -0.550107670767868       0.145647390129405      -2.487335162811233E-002
 -0.498789015073429      -1.307889748900830E-002 -1.508266992129779E-002
 -0.618515104225552       9.902636772627030E-002 -5.054125499873309E-003
 -0.561994112839060       6.737159860512709E-003  5.054125499872747E-003
 -0.533216723266242      -9.369527214386145E-002  1.508266992129870E-002
 -0.525641421662432      -0.161066952072744       2.487335162811306E-002
 -9.953464561561673E-002  -1.08838238433778       3.427176572113359E-002
 -0.439893655185895      -0.246025139868757       4.312969359577050E-002
 -0.422675871394005      -0.281597830797660       5.130744043797365E-002
 -0.366310947598563      -0.423898271169378       5.867603829488888E-002
  0.832474511661603      -0.859248148799661       6.511927997652855E-002
 -0.248083334219386      -0.435118159670570       7.053555171256504E-002
 -0.207194607289875      -0.464017044718727       7.483943566219910E-002
 -0.146932804121714      -0.536860159170394       7.796305700452870E-002
 -0.120362048116274      -0.500699188492375       7.985715436502240E-002
 -5.425276820130377E-002 -0.506765838338565       8.049185669682922E-002
  6.396101724549048E-002 -0.522533499983892       7.985715436502266E-002
  0.116914697120177      -0.474171185800688       7.796305700452841E-002
  0.198748416033682      -0.500465954928997       7.483943566219871E-002
  0.453363050346049      -0.452978074335046       7.053555171256584E-002
  0.133037719744537      -0.437336938152142       6.511927997652818E-002
  0.399167476779325      -0.448838109327950       5.867603829488890E-002
  -1.62626532886135       -1.89933542882569       5.130744043797383E-002
  0.358904316041339      -0.320219855426962       4.312969359577010E-002
  0.372123096159883      -0.241875905120631       3.427176572113427E-002
  0.447755814475495      -0.172236891909102       2.487335162811290E-002
  0.442268277710254      -7.716609301665914E-002  1.508266992129770E-002
  0.490043113982112      -3.976013042532643E-002  5.054125499873328E-003
  0.161353890017329      -0.539719015450702       8.318696779715702E-004
  0.435066751387258       0.101085125155448       3.802229532619611E-003
  0.476788080232275       0.146089625550190       6.146147099659471E-003
  0.428734647679907       0.181183372589844       7.968368215010192E-003
  0.423037944411578       0.272892998124776       9.183451258980407E-003
  0.350028715601392       0.334193999366974       9.746267728549720E-003
  0.349167051756874       0.368935354431192       9.662598106485570E-003
  0.266554760419700       0.396591407258826       8.985692650423142E-003
  0.251446528399696       0.387784110424404       7.804387160851575E-003
  0.192698377534787       0.473542011842066       6.230051937462087E-003
  9.884227356954671E-002  0.454529911128910       4.384659683608709E-003
 -0.245588305154433       0.326164159477717       2.391114925615276E-003
  9.591356380393543E-002  0.493870714288071       3.663522133133759E-004
 -8.588979846845886E-002  0.487814016350436      -1.582877184704005E-003
 -0.120992014643444       0.490367245367427      -3.362002859222348E-003
 -0.200007067828019       0.474967913720018      -4.889139073695157E-003
 -0.269373667916864       0.482121746604415      -6.094956787677358E-003
 -0.305678176579003       0.369201116108271      -6.922813141458877E-003
 -0.370355603084689       0.344948947603012      -7.329906525840871E-003
 -0.400127713439065       0.435616161423389      -7.289912345226963E-003
 -0.530523368782273       0.415148036894085      -6.797043308492793E-003
 -0.479309904771036       0.206809254476376      -5.870868593423949E-003
 -0.561648042820222       0.150986261168620      -4.560996296831839E-003
 -0.586572080100112       0.112740900524108      -2.950512151787509E-003
 -0.511119471716361       3.708943283425654E-002 -1.226314089348241E-003
 -0.555826348708320      -3.994023281714110E-002  9.659707677996640E-004
 -0.582640237395342      -0.127358115361228       2.738427987576690E-003
 -0.520021515482661      -0.154351344093757       4.397960254589902E-003
 -0.463679152242367      -0.136592675449762       5.764132924722569E-003
 -0.666892647734387      -0.264646250001064       6.753373387776626E-003
 -0.430751676611393      -0.318154509255085       7.306135271694202E-003
 -0.387616737995689      -0.403540648092209       7.394154946626350E-003
 -0.297145419973644      -0.431415661230978       7.016214800261546E-003
 -0.224645523604716      -0.443351403312700       6.195084508835824E-003
  1.113531449968105E-002 -0.569052112353803       4.973561546158693E-003
 -0.106041256903290      -0.491631847532906       3.411538794498497E-003
 -8.096200102316418E-002 -0.503332991941512       1.584195974104324E-003
  9.952809959409033E-002 -0.489348227090480      -4.190605593489552E-004
  0.126383660869165      -0.503830143409311      -2.495561443281138E-003
  0.138494184083421      -0.463139756032459      -4.531002701121166E-003
  0.154083612519487      -0.449838141736560      -6.402468522175447E-003
  0.292224527802811      -0.444033764411472      -7.983440970708893E-003
  0.249430911807843      -0.322032421276993      -9.151155890401544E-003
  0.261052104643919      -0.300546050959176      -9.796308649399533E-003
  0.354978771949057      -0.314789441380166      -9.834583016521440E-003
  0.390157938812150      -0.219504638270106      -9.218713069927852E-003
  0.424389850934483      -0.220661049377689      -7.948691837081334E-003
  0.435997758386877      -0.152610778093192      -6.075732359778437E-003
  0.433586329937197      -7.428181308744569E-002 -3.684178400391966E-003
  0.496024175441155      -4.030258545788871E-002 -6.929153733955083E-004
  0.475024808675535       4.769744097992738E-002 -1.180084301719984E-002
  0.513361078498424       9.354607333288024E-002 -2.992320623268296E-002
  0.480412842019867       0.148999058578079      -3.469733862350299E-002
  0.432657559823886       0.219530566759275      -3.513432104028912E-002
  0.413483798481701       0.278073566628723      -3.495806453084613E-002
  0.392656267080762       0.323149935491946      -3.476165665475445E-002
  0.358122503851123       0.512541357334552      -3.459100794177909E-002
  0.273080469359407       0.398809199303649      -3.448352515189559E-002
  0.244470505584724       0.424346444254000      -3.448298315929955E-002
  0.176474522157948       0.466771332176660      -3.538740621935690E-002
  1.161314842476265E-002  0.546411848148642      -4.440111565661227E-002
  9.748264372954916E-002  0.496677571700926      -5.135456530467013E-002
  0.108579957901305       0.564699939592501      -4.622899015391652E-002
 -5.269106548083680E-002  0.507209010290326      -3.731908264656381E-002
 -0.143894830821221       0.521260562394927      -5.052171320994224E-002
 -0.199955930206326       0.529955960430215      -6.679621214387506E-002
 -0.226156940237951       0.441607683814540      -7.018480543835423E-002
 -0.290136544672685       0.462694490030312      -7.227589143520485E-002
 -0.389735164117567       0.403387561077110      -7.408911407020945E-002
 -0.442603988483464       0.322295155210287      -7.496897124234816E-002
 -0.551331181935464       0.147028720177430      -7.331782257398686E-002
 -0.478753371532459       0.229779760906179      -6.594490639968044E-002
 -0.458443019265462       0.167055604919547      -4.641573552893648E-002
 -0.526065242788606       0.131328158492737      -1.913163284568573E-002
 -0.534590790761036       4.840248072576678E-002 -4.300026651425470E-004
 -0.548597153065345      -7.022237288318497E-002  1.827705563168131E-003
 -0.635468395579477      -0.186699734391016       1.958551281566749E-002
 -0.494134664150346      -0.205761461231242       4.606586417104117E-002
 -0.462353713384056      -0.349077876023817       6.361199679834630E-002
 -0.514089287884580      -8.421406401184368E-002  7.156394349588864E-002
 -0.442815040938663      -0.337051719548301       7.384679502663960E-002
 -0.375579135422638      -0.419978287919637       7.353367893994894E-002
 -0.328890743831493      -0.435684181082813       7.240680737736398E-002
 -0.245377038902505      -0.432671901314688       7.144581226203592E-002
 -0.198389358806009      -0.486181772167444       7.062373148504685E-002
 -0.158998720790446      -0.576914092800424       5.819252211301212E-002
 -8.680134005769130E-002 -0.503670652697612       3.968324294349506E-002
  8.555416741933225E-002 -0.543998106116095       4.647865252438095E-002
  6.901393216481927E-002 -0.475581842102176       4.936836261736198E-002
  0.119579861310005      -0.452696093721521       4.187405673003517E-002
  0.194817740092449      -0.451438077775921       3.411069468666743E-002
  0.241954415127761      -0.406401364783183       3.429815971352956E-002
  0.306541457678212      -0.399162434792524       3.508183452566913E-002
  0.311551278676585      -0.263786758261079       3.562975835957553E-002
  0.386530855917345      -0.332648538500139       3.592108166250779E-002
  0.391960926767661      -0.264424687865634       3.593330441624611E-002
  0.435426824653104      -0.169728559957611       3.587386922203692E-002
  0.453335007442376      -0.177356758468965       3.419237142280238E-002
  0.468599491491959      -9.098338021780245E-002  2.917176493308016E-002
  0.400385755704887      -0.114441103579783       1.170028824045398E-002
  0.490586111759601       3.389880527173385E-002 -6.129212808904804E-003
  0.413269643163465       3.187446401140095E-002  6.625246154473365E-003
  0.479271365040350       0.150582376012002       1.027387022910240E-002
  0.527514452265502       0.171206122143343       1.261075368036732E-002
  0.405773847550382       0.283313055694251       1.451454701953602E-002
  0.359861763098632       0.323939496485838       1.677158443255829E-002
  0.328307401330872       0.387481020272107       2.039996652513710E-002
  0.334181984195461       0.374023257974945       2.442438151614759E-002
  0.461294822165800       4.242017453169750E-002  2.699772393159395E-002
  0.197549920111510       0.484556796092468       1.775695702656279E-002
  6.372991772711314E-002  0.482387297402177      -8.029332773653206E-003
  7.748472279013466E-002  0.486194489613950      -2.625706476071914E-002
  9.518809793220687E-002  0.652926437203117      -2.772432233191703E-002
  6.875714184907748E-002  0.521246194700467      -3.189725943666585E-002
 -0.116595683681810       0.497527236327437      -2.811133926052668E-002
 -0.185271981108868       0.455829469320886       3.286541418827782E-003
 -0.273255113267059       0.464554637353807       2.301497729737952E-002
 -0.284388565775883       0.434737661597689       3.110459869323819E-002
 -0.370481364742386       0.357716151952581       3.871552755435786E-002
 -0.213059465029264       0.471793812634494       5.103184940359645E-002
 -0.439884074659725       0.298135402796598       6.600677495380344E-002
 -0.462963839402415       0.256485588038298       6.869187550449435E-002
 -0.517247920755601       0.196128061816649       4.790451156732210E-002
 -0.551093664936481       0.103829672936067       1.170061175959091E-002
 -0.548016323129822       1.150835968153958E-002 -5.588995289077028E-003
 -0.535994337576876      -3.970170190722810E-002  6.146110368234618E-003
 -0.500847555524300      -0.102963613799203      -9.766774885598101E-003
 -0.501200280747161      -0.197125902931541      -4.551428470056055E-002
 -0.296470356509785      -0.385678595239118      -6.476578638022347E-002
 -0.455606944237857      -0.272908837706427      -6.251732118989871E-002
 -0.420786346780593      -0.341313469730454      -4.829265859942430E-002
 -0.376160162185291      -0.407409296312957      -3.683917827119881E-002
 -0.326303397479549      -0.426146596263202      -2.991525960753547E-002
 -0.243008718886169      -0.477678644458538      -2.217388765391778E-002
 -0.154643290309217      -0.512395165720200      -2.110794076879382E-003
 -0.111001320391345      -0.517739764996456       3.029633594844879E-002
 -4.148337030600785E-002 -0.526637186160168       3.175009736678701E-002
  8.101779811430100E-002 -0.578997830919097       2.597873756679995E-002
  5.028158879632005E-002 -0.493934252197770       2.353192707696731E-002
  4.861758676303311E-002 -0.513412476904846       7.204768895865756E-003
  0.200531387123233      -0.500396245604738      -1.545673266746613E-002
  0.207754734129988      -0.419629412977890      -2.447103253272899E-002
  0.219045286860104      -0.394151529273192      -2.335775827189968E-002
  0.345117274259744      -0.349980976409334      -2.065217082212519E-002
  0.411357136723359      -0.299676172134464      -1.768343712348117E-002
  0.429560560352318      -0.250622392995365      -1.536043006567557E-002
  0.517728573260164      -0.163496962427389      -1.300845472378013E-002
  0.442572140014112      -0.157987218858942      -9.286331454491826E-003
  0.476250053607926      -6.694097007305191E-002 -5.790382054414714E-003
  0.494120780130772      -5.357140561849311E-002  6.556148511594992E-003
  0.482293995117514       3.912348699539145E-003 -3.340457624058454E-002
  0.889698658830379      -0.175014965188581      -2.198938622351976E-003
  0.471242821776281       0.140373701816929      -2.453104063816235E-004
  0.472335196281315       0.168303068460599       8.640274242661153E-003
  0.427018986564134       0.275105420628348      -6.535323202975108E-003
  0.354395776471280       0.323027713873691      -2.245536624417555E-002
  0.333418506914453       0.350188360070287      -2.238287040454917E-002
  0.328248821029593       0.372695340462857      -3.995275122792571E-002
  0.265803708035909       0.436518091538689       2.635976292762194E-002
  0.198459828504599       0.472092916795147       3.029535508070829E-002
  7.471710609149444E-002  0.475977476693990      -1.759571378755504E-002
  5.829159572150012E-002  0.492020174716413      -3.042660780381851E-002
  0.118919245477716       0.519494232818853      -1.253358000090550E-002
 -8.391371813644263E-002  0.505708171913186      -8.946874852615945E-003
 -6.942563328456064E-002  0.504671337460311       3.442236070607909E-004
 -0.154121245267051       0.491668079689573      -1.560176830543112E-002
 -0.229407374532957       0.430114981933623      -1.398371650168276E-003
 -0.292490760231438       0.469612859693227      -3.163244924445195E-002
 -0.342155102330977       0.395330279458744      -3.634693754068494E-002
 -0.412609595917974       0.303341259436849      -2.454124709819527E-002
 -0.658530649898344       0.648349182436075      -3.549137024101738E-002
 -0.463702728901536       0.283905095183959      -5.582408167632408E-002
 -0.501138653978189       0.150923952638050       2.627033255350812E-002
 -0.548168226308321       0.130562852231669       2.573884468665108E-002
 -0.534544706430742       3.367493207889921E-002  1.507344358593590E-002
 -0.541934026107457      -4.840622745942970E-002  4.073467986814226E-003
 -0.526374184712456      -8.786574519293090E-002  2.691289234084961E-002
 -0.499177084178986      -0.182744357315831       7.662740632529684E-003
 -0.530000681233771      -0.163295024300190       6.073758614614958E-002
 -0.435634574550577      -0.308654030175140       3.453896098297431E-002
 -0.414771268377300      -0.341626448307163       2.656195319839399E-002
 -0.404093906516564      -0.227482066003605       3.772687392027830E-002
 -0.333884364268270      -0.417735560885454       3.632081960914767E-002
 -0.252730000742204      -0.449534824585334       1.092040188379187E-002
 -0.185778412984558      -0.511524595722541      -8.627415050992891E-002
 -0.123453127996803      -0.499407503880801       1.118451402984889E-002
 -4.697814180217372E-002 -0.488366032185977       8.588019508359497E-003
  0.106120978989873      -0.505608401196011       7.619440341289307E-003
  6.249966379444430E-002 -0.468111875035704       1.888168512757473E-002
  0.103365839808796      -0.469569246417478       3.462211440325056E-003
  0.179302894005874      -0.426549054045992      -1.232495200638520E-002
  0.224168995068143      -0.429717571525357       8.350614649044009E-003
  0.298356122058797      -0.414094663802326       5.538299612859231E-002
  0.211142437770591      -0.386273457563622       3.783148586317286E-002
  0.409701163944885      -0.296781746157482       3.665798658306980E-002
  0.404674328059153      -0.257082238391124       1.597095016208140E-002
  0.440328106844660      -0.219517362476584      -6.346754436479182E-003
  0.484621103641745      -0.137839990938366      -2.344364553725242E-004
  0.449095252912174      -8.017029866114286E-002 -2.128765323404859E-002
  0.483865048523304       2.583882513476692E-002  1.448603619290068E-002
  0.478095408105364       5.235042659188052E-002 -2.522474674112526E-002
  0.469797368881641       8.437703625897540E-002  1.554290523273739E-002
  0.461331071299233       0.210918458652573       1.154788177878181E-002
  0.417321816312705       0.197682513102793       5.913501742800943E-003
  0.399612782496476       0.251486095647170       1.531815700082664E-002
  0.416355948481516       0.389884139825054      -1.334674812552971E-002
  0.240600631240629       0.411609968866319      -3.878431349578459E-002
  0.262766696195328       0.384760794894113       1.066569357911603E-002
  0.219963974199848       0.441695524212905       4.264840353368517E-002
  0.151108814550635       0.456205219075138       9.633204275098872E-002
  7.997676063333302E-002  0.478786246724446       2.875110126287776E-003
  2.191715730409377E-002  0.474239831051707      -4.956176345582720E-002
  2.674710943353572E-002  0.642250352309578      -3.496529764268685E-002
 -5.890750158420312E-002  0.505945618160605      -1.870501643054876E-002
 -9.996243558684638E-002  0.496592279984497      -1.114563722057196E-002
 -0.238831243995503       0.502922639931666      -9.181182857663627E-003
 -0.292049241774944       0.485866490364557      -1.947980483699756E-002
 -0.318866580449186       0.471050167731784       2.247794692191604E-002
 -0.382736240242911       0.398214478307862       4.783444945342177E-002
 -0.377529492990642       0.359896451559426       4.660132297510786E-002
 -0.426646625403964       0.274574027341342       1.199819903396320E-002
 -0.492128009258925       0.151621295769518      -3.890197499054987E-002
 -0.444459760040181       0.162201859805381      -2.826397676781926E-002
 -0.531450445297575       8.698971663288248E-002  5.074617069334464E-003
 -0.539935175449344       3.402680937343442E-002 -1.296104011557514E-002
 -0.545434093647208      -3.731875949938606E-002  1.353479469782896E-002
 -0.520229931705914      -6.926939658862225E-002  1.925215138268781E-003
 -0.490223636126568      -0.164657113968676      -9.127829461354646E-003
 -0.482409245477223      -0.266004433040478      -1.245299054992230E-002
 -0.417825995651466      -0.287285662756277      -4.360221292830214E-004
 -0.444586924763825      -0.350954881221543      -3.126198048586425E-002
 -0.377590644827387      -0.360918399296906      -9.922588904118417E-003
 -0.322193331144185      -0.422284051560111       3.513207588481015E-003
 -0.221657582510626      -0.470389914343626      -2.935760233701824E-002
 -0.216221302035455      -0.454349618681740       6.107750305524968E-002
 -0.118817547251240      -0.545944974733362       0.110391217401886     
 -6.951812544533409E-002 -0.482786438785512       3.445206609376959E-002
  6.922630569726708E-002 -0.541336294114563       4.806040131760686E-002
  5.918838046706230E-002 -0.483929192718285       6.725705806347357E-002
  9.783565690646297E-002 -0.465965915589353       1.174210872808882E-002
  0.176247960683246      -0.456887200184852      -5.418259330732234E-002
  0.276633288259828      -0.477868276313587      -4.733351362020929E-002
  0.310779235205241      -0.417605034310440       7.220212731449403E-003
  0.281630683066433      -0.345515558119427       2.019830141226036E-002
  0.398378108049762      -0.327931712183643       7.943265883051831E-004
  0.424024965395864      -0.265123097089732      -2.432281599545226E-002
  0.458156580772637      -0.166007471842828       7.802818713509162E-003
  0.472858828926458      -0.143565013487655       1.523339939776623E-002
  0.492686988171891      -7.765178251263957E-002 -4.775468747046280E-003
  0.483847807894594      -3.526524248035464E-002 -5.439085664348818E-003
  0.493664329602761       3.485728609928938E-002  1.062574446980331E-002
  0.506093148371861       9.061476212309216E-002  3.261519231623901E-002
  0.449694641622841       0.174658731504525       5.286049383257949E-003
  0.543993204042505      -0.532620524265244       1.841843403699059E-002
  0.401874381930722       0.281286130154135      -9.816978829416777E-003
  0.370459331414460       0.303768413418203       4.510353769409291E-002
  0.323349171450538       0.457942427667428      -1.394039292183602E-002
  0.266718066840718       0.374354330418573      -2.639264056887758E-002
  0.251710779442053       0.453745571130011       4.600582019061127E-002
  0.193577389691562       0.467009574828495       4.429677338932562E-002
  7.937957129139582E-002  0.467928378147459      -2.771720657642612E-002
  5.333999647150627E-002  0.480099993676989       1.706703973172292E-002
  1.515529742201211E-002  0.497221229157127       4.252533829752111E-002
 -8.353317339614602E-002  0.502993289310409       4.712103896655881E-002
 -0.136832427557898       0.494662671891174       4.687956804707068E-002
 -0.217091228166470       0.479228769830951      -1.397649029764554E-002
 -0.250473512798419       0.468555795819099       4.204045358827446E-002
 -0.340039621680906       0.394929208783880       4.716805867947553E-002
 -0.351734846533150       0.384386710318289      -2.322131424058987E-002
 -0.386389604996998       0.365484634791042       1.565120374687719E-002
 -0.373145528591282       0.251321473647674       2.994051354379879E-003
 -0.512375095434544       0.206647260024645       2.857555365441886E-002
 -0.481239294742754       0.167318996982521       8.461410379656255E-003
 -0.519468612115269       9.896719037578752E-002  1.909301384906180E-002
 -0.526650211543270       2.062659147071469E-002  4.743308748084495E-003
 -0.536267585222074      -5.592568171567480E-002  1.191644329735226E-002
 -0.507295146047184      -9.801679051294299E-002  2.041246190454534E-002
 -0.476756032121644      -0.194211386149457       2.413834461559126E-002
 -0.485697269326564      -0.229039376201899       4.119328582770823E-002
 -0.467981124046020      -0.272116165492112       3.041735471460230E-002
 -0.496353016467137      -0.258885692593816       2.128090150155281E-002
 -0.348026541144811      -0.377045262991580       2.100777127841227E-003
 -0.330497875135730      -0.403941237977634       3.819533446172519E-003
  0.640105602829823       0.287010559568195       5.605523258107309E-002
  0.508008942612902       3.196121358636919E-002  7.239292958390593E-002
 -9.996992436689443E-002 -0.512728454452497       2.111684341229130E-002
 -7.217998050332607E-002 -0.519980624868550      -1.101691775264066E-002
  1.040095016186734E-002 -0.553551261895735      -2.200388646224021E-002
  6.262402464307497E-002 -0.518453360806460      -3.453908728175624E-002
  0.152097996882085      -0.492374946065226       4.191630135712484E-002
  0.169965132457933      -0.501738705386740       5.682413287653038E-002
  0.247215491188482      -0.431981097142011      -8.731186189304999E-003
 -7.404614628278436E-002 -0.460206639123053       4.966135376679182E-002
  0.361931470194462      -0.349886897045728       2.751863936702272E-002
  0.387682322804426      -0.330381351864472       1.860831563279416E-002
  0.262816046761972      -5.403049326598996E-002  5.971941084161009E-002
  0.460171755940900      -0.246861973676744       3.642726918272067E-002
  0.481078605944134      -0.129185043690055       2.007950734912605E-002
  0.480592999864307      -9.766581663217946E-002  2.625237763996200E-002
  0.491348735311355      -4.599861230441763E-002  2.886799219743209E-003
  0.510862231804772       1.960314499561642E-002 -0.111896647946628     
  0.427599411969970       0.135588264308523      -5.046928696999106E-003
  0.439539546882481       0.165384678579184       1.040890355685962E-002
  0.445851352595881       0.199595910582396       1.359211747185669E-002
  0.422253616197118       0.274792390020014      -1.945528495720825E-002
  0.391283643730276       0.321662471384715       1.105087932145921E-003
  0.332248921192829       0.352907706176313      -1.051218401131924E-002
  0.285784693205723       0.394796040210644       5.202900096004934E-002
  0.249171171662877       0.419624879746949      -5.588697959104569E-002
  0.185604520706634       0.448501938897739       4.090765849210855E-002
  9.316706585231113E-002  0.460686062262976      -1.471840969333073E-002
 -0.130991159326474       0.743696783332682      -5.001203487529707E-002
  2.812700506382354E-002  0.514249824385248      -8.263246852693537E-002
 -5.197961911763619E-002  0.504175250170368      -5.284469213233268E-002
 -0.100334283453055       0.497259326250543      -5.316390657005842E-003
 -0.209514465184437       0.473545782835947       9.599416332331915E-003
 -0.257845680849147       0.440693479053431      -2.396222783653158E-002
 -0.318351352916515       0.422249204082727       4.593262899067007E-003
 -0.348779159041831       0.390282840167804       9.613788219327118E-002
 -0.405541529135523       0.313764125632051       1.685086226490703E-002
 -0.476480471463273       0.224338780231169       4.787318133069650E-002
 -0.456743104400384       0.234855211970502      -1.955646113604799E-002
 -0.505890435207222       0.190042433124378      -4.205173471374148E-002
 -0.510595402763749       9.181163573828968E-002 -6.075329319700954E-003
 -0.518346967854107       3.492190955723136E-002  2.073569614666421E-002
 -0.511089571508947      -1.731835286325052E-002  1.074248735421237E-002
 -0.529523001686946      -8.310885148199744E-002 -3.144192565335897E-002
 -0.545889169583027      -0.152362300231117       2.122299367865190E-002
 -0.476584961889346      -0.253362434528440      -9.524023481020477E-004
 -0.426937751745866      -0.275793886718776       9.916463586530836E-003
 -0.402593560448451      -0.328202222015320      -2.844927095615882E-002
 -0.398246731238560      -0.373026473388737      -3.629654330073807E-002
 -0.249563100630202      -0.379003249155204      -2.526959341982200E-002
 -0.237762296541291      -0.451523464393277      -4.595242374789218E-002
 -0.277075205728826      -0.457590575885252      -5.987356517710899E-002
 -0.108252599865033      -0.535631852449991      -8.927585760412757E-003
 -6.498264967659707E-002 -0.494429741297186       6.309688244601677E-002
 -1.344883352500177E-002 -0.517807597990765       8.897005946978960E-002
  6.410177236162175E-002 -0.513893649701537       0.105297904447346     
  0.128086376251512      -0.461081919828331      -5.998697870282464E-002
 -9.821670949544911E-002 -0.395278776269896       6.532972078017181E-002
  0.229283290559603      -0.432921436959995       1.410115635444810E-002
  0.289839051602494      -0.419833870626584      -5.038030532629247E-002
  0.325312243116332      -0.355726059826637       2.901272391481977E-002
  0.387881545806952      -0.330092285788356       2.787267913405811E-003
  0.451551007215266      -0.253820972688370       5.119795406098888E-002
  0.458812072170078      -0.177262493578534       3.375709480998470E-002
  0.476651103528422      -0.147671680820541       2.308682470165520E-002
  0.551275911937812      -0.111318384772773       8.526053873249699E-002
  0.501476334706433      -2.954035408751879E-002  1.653464593788986E-002
  0.517571627959204       2.541551376962897E-002  7.788386664602957E-002
  0.557419045657184       9.512113852694687E-002  5.505320567741262E-003
  0.483618884040086       0.157120482812183       3.531516647050868E-002
  0.451720413341759       0.203208797932453       5.419045801753227E-002
  0.404558082768377       0.267205987593423      -1.396384355816369E-002
  0.388999608208785       0.327064476682994      -1.696024517491144E-002
  0.352211596885735       0.401214339522695      -2.244709802163743E-002
  0.305573547276330       0.404063535396005      -4.319842975003509E-002
  0.233290847844833       0.386592521657827      -2.547977006451384E-002
  0.190845066995425       0.449396413908850       5.474752430524205E-002
  0.130416263138501       0.477061663195192       6.673962780231873E-003
  5.748089938496705E-002  0.511873125973464      -2.351800948619938E-003
  1.884788714019423E-002  0.487380391802354       1.066337336038653E-002
 -4.102464801118689E-002  0.500114286780382      -6.018231621750911E-002
 -0.162930087312780       0.480699827382353      -0.122622837695061     
 -0.124976249359425       0.509534411718056       6.739972379694940E-002
 -0.261050157615056       0.448585346182520       0.136196712667007     
 -0.328492445826915       0.407697519776818       4.935280279791492E-002
 -0.330811577045637       0.392620132428896       2.513123626986126E-002
 -0.394250031814869       0.324038838495084       3.115478145755581E-002
 -0.433737382921578       0.265738804050888       4.872265066004933E-002
 -0.465481999665711       0.184117161192745       1.763702445799360E-002
 -0.497094905389647       0.148581821653114       7.678991817916318E-003
 -0.498017285567620       0.110324555515290      -4.125759680179216E-002
 -0.519259868388274       3.551178490228730E-002 -2.998858285384073E-002
 -0.514350495371589      -3.395596151336399E-002 -2.511488645026407E-002
 -0.476710013445629      -9.408256421883338E-002 -3.654369676452080E-003
 -0.492933529284468      -0.153343713891135      -4.424255060649397E-002
 -0.475847433554622      -0.221563093282484      -1.517740139012736E-002
 -0.423837597282519      -0.289318041790151       2.386019825225162E-002
 -0.376301160538994      -0.335724006779517       1.628286125287637E-002
 -0.347708956357105      -0.376743633862908       5.889116881289625E-004
 -0.296323215502636      -0.418989758832911      -7.132691051083649E-003
 -0.265773892825095      -0.517843988168420       1.097286146044421E-002
 -0.225635444272359      -0.405694006222180       4.321157597066673E-002
 -0.111374782985511      -0.517647210912904      -0.143355619993404     
 -3.502762492058285E-002 -0.496779854887057       5.449413512467459E-002
 -1.268642091198767E-002 -0.515572147579302       7.619235094383329E-003
  6.724937365501123E-002 -0.486846762130840      -4.173514941076763E-002
  0.149892731540121      -0.469416067125433       7.426241936374993E-002
  0.171496014661458      -0.476694643210585      -7.406393252450894E-002
  0.236585083379915      -0.443617769863103      -2.828935273009351E-002
  0.299454686087000      -0.412847286656140      -1.141855746137137E-002
  0.334498282086138      -0.359984459426375       9.661117436626407E-003
  0.368475725684242      -0.334753625745165      -3.361536300690133E-002
  0.445683998054457      -0.282481098359645       5.725187630943760E-002
  0.460019707367255      -0.205085321856405      -2.658444674345224E-002
  0.476538426147305      -0.143887530237855       1.533257472421007E-002
  0.501432409578372      -8.630813242592161E-002  7.640217554124337E-002
  0.502331648411225      -2.974466942483991E-002  3.991126019952819E-002
  0.501119509072712       2.203996399397479E-002 -1.982139865151020E-002
  0.499764520637433       8.975422403862721E-002  2.316795592969555E-002
  0.406172347077131       0.131543683047034       0.108321825202934     
  0.449999233851961       0.211078185345725       5.671121670965308E-002
  0.413118774721089       0.274862436050829      -2.071235079770834E-002
  0.395273996539175       0.297778891534103       1.685185582820106E-003
  0.349087721646042       0.351940183788066      -4.157895829492407E-002
  0.302962374165554       0.411222747994774       6.895972331352122E-002
  0.256934539728021       0.456301046807599      -5.471662657582864E-002
  0.190661381728359       0.460175491321674       0.245145966422575     
  0.117939602391958       0.483910413958972       7.761466172310008E-002
  6.058413954645286E-002  0.497469896745420      -3.869697552938601E-002
 -2.024423704437594E-003  0.508712485544193      -8.687988553712389E-002
 -5.481631670813546E-002  0.516851775894747       4.522977351233313E-002
 -0.159511224463128       0.511337443295588      -8.014885701452046E-002
 -0.188924843663187       0.479740914246651       1.856794276987968E-002
 -0.243032485982363       0.456272089489175      -1.271864778952956E-003
 -0.307805962612753       0.413683915331248      -8.658862402112028E-003
 -0.357779590868291       0.379497710871823       2.668931926751757E-002
 -0.414205641042011       0.321254200136754      -1.121704823761729E-002
 -0.437158869152653       0.268745045607845       3.820086198232777E-002
 -0.463349096530898       0.216868443292874       3.738508439000875E-002
 -0.486630350786415       0.152414967767663      -6.829767660091883E-004
 -0.505132163553811       9.936088598029771E-002 -7.593307391420971E-003
 -0.518555079258237       3.620171210574230E-002  2.005330588825885E-002
 -0.517923769521250      -3.749860857621433E-002  1.755866898408020E-002
 -0.508302918850339      -8.862305679278089E-002 -5.758516932576920E-002
 -0.494505664605581      -0.160097530560923      -4.788615191928416E-002
 -0.465935916226458      -0.220032486025689       1.947355651569638E-002
 -0.429289026373369      -0.287425808562499       7.821203023946920E-003
 -0.400233637539659      -0.332055905404658       7.165936582033886E-002
 -0.349702638625289      -0.382044868363515       3.812461755753075E-002
 -0.299414169572133      -0.412171475083917       4.220090596494987E-002
 -0.237025983210088      -0.438362957947616       5.738560386053116E-002
 -0.189386751186112      -0.474865291201649      -0.110177559993230     
 -0.127479548677518      -0.508734310259530       8.879463644255291E-002
 -5.394208826954800E-002 -0.511153131511612       0.109367445962309     
 -3.352975964934092E-004 -0.505170105971842       0.133709073951053     
  5.589341446480404E-002 -0.500861916085160       0.176521097776693     
  0.129356765987084      -0.484993301053360      -0.168927971044909     
  0.173865469775659      -0.464832420112821       0.113762968804465     
  0.241464110833629      -0.441309350718825       4.592801574168517E-002
  0.253781616864192      -0.445867575635227      -7.814373684382003E-002
  0.347121247653995      -0.367792382272325      -3.892070226491761E-003
  0.384714413694525      -0.324155430522250      -5.989187241828862E-002
  0.436855637590073      -0.281681827247124      -3.415925144768561E-002
  0.442319469707686      -5.611428548947148E-002  2.105731073990141E-002
  0.482048165968020      -0.149114310995630       2.236720737565442E-002
  0.501964459375937      -8.903159575333955E-002 -4.157819306055421E-002
  0.498489291432669      -2.099526281064581E-002  2.069975963773896E-002
