   5.77713578497480       -1.93441244085892      -1.734627648125063E-003
   3.69525705122324       -1.79085258896958      -5.197037161519948E-003
  -1.88709726816945        2.12386626246308      -8.638936343541181E-003
   2.32098551628749      -0.537584083548713      -1.204674159056645E-002
   2.04561062849017      -0.806219227047558      -1.540700385216853E-002
 -0.268008082524744       -2.98487180214124      -1.870646170835662E-002
   1.08283514026563        3.85889768776100      -2.193209370635059E-002
   2.52478819827575        3.47550490447469      -2.507116975030584E-002
  -3.58212110100830      -0.313185404113354      -2.811130134118393E-002
  -3.31201536902799      -0.322401866489457      -3.104049046850280E-002
  -2.16595851665214        2.09909869996365      -3.384717696099084E-002
  -2.02873494302514        2.12159090617156      -3.652028410931908E-002
   1.99157630725798       -3.08238183335180      -3.904926238079992E-002
  -3.26388424453777      -0.867027635096284      -4.142413105357357E-002
  -2.81936386405113       -2.03252085372472      -4.363551760596426E-002
  -2.53692440532633       -2.44762388310153      -4.567469470553671E-002
  -2.48024660765708       -2.45842045270609      -4.753361465188866E-002
  -2.64278638487353       -1.77082396840596      -4.920494113725220E-002
 -0.439878941768851       -3.77969539467623      -5.068207819954721E-002
  -3.08546610143890       -1.78080338286903      -5.195919625362735E-002
  -2.86444195400797       -2.04016313866336      -5.303125509799312E-002
  -2.57958314025663       -2.24173386025151      -5.389402380616295E-002
  -2.13162169440851       5.948025904407177E-002 -5.454409742420753E-002
  -2.50091933686437       -2.39009992230550      -5.497891040854538E-002
  -2.65897014555275       -2.27531732785655      -5.519674675097677E-002
  -3.30335609465804      -0.922624088052122      -5.519674675097716E-002
  -2.32530057135556       -2.55703866387313      -5.497891040854517E-002
   2.62088985518096       -2.08125897889109      -5.454409742420659E-002
   2.63824141195942        1.25731110120314      -5.389402380616293E-002
  -2.92423480512048       -1.90770843984558      -5.303125509799221E-002
  -2.04498568562858       -2.68109758963045      -5.195919625362694E-002
 -0.720722456898429        2.79571530131427      -5.068207819954735E-002
  -1.92173016199942       -2.98191722245718      -4.920494113725226E-002
  -1.30940542066808       -3.17750402662874      -4.753361465188820E-002
  -1.49661395792106       -3.06815589179556      -4.567469470553537E-002
  -1.35181769364164       -3.09204490657745      -4.363551760596492E-002
  -1.23031682090269       -3.02931773248198      -4.142413105357370E-002
  -1.14447843326959       -3.05811384330069      -3.904926238079769E-002
  -1.18020203733563       -3.01341765766835      -3.652028410931964E-002
  -1.08217360819970       -3.01996638458550      -3.384717696099056E-002
  -1.07717378892832       -2.93818506459869      -3.104049046850102E-002
  -1.18022646432766       -2.85060128238610      -2.811130134118601E-002
 -0.963167028630842       -2.90449164079228      -2.507116975030496E-002
  -1.32853691485476      -0.716688560674352      -2.193209370635044E-002
 -0.494537368780679       -2.80583216223789      -1.870646170835490E-002
   1.42019353159680       -3.18402039762280      -1.540700385216899E-002
   1.92640566138117       -3.12140831894841      -1.204674159056685E-002
   2.73490042124271       -2.61325213749230      -8.638936343539700E-003
   2.98332608026651       -2.43157288059154      -5.197037161521061E-003
   3.47835873151305       -1.82178742617330      -1.734627648123958E-003
   3.03862167397056       -2.38608532111171       1.734627648124724E-003
   3.35918045373634       -1.94742460092028       5.197037161519825E-003
   3.60434975826443       -1.64276920782469       8.638936343539901E-003
   3.85491680383969       -1.16176388102048       1.204674159056654E-002
   4.04852925433509      -0.571952576814800       1.540700385216877E-002
  -1.11682936487755       -2.93077802854441       1.870646170835571E-002
   3.94974293348000      -0.890509239143732       2.193209370634982E-002
   4.13626149170310      -0.169105797379292       2.507116975030616E-002
   4.12545349944437       0.446377944072682       2.811130134118333E-002
  0.660459924066653        3.90792362902960       3.104049046850168E-002
   4.11621571025502       0.638233186026484       3.384717696099140E-002
   4.08280183761758        1.38868704812705       3.652028410931932E-002
   4.01474126051193        1.06507414648819       3.904926238079937E-002
   3.51747041822540        1.66035726219311       4.142413105357282E-002
   3.73831335751516        1.55431452139961       4.363551760596458E-002
   3.76877932083023        1.37374022943248       4.567469470553680E-002
   3.75103616924219        1.59873044045015       4.753361465188756E-002
   4.08943085752646       0.999058749618756       4.920494113725239E-002
   3.85462472412539        1.25887990456667       5.068207819954654E-002
   4.08660022437449       0.682933823739992       5.195919625362664E-002
   4.04246662216026       0.628784266382037       5.303125509799286E-002
   3.79401915822254        2.19662547668383       5.389402380616242E-002
   2.80566495488396        3.68004377341205       5.454409742420645E-002
   3.73325191253492        1.47102201227308       5.497891040854556E-002
   3.37656804679125        3.33507580189218       5.519674675097574E-002
   1.00104699895400        4.09434223808680       5.519674675097615E-002
  0.916176259088758        4.04411587867067       5.497891040854533E-002
   1.77492629103397        3.96748987105755       5.454409742420652E-002
  0.320767924894882        3.91088854287869       5.389402380616218E-002
  -1.31849997835446        3.66734083534798       5.303125509799234E-002
 -0.188455981091463        3.75567989596662       5.195919625362667E-002
  -1.48810597857455        3.08527690426586       5.068207819954592E-002
 -0.253808932284864        3.68162954845141       4.920494113725303E-002
 -0.472608034429844        3.54995159309324       4.753361465188821E-002
   3.69120738365201        1.66184603489467       4.567469470553516E-002
  -2.52180661472727        2.69862778042978       4.363551760596507E-002
  -3.38781790212609        2.14040348001226       4.142413105357255E-002
 -0.323925428012121        3.59530645169738       3.904926238079894E-002
 -0.826327596093774        3.42727891007603       3.652028410931994E-002
 -0.821568846882221        3.64943828957555       3.384717696099121E-002
  -2.86027210451388        2.36617352762195       3.104049046850161E-002
  0.800002564860664        3.68484941290807       2.811130134118334E-002
 -0.608948428817181        2.97087901440319       2.507116975030533E-002
  -2.30974780030381        1.98756308729409       2.193209370635004E-002
 -4.372381841719869E-002   3.55025832803971       1.870646170835548E-002
  -1.90291365843360        2.29664205936605       1.540700385216785E-002
  -3.45352600777724       6.260191943267203E-002  1.204674159056735E-002
 -0.560742959711622       -3.58904857516692       8.638936343538869E-003
   5.91418402601049        4.65597577861681       5.197037161520993E-003
  -1.88490136571383        2.14167756527325       1.734627648124016E-003
   3.55799983474411       -2.19371082983635      -1.105676787253659E-002
  -2.68074119592170       -2.88261273632763      -1.707063579860207E-002
  0.746124788738875       -1.97137588158974      -2.291330493711189E-002
   1.29882145763569        3.50609624911784      -2.856186451021966E-002
   2.24118693221775      -0.141539991363708      -3.409803924084041E-002
 -0.260969601419293       -1.94116986172080      -3.951404715698426E-002
  -2.21252429598021        2.00364620336367      -4.478061293208820E-002
  -2.39109673693619        1.77869298574999      -4.986866513668745E-002
   2.76969493576347       -2.05424204545245      -5.474985212586354E-002
  -2.64377228960525        1.41200217039858      -5.939454196232346E-002
  -2.99763325399044       0.927991731120067      -6.376899400674796E-002
   3.51744142126951       -1.67639970670248      -6.783178175430341E-002
   3.53588408819136       -1.54557020918291      -7.152881104567699E-002
   3.65000735344726       -1.34603978056724      -7.478572918602638E-002
   3.91817304621179      -0.634921110326631      -7.749579229932192E-002
   2.85291694200155        1.40399916520758      -7.950038830681093E-002
   3.69595777835231       -1.38300857929474      -8.055919890072608E-002
   3.32439866657763       -2.08489748708032      -8.031037891058228E-002
  -1.68585921245729       -3.16108979049791      -7.823508858304114E-002
  -1.54660866450394       -3.37362061718021      -7.367141528674327E-002
  -1.26044724379613       -3.39311206694407      -6.594407973434827E-002
  -3.34470934056830       -1.46781454102358      -5.459646865455640E-002
  -2.20097592051941       -2.58275824872563      -3.955536321866519E-002
  -1.33768233225588       -3.45031817884528      -2.133273922675491E-002
  -2.25226926691706       -2.67167158404976      -2.564617182421989E-003
  -2.11192373712268       -2.68164493993454       6.206009384876678E-003
  -2.51544452714786       -2.32308402594411      -8.860310886921003E-003
  -2.04345227737888       -2.77351625599940      -3.614653525331914E-002
  -1.72221585005243       -3.05973705488526      -5.102643987470703E-002
  -1.37615994715497       -3.17499486939351      -4.966302115174536E-002
   2.51537799962486        3.07668992911819       2.671342912805171E-003
  -1.57269197277180       -3.07859632171767       2.249307378218843E-002
  -1.61955719256672       -3.03650854445092      -1.676845391673088E-003
  -1.56741672094990       -3.03619717498415      -2.161795119140011E-002
  -1.35430200087728       -3.03732053148329      -4.587607766648094E-002
  -1.19723889613615       -3.03849043646842      -4.190122614034833E-002
  -1.20003487161238       -2.91792638719717       2.999118140458312E-003
  -1.19288902240135       -3.00399871376944      -1.153216646146647E-003
  -1.14779857758990       -3.00346083931124      -3.009301484235709E-002
  -1.16527170561346       -2.94812609836376      -3.044227393583260E-002
  -1.21489003916399       -2.83570238495813      -4.568873387168776E-002
  -1.17247459900329       -2.83048552108315      -4.511272355445944E-002
 -0.677059404647806       -2.88962031631807      -4.458821179987642E-002
 -0.129308230709978       -3.03959324449780      -4.251122728900155E-002
 -0.689429790043136       -2.67059862836702      -4.095606528793532E-002
   2.35653498773424       -2.80281518943100      -3.916433909448133E-002
   1.92077266884214       -2.92297512526871      -3.716955829656953E-002
   2.19610982571210       -3.03723852126790      -3.482203283894791E-002
   2.89270170794209       -2.39736420188042      -3.205511822725607E-002
   3.03860519409155       -2.46626689474368      -2.916417795619979E-002
   3.09856529390500       -2.27330682043140      -2.636827199051418E-002
   3.34173930216260       -2.00869357308451      -2.343260396078472E-002
   3.43048423171378       -1.86895331477589      -2.039800114148002E-002
   3.57022538533310       -1.67050428626059      -1.751782248768378E-002
   3.77438604954355       -1.37351127151901      -1.468813520472184E-002
  -1.81148173689864       -2.94838405768308      -1.192021847432303E-002
   3.92828767292810      -0.956155411759351      -9.235684195290507E-003
   4.03722663217481      -0.659562660444281      -6.657080772259035E-003
   4.13085130342032      -0.343449090116663      -4.205964695228971E-003
   4.16134605174135       1.104765994938125E-002 -1.904290879616063E-003
   4.14135118957414       0.295193410070421       2.237297382549920E-004
   3.43875959013781        2.53495282525714       2.149787293994403E-003
   4.13081919327714       0.383516657961561       3.839702254993439E-003
   4.12854788741994       0.689044737876585       5.251693394340206E-003
   4.10285349915917       0.832923300190848       6.334630201079059E-003
   3.90639883159251        1.28207978678521       7.026009722271936E-003
 -0.217534572719190       -3.57848357525172       7.248465803384528E-003
 -0.757763603349557       -2.99811102609405       6.900703273276023E-003
   4.12274029750600      -7.449953277835629E-002  5.831931676752469E-003
  -1.94106076723458       0.644376408022307       3.779453323628469E-003
 -0.183897331101075       -3.19514224450840       2.558063494262697E-004
   1.15128058355919        3.79829474769168      -5.559691552261282E-003
  -1.09575622440390        3.72960641038307      -1.473109372051658E-002
   1.89412692865549        3.74313691542926      -2.793844048802607E-002
  -1.25806481225256        3.61760479870937      -4.356789192769454E-002
  -1.46658530264506        3.61391601463038      -5.282744614951410E-002
  -1.13978556244403        3.96454905865721      -3.487617924537492E-002
   2.62142793395002        3.75153353120416      -2.656446330121522E-003
  -1.65256003910492        3.53567698169429       1.080457924238259E-002
  -2.19295505233530        3.17321962493782       4.657309642985128E-003
  -2.14097744467155        3.22645782054709      -3.244428414331505E-002
  0.465826941162134        4.06485303124200      -4.305819544213593E-002
 -0.285683396906006        3.62483945290504      -2.300920225313754E-002
  -3.13089574612054        2.38299753893935       1.036062948145292E-002
  -2.72246097538952        2.66496619485536       1.282808781530409E-002
  -1.29910260294054        2.71462296732395       3.364120617090786E-002
  -3.35931867151157        2.11559939776545      -3.859071026428029E-002
  -3.34687249269363        2.05149008990586      -1.548191355251029E-002
  -3.11276349207552        2.28873968703532       4.939104020838270E-003
  -3.19044084555104        2.14540775180419       2.710410459002234E-002
 -0.619268859893698        3.19322715376125       2.827799635423212E-002
   3.94722833548962       0.924046646688682       3.245659518260668E-002
  0.675431337473372        3.43688763924457       2.855734197634802E-002
  -1.81771500382120        1.14789393806906       2.503011289256693E-002
  -1.54900375737554        2.65666403787660       2.034066252896341E-002
  -2.69720786634836        1.43790246727121       1.565189774269444E-002
 -0.656873171324663       -3.61218090635917       1.068383825751206E-002
  4.822365295089216E-002  -3.63901989793289       5.363942139613644E-003
  -2.60404481270766        1.75112250798169      -5.708214170533779E-004
   2.52645400242712       -3.20286016992678      -5.795618435577734E-003
 -0.841686766891078       -3.53992503560919      -8.260732610962150E-002
  -3.38437100663849       -1.92494385007676      -9.440764797538276E-002
   1.16141960588447       -3.52680224773809      -0.105815052331113     
   2.57742637420351       -3.16224529048532      -0.116730565006446     
   3.84432328791948       -2.09727039139991      -0.126536124901200     
   5.91069773209577        1.81017876180224      -0.134572295796314     
   2.35897496463699       -3.19945746113668      -0.141832326257409     
   3.49201641721044       -2.42125774822286      -0.149138276874670     
   5.13183343725477        2.12790018120792      -0.156757789933764     
   4.71164243667717        2.50232086759364      -0.165745892030117     
   4.31611256020293        2.18950946560950      -0.176766042411961     
   3.92376442714683      -0.738376013461800      -0.189605687084956     
   4.03382773762926       0.771000820558886      -0.203731781275641     
   3.69779827246530        2.42848372981968      -0.218241706408557     
   3.03882229443853        3.25946064914469      -0.232811284686538     
   4.16748817830251      -0.513632003408587      -0.262978650548321     
   4.03828612818058       -1.01046954834451      -0.229239137430046     
   3.82237577727396        4.10842409791463      -0.163887199900039     
  -2.05986447508322       -2.89525724281541      -0.165540462304731     
 -0.344112899099773      -0.789683933247549      -2.768086660281440E-003
   1.46890170578038       -1.77904348585003      -4.318373655432709E-002
  -2.27698064225980       -2.53762750928120       4.923727637918917E-004
  -2.37414820229688       -2.53740426687021       3.208507056770249E-002
  -2.57520903206325       -2.33332886447086       7.288552514546791E-002
  -2.51462058333001       -2.33585442414313       4.322431871481063E-002
   2.38132411204332       -3.27738414515876       8.491968319007318E-003
 -0.943010518048834       -3.51327404915165      -8.550678969314543E-002
  -1.80522939276472       -3.12347841820492      -3.117160002010465E-002
  -1.64382280252800       -3.17088044080014      -5.723047820284344E-002
 -0.437902647739933       -3.92057826006305      -2.174064953304565E-002
   2.76568248986661       0.871285848879760      -2.774558228627320E-002
   3.90304154544657       0.570088755325194      -6.516849264314287E-002
  0.558447360913537       -1.62425189174283      -8.535335932660128E-002
   2.78279087648636       -2.92264320156255      -9.325355618520900E-002
 -0.737722150040135       -1.20971284700081      -8.628290409405541E-002
   3.98519417657175        2.26207191400845      -0.105709709386406     
   2.54663956229966       -2.98820090357598      -0.103797740402314     
   2.96139092178972        3.46660682333224      -9.623876502260365E-002
   3.08748206629428       -1.97328079039445      -0.122978518413603     
   2.47160400618750       -2.96840243390349      -0.142498833866408     
   2.77160737289532       -2.65439682995929      -0.147404719481828     
   2.00589558797199       -2.55242307784691      -0.147063031560723     
 -0.101701966884666       -2.99693983680315      -0.143590659915288     
  0.579229264310826       -3.22430708682810      -0.137308935311985     
   1.12218235716313       -2.97109440570547      -0.129016054573538     
   2.27299632463964       -3.19915085053937      -0.119904397727639     
   4.03556797420848       -2.29374586093523      -0.110785148078678     
   2.48004915717449       -2.92569753573387      -0.101822822401280     
   2.72362853854066       -2.70033925859161      -9.303840729502212E-002
   2.91653523465493       -2.45474415500146      -8.446989529718348E-002
   3.04337362429979       -2.32197093689418      -7.633242898852696E-002
   3.37158310889234       -2.09824482137336      -6.879594986602343E-002
   3.44189827652737       -1.92138125996300      -6.210194539971842E-002
   3.55212300160711       -1.76275802859400      -5.656624162103663E-002
   3.71204522326845       -1.52157562250590      -5.139704547673452E-002
   3.83805797999161       -1.28126606049903      -4.455162696825013E-002
   3.94809235618147      -0.999871313431513      -3.959035272094263E-002
   4.05587772996545      -0.699541035739328      -3.566388355698108E-002
   4.14004969771927      -0.384817226923482      -3.052419454674181E-002
   4.17886310534634      -0.200834126102877      -2.318403805425015E-002
   4.21165262335283       0.149265667471444      -1.365539120259734E-002
   4.18685504366814       0.262399521666704      -3.514353378916048E-003
   4.14982041752709       0.453630377659662       5.888626738377181E-003
   4.13849452043428       0.521751650873897       1.487767212553010E-002
   4.20045960232304       0.332262723275748       2.648507945063773E-002
 -0.124006563477520        1.78729192681170       4.842822404061267E-002
   3.40206134609682        1.16641810905462       1.832109020028575E-002
   2.43533490608004        1.25083839307209      -3.829236218744320E-002
  0.426814212411939        4.45828436167401      -7.276921542067086E-002
   2.02170187295512       -3.18218946353202      -0.123554216454082     
   2.32067904568304       -3.07223890285230      -0.155696853067133     
   3.17988183495282       -2.20923814007216      -0.138279404125166     
   3.25568451727599       -2.13729854732558      -0.189254777275994     
   3.82195296128629       0.469457041401569      -0.179261751395697     
   2.45829107324584        3.70921361056237      -0.192992628130501     
   1.76325451117515        3.78045203498733      -0.211083704567851     
   1.64310067530777        3.97808419905349      -0.132148133965824     
   1.24216372256671        3.89692910839332      -8.677108618904388E-002
  -2.40217279155404        3.06860591866003      -7.521207721406160E-002
 -0.816170838700521        3.37072726234791      -9.331194152154711E-002
   1.27816354200303        3.41573607998216      -7.081440816113752E-002
 -0.468794542446575        4.07404678161532      -0.107209632791543     
  -1.40484611196546        2.77152575944463      -5.293277692869399E-002
  -2.87064751798493        2.55247133830906      -7.267275198207095E-002
  -2.66512978274562        2.75577592391439      -3.908668673783152E-002
  -2.85595817326838        2.61032754646693      -2.991195898912131E-002
  -3.24542429261816        2.16113168579588      -1.838683676699901E-002
  -3.58116270899119        1.89136880016832      -2.350635109100873E-002
  -3.40877856422176        2.04432767198768      -2.619908220825761E-002
  -1.62316615194354        2.51389794625368       4.424003344180502E-002
  0.612416310263322        3.93851320157987       2.370135614382189E-002
  -1.01764499998628        2.89525772795197       1.939723594120127E-002
  0.825917389394441        3.37761564068108       1.308518831172723E-002
  0.698506597351730        3.63166615907744       4.370730026272447E-003
  -1.96575913603832        2.20643493744775      -7.040112721266926E-003
  -2.93071154603264       0.265341891928901      -1.951919051424824E-002
  -1.03921924849229        1.47591880725110      -3.217719114913834E-002
 -0.601409096120778        2.52996225494078      -4.500668510842333E-002
  -2.48305716784875        1.79479298017835      -5.772201850146427E-002
 -0.532805885005087        2.53357642985756      -7.035706968137824E-002
  -4.19083512217778      -0.602102653068904      -0.484321149201060     
  -1.03559310160502        2.83875761184925      -0.503610228262256     
  0.182670926951404        3.24564784030370      -0.520301807656705     
   1.27533244240694        3.79223019423614      -0.534244763486843     
 -0.382639673236015        2.65646780261337      -0.546657852739562     
 -6.027646578037713E-002   3.38127449298196      -0.558372447461164     
  -1.98607191530399       0.488183933141562      -0.568145236324164     
   1.82150644610076        2.08736379498279      -0.575864110262142     
  -1.29482956690159        2.54562803430442      -0.581176663634576     
 -0.927232875208781        2.58070900053621      -0.579808663843705     
 -0.278949953979371        2.47792169588824      -0.564978052311849     
  -1.99129922667610       -2.84216646570609      -0.529817515958674     
  -1.09316669063070        2.01935872280363      -0.489025360981343     
  -2.26726031203019      -0.480078350941736      -0.422063489464910     
  -2.47935574739759       0.900557465741444      -0.421177557733968     
  -2.76313557860480       -1.93875479076764      -0.361416272691224     
  -3.42312673520979      -0.950872219378098      -0.303168515344955     
  -3.41432148143908      -0.653185977665540      -0.270980750400672     
  -3.36275161931587       -1.02657482151869      -0.253993267844273     
  -3.11111788973667       -1.65503723282765      -0.230694440605837     
  -3.27107263434150       -1.30074523867375      -8.400915791619164E-002
  -3.26455609286799       -1.40668981185544      -0.174213068133419     
  -2.30484407729681       -3.08300807385460      -0.218600847442557     
  -1.07941445629877       -4.20905651479914      -0.254793930122409     
  -3.92232597416378      -0.524716477036871      -0.197405671096837     
 -0.935893623940936        3.13938257999826      -0.240988972154739     
 -0.471513831094325        3.34628523464493      -0.311571761592685     
  -1.12339606947984      -0.823079949791237      -0.347710706605300     
   2.87872045185783        3.38709614606879      -0.367206326425861     
  -1.33404467197521        3.15316834554808      -0.386868399814185     
   2.20594040933706      -0.502467726391226      -0.484167617974576     
  -1.06865088919103        2.95756074804116      -0.265290233828189     
  0.841563313276649        2.21777900726071      -0.337607381101462     
  2.487408528542402E-002   3.05059591284242      -0.361945497561306     
   1.07995599004018        2.29808674153944      -0.390617523455105     
 -0.773217395697552       0.453651641637464      -0.477994289814760     
   1.08786842664712        3.33939033271050      -0.498980907179806     
   1.63739429837178        3.34727264207480      -0.481695690148507     
   2.61086372189303        3.29503221835406      -0.488934603563071     
   2.98337057217522       -1.92600195607922      -0.474441375118998     
  1.006430714122813E-002  -1.85705686871014      -0.449442247054292     
  -1.22342871337129       -2.66579091192796      -0.422198183037774     
  0.897881606205158       0.498879743732944      -0.397116795717271     
  -2.13634609919299      -6.856239761921046E-002 -0.374860557154451     
  -2.34313795123531       -2.05442384430127      -0.362803158360864     
  -2.12281001147417      -0.685745335018022      -0.357939816234002     
  -1.79659688848715      -0.483359088259707      -0.346640366452427     
  -1.63111580893152      -0.224337368757862      -0.329447486940215     
  -1.57482897600870       -1.45673327999560      -0.311486012980690     
  0.324664295683178       -1.93004144345967      -0.294739223233706     
  -1.62170849491050       -1.91119795014527      -0.279336787370046     
  -2.00302457094047      -0.778077321624128      -0.265302211858805     
  -2.10977106810027       -1.49919504210749      -0.252902565399706     
  -2.05053702237974       -1.60920959553968      -0.242614959591161     
  -2.46345407202108       -1.58944071534494      -0.235361411233138     
  -2.24370228745895      -0.938916986447752      -0.231439346730002     
  -2.14979487458489       -2.20699501820015      -0.228698742276926     
  -2.19658893362133      -0.992165141581750      -0.230941129750246     
  -2.27474445148043       -1.22654737535021      -0.239208711067139     
  -1.77896470307107       -2.22954911930387      -0.254026087694789     
  -2.39929556292976      -0.724453495108057      -0.272014225690512     
  -2.33098574909519      -0.644576156034784      -0.308603256580074     
  -2.60570488022330      -0.783971311192018      -0.382774671595795     
  -2.64898683889088       -1.24882576307290      -0.358739511688164     
  0.928190750543458      -0.784646810526286      -0.407166876384910     
  -1.03541490891283        2.38799864489253      -0.502968731483046     
  -1.21654521864107        2.34902027497708      -0.528889924616141     
  -2.43711271526085       -2.34528412584488      -0.523930828352961     
  0.746837969725055        3.31222181645876      -0.546929564664485     
  -1.90978668649683      -7.592584921499776E-002 -0.581465629350419     
 -0.377960684361222       -3.79547086154079      -0.552872991517760     
 -0.215468860627773        1.63263931386061      -0.534602453222913     
  0.974533492292099        3.59444082602798      -0.526212819738132     
 -0.289979739763503        2.67705441990841      -0.541896524487787     
 -0.242318135758196       -1.26867472763386      -0.445117113465259     
 -0.333852076327651        3.03964827472082      -0.483428862527784     
   1.87736339276800      -0.648438510451731      -0.281658571647089     
   2.64944799584507        2.91348301414754      -0.395274924687154     
 -0.294956911653685       -3.14506674267077      -0.422869941103098     
 -0.489187498529775       -3.00781956271828      -0.407558641778267     
  -1.28751501039545        2.96151074075789      -0.377425779811502     
 -0.373485640275039        3.39570669494334      -0.372394451236076     
  0.379713484468640        3.74709050570857      -0.313122649399134     
   1.50096182544753        4.62565154025440      -0.285369308330921     
   1.84489013222419        4.21785432478044      -0.351447199695094     
   1.61302514628262        4.12401643484685      -0.280600557857310     
  0.842458849531627        4.04426607216098      -0.183445311738224     
 -5.980795670080775E-002   3.90079808219682      -0.146384909481486     
 -0.454887379128702        3.68670422392473      -0.156632082340782     
 -0.746223163547076        3.70481499280576      -0.190768916296797     
 -0.807309113263275        3.56273083896574      -0.231113225145725     
  -1.04869974621044        3.51137885113553      -0.271144698515562     
  -1.46488778353396        3.47994601121295      -0.306290680086781     
  -1.37446925252258        3.50438911278933      -0.338732235680388     
  -1.12422166125317        3.40744947969530      -0.359775940932114     
  -1.63033422433713        3.14854848007219      -0.369639949313375     
  -1.60103938618834        2.98517175467203      -0.389591696303690     
  -3.10015176119165        1.98847233731424      -0.414665754570681     
  -2.99387415361251        1.78672518059875      -0.439747419496588     
  -2.72268145121945        1.73154917271923      -0.462976115859752     
  -3.32774176532292      -0.520595079510159       -1.43474730121831     
  -2.80064373808117       0.947255767828937       -1.59099131061954     
  -2.25897865142046       0.523111384588523       -1.38623005550538     
  -2.18081662742818       0.420515470284210       -1.28787544151952     
  -2.11478937667393        1.14349853967394       -1.31141985767530     
  -1.13679304180611        1.70491961936988       -1.27769559567249     
 -0.269280317291941        2.45193995535360       -1.25728546636947     
 -0.162196340261031        2.81006848691143       -1.42961597524026     
  -2.05649072671193        2.04137234880188       -1.65733954484104     
  -2.08600964352044        1.25595951160423       -1.84350289143375     
 -9.888019793504008E-002   2.04460102175022       -2.16422677790769     
 -0.632654381889337        1.77781938358607       -2.54852504703877     
 -0.724480047357774        2.17434471299697       -2.47259717914449     
  -1.01500730026794        1.99233911132447       -2.39049568250503     
  -1.31494407414586        1.74771635436407       -2.30616927949175     
  -2.22131526201423       0.161341884548673       -2.34562751943030     
  -1.54786964603561        1.52718755847194       -1.80370614204002     
  -1.92588196894072        1.46949718328380       -2.95577045199625     
  -2.09680215651884       0.743904347864853       -2.76537548665536     
  -2.19834931778177       0.851857346598998       -2.67189337894426     
  -2.46480975981463       0.767308213352635       -2.87878353946799     
  -2.26619694322218       0.407378245806846       -2.81371154950963     
  -2.98400945241449       3.431038233290858E-002  -2.77966211611373     
  -2.66066303330846       0.313006786537416       -2.85031752848766     
  -2.35528300007874      -0.183240406059850       -2.46206210835983     
  -2.50657181340273       0.121069731971953       -2.31916365692192     
  -2.41718663283125      -0.166331715008516       -2.24328022565975     
  -2.49349751611845      -0.335034767637928       -2.15339960527533     
  -2.59816553898861      -0.548751851707478       -2.05532724365334     
  -2.43364518628191      -0.495143286005136       -1.96675777009862     
  -2.26875490860480      -0.550726393421740       -1.85136811357485     
  -2.23116071726497      -0.882518664090356       -1.75517422936384     
  -2.15478006131609       -1.36837485015586       -1.71570156440262     
  -2.04833093544792       -1.89017836610868       -1.67435443505814     
  -1.63718933349436       -1.38317388434553       -1.53711570973258     
  -2.12403597644721      -0.515812260791953       -1.26391880067476     
  -1.52214584592363      -0.546755714704990       -1.12518060054454     
  -2.16565181403158      -0.803781769849046       -1.29268873735198     
  -2.06687365903745      -0.327360065898897       -1.56233209289764     
  -1.95496615290452       -1.38943891795340       -1.78978933698514     
  -1.88090661106849      -0.599814555592665       -1.96925649397767     
  -1.66168673657285      -0.606022676224158       -2.11721546516212     
  -1.75092633558379      -0.809720245496734       -2.25925416553150     
  -1.72240290958771      -0.987635418910829       -2.36450535912702     
  -1.64816928034430       -1.17644565750824       -2.37093735288810     
  -1.46430516408153      -0.822253336826855       -2.35112775767741     
  -1.02684965978844      -0.883188444242204       -2.26131875163861     
  -1.37821663570277       -1.03465388002760       -2.36702587367742     
  -1.12537531609276      -0.984867369321803       -2.41642987874888     
  -1.26494451693409       -1.26412689220181       -2.57684129189734     
 -0.428003267076587       -1.41835526076390       -2.66427472076200     
  -1.04565627137532       -1.41100984911661       -2.59894115191645     
 -0.768578328239276       -1.34888288275826       -2.79282848321404     
 -0.499872583637324       -1.53696034651637       -2.89571816522708     
 -0.682072008388188       -1.71053441871039       -2.88525294069397     
 -0.213225061794675       -2.60336275517261       -2.88038440686316     
  1.317769352770709E-003  -2.52819478711063       -2.92866121503346     
  0.777316183369363       -2.99036272684611       -2.66504147859473     
  0.533803832171244       -2.81394352978985       -2.42627606878397     
 -0.169849544415612       -2.52639072811372       -2.17414522602230     
  9.693285660341359E-002  -1.95063817684762       -1.91184310718855     
 -0.162484044317564       -2.26587992133076       -1.77581397893864     
 -8.870092542791317E-003  -2.32141650190974       -1.80435998437905     
  0.273184241892717       -2.59670426499160       -1.85464132655480     
   1.60559674799815       -2.72071159180604       -1.93500329213385     
   1.26300980855543       -2.75846027975540       -2.04948279001277     
   1.52782719678272      -0.352058086927461       -1.71700451339673     
 -0.544809149267712       -1.49047032441608       -1.36315819670059     
 -0.400164064395191       -1.58479085802050       -1.46767848746735     
   1.05908923861355       -1.11173712782947       -1.52688091081828     
   1.30466761689943       -1.06037607279106       -1.41481682172779     
 -0.410918504256421       -2.04843304118603       -1.36532918168833     
   1.16465285423084       -2.64281346149892       -1.49512342920063     
   1.99519854083015       0.222423069949100       -1.66726594275994     
   2.34722925109793        2.22427101663030       -1.64079454515834     
   1.35056470813827      -0.551104170375635       -1.63319325988529     
   1.75996514224436        2.29131139280871       -1.70129972398019     
   1.56335234474686      -0.450182200483778       -1.82247477460724     
   1.86452701393772      -0.847751054223012       -1.97734970737630     
   3.34518469859807      -0.933874089792655       -2.09289083933740     
   2.59485343408516       -1.71370910598198       -2.19965203937222     
   3.12907333642829       -1.64066838917733       -2.31008481330977     
   1.66970635002625       -1.12879213612942       -2.40356363104285     
   2.17287594973551        3.04810630033064       -2.50773131623346     
   2.89144410720032       0.861861599103283       -2.68700151099121     
   3.08234788526057        2.41277377828549       -2.97804700346484     
   3.12012289205503        2.76850409812427       -3.20310548649000     
   2.67476830788890        3.04732598568998       -2.88401752674587     
   3.81110361109566        1.75325942815398       -2.62236850420959     
   3.52187715923304        2.84246266064885       -2.47783725062593     
   3.18503487934560        2.02611770771472       -2.34170618361878     
   3.05544497234836        1.99484540964187       -2.21162719601135     
   3.14046314670907        2.09116482353961       -2.08410618263655     
   3.21224008373845        2.17824992262076       -2.00794092594679     
   3.59260421383296        1.78281361585134       -1.94795263167579     
   3.21439411040240        2.38994495535756       -1.93491175869525     
   2.14452528662432       0.481861645511253       -2.48815665240410     
   3.25709830977709        3.14975598655081       -1.86121026951287     
 -0.404734793128869        1.88029004238799       -1.90833151092348     
   1.07306064236800       -1.06537245246194       -1.83545719175223     
  -1.71208319385366        1.03383006383112      -0.158084701968635     
  -1.71537294614163        1.06837249483921      -0.610516736225824     
  -1.12490368467271       0.770109668659168      -0.873891840109703     
 -0.902068093027437        1.15081098700624       -1.03865388456566     
 -0.852967152476597        1.24126947027407       -1.16870836451380     
 -0.590881335134016        1.48346014364654       -1.30312349778382     
 -0.433912144194009        1.68886581517110       -1.46058846395256     
 -0.649559392768167        1.71287084913883       -1.86833758365113     
 -0.747202565475184        1.53606026295536       -1.74387885136356     
 -0.859592787400885        1.45270057216731       -1.47488198346538     
 -0.844195456806586        1.28998100410606       -1.40905894044168     
  -1.00072388003752        1.25391571288316       -1.37961831892618     
  -1.48904381438594        1.19542439360262       -1.36395816078932     
  -1.25421237401202        1.27457417379575       -1.34923017318673     
  -1.13883063333919        1.30837023577497       -1.33168148384969     
  -1.12787530514011        1.25877562840012       -1.31257497534375     
  -1.18105255108567        1.20281653019385       -1.29642659574551     
  -1.22510189430119        1.13651750889157       -1.28520765672296     
  -1.27848458894748        1.05125854081189       -1.27609101060016     
  -1.31352142731999       0.976908931395897       -1.26672346490574     
  -1.49916638783723       0.880891453668488       -1.25521626649215     
  -1.63391520684272       0.806437935266817       -1.23397197728196     
  -1.58702811839828       0.522715090463245       -1.19452952322430     
  -1.51007795883004       0.808667514343036       -1.17946696149022     
  -1.65483168189820       0.480900769171713       -1.20842252451645     
  -1.73737694729205       0.365238909360511       -1.23347435175214     
  -1.76240425569415       0.127423291598300       -1.23988391922128     
  -1.67133161246287      -0.111906242201736       -1.23971233305238     
  -1.61160313029918      -0.368050552271176       -1.23944174012071     
  -1.43076686644521      -0.643644101724048       -1.23924566528720     
  -1.16273250029842      -0.782733089073533       -1.23514443598813     
  -1.29835836283159       -1.00995111099464       -1.21997628103425     
  -2.05199939215263       9.403636391342095E-002  -1.20880061113588     
  -1.70142902678510      -0.476433315745946      -0.963270106116057     
  -1.27426252497360      -0.699761792511587       -1.16597515677150     
 -0.514626049502298       -1.02002123353694       -1.13368656981275     
 -0.588481469411651       -1.26050079783257       -1.01462243151973     
 -0.803852347380628       -1.35115439344881       -1.03476514302537     
 -0.951760811809048       -1.14476012581618       -1.20038905135616     
 -0.989356501637760      -0.956577524594120       -1.22316102027785     
 -0.837714524900969       -1.02709070320499       -1.21192418097747     
 -0.269895755542766       -1.23179512510777       -1.19096206804393     
 -0.371212354023144       -1.59734687658253       -1.15812652704567     
  0.964949271048662       -3.20553046060367       -1.11871233632505     
 -0.666018169348724       -1.44603111827459       -1.09316146813404     
 -0.614866264648086       -1.15457212710685       -1.12117815592464     
  0.155103958102411       -1.22202266355791       -1.24729682582952     
  0.297529239834078       -1.39614456815484       -1.50784691443825     
  0.134583230883337       -1.98006626260056       -1.95112605711559     
  0.172889046382127       -1.78907982023005       -2.66348453222193     
  0.398846534299778       -2.55089899945475       -2.40390757751968     
  0.530618749985172       -2.39595334616211       -1.99309387637328     
  0.347014914643614       -2.21702451270579       -1.78576611322818     
  0.458590462340613       -1.78128602023858       -1.65483972717346     
  0.864702703785869       -1.72726874202186       -1.54870597313856     
   1.25098877099774      -0.863481202969358       -1.43599576585583     
   1.88478803953406      -0.224003493515878       -1.18721618184933     
   1.80419162327770      -0.444392760395903       -1.01958060542178     
   1.89511984614248      -0.912574267092315       -1.12419265272349     
   1.68323467499923      -0.958417812030258       -1.29231694903555     
   3.10264208745920       -1.03842829420921       -1.40040124721771     
   1.91151211692038       -2.00247765290544       -1.43831261293927     
   1.60308838735956      -0.802814520895589       -1.46000141032801     
   1.20933849329026       -1.01026969750493       -1.47565547021840     
  0.550342011616803       -1.13949113238207       -1.48931877907716     
   2.82743657325676      -0.649440921375066       -1.50116384356706     
   1.68660159821350      -0.237998886904163       -1.50808207301589     
   1.68690009917118      -0.274402143178343       -1.50783942971346     
   2.35622078626941       -1.58340400547152       -1.50402507375116     
   2.05647089953602      -0.711834310829248       -1.50107950359500     
   2.18975324358838      -0.575514675418130       -1.49902824610988     
   2.61337413451359       -1.11876475444556       -1.50050816955333     
   2.84742514239763       -1.03466154793078       -1.51946384348512     
   2.83310401325076      -0.653953759446207       -1.52398137335278     
   3.01043660166478      -0.396876552653276       -1.45642722160259     
   3.10475442250235       0.132473434461113       -1.41413909146677     
   3.19147998250078       0.669056289620627       -1.38935969974836     
   3.40318791302179       0.621672576223184       -1.37183339120650     
   3.46107774813116       0.478278126335839       -1.35407181231826     
   3.12209456000371       0.270066579910361       -1.33034284229481     
   3.10059834980784      -0.611479850185779       -1.29517811708673     
   3.19956067944333      -0.747063242284570       -1.24694301081443     
   3.19053107009099      -0.982266966394850       -1.20787850873113     
   3.02665139573935       -1.07508911041768       -1.13349899670630     
   2.87945379237112       -1.04476326283555       -1.13894199206485     
   3.49535455578914      -0.543499139830704       -1.23447832727041     
   3.41294230001225       0.128296924178491       -1.23843204298008     
   3.21862024428878       0.808656493338773       -1.27267061103657     
   3.23706118860265        1.12592511427264       -1.15446084157653     
   3.49394392069452        1.50243149852692       -1.13953449065708     
   1.91058596674706       -2.73397599013356       -1.15714858001046     
   2.10578729262744       -1.00181270135605       -1.19652299722547     
   1.98594749336651      -0.362682911106437       -1.23930491564797     
   1.88171014330178      -0.713191943954078       -1.28093924750052     
  3.811394161015719E-002  -2.25498188221222       -1.30864416280376     
  -1.80147002511375       -4.18519489357861       -1.28716473865968     
   1.79271592683371       0.706724985631804       -1.17162623207258     
   1.95469922302320       2.332536079525196E-002 -0.930242634101273     
   1.17661315633986       0.530902275391723      -0.481740504314774     
   1.15189278572220       0.425042117170038      -3.112307329157157E-002
 -0.658632292665755       -1.07252693737579      -0.899216732788958     
  -1.10937858965446      -0.947710092915909      -0.951465754703952     
 -0.247183242029578        1.70688121135631       -1.00348441656628     
   1.02418611851437      -0.380900417233550       -1.04684609973788     
 -0.489053930499088      -0.193985003463440       -1.09265780080813     
  0.270752271782250      -0.827058531373726       -1.10392385818140     
  0.157749363711605      -0.906153983382462       -1.07934495342317     
   2.20164068090822      -0.266680390601398       -1.04620991857801     
  0.677100353697346      -0.644028321674001       -1.00673962437337     
  0.495822598388575      -0.676555194080484      -0.989329671916523     
 -4.935027165686440E-002 -0.876379543515779      -0.995628236720545     
 -0.526490715228903      -0.969691178140184       -1.03116992254954     
   3.24341134698024       -3.28243679732130       -1.08569367402357     
   2.11119831420796       0.801324409964548       -1.02414140948482     
  5.938857343982358E-002  0.678658647922572      -0.986557752038573     
 -0.674194758587334       0.462666131439406      -0.973709181075797     
 -0.369761567211833       0.504406440279903      -0.970703616368608     
 -0.344942836662751       0.235181318704786      -0.967351919071263     
  0.383634817785787       0.269508986683397      -0.962400286149141     
  0.222167532223706       0.195354200187167      -0.956128744159499     
 -0.868900087692930      -0.185287560932804      -0.948933437963175     
 -0.956311056069152      -3.961255961792161E-002 -0.941301983157440     
 -0.941898277616750       2.087455403583220E-002 -0.934425879546345     
  -1.39049881830394      -0.451728437566413      -0.929321871185803     
 -0.498188929245510      -7.693989882696710E-002 -0.921900048291410     
  -1.24382239644448       -1.87528817216174      -0.903056444035397     
 -0.364495248566079      -2.805158148797015E-002 -0.866651314891964     
  0.228222518332958      -0.582167175028520      -0.837023487522727     
  0.438552125778718      -0.445479329838633      -0.863441032562730     
  0.595174205794456      -0.333820277247802      -0.937866144376844     
  0.818745557289383      -0.331522146336993       -1.01690935128763     
  0.961960861774566      -0.492985085981013       -1.09005667332569     
  0.954454469168944      -0.611000202456858       -1.15835043511131     
  0.997452615542591      -0.664698960224207       -1.22154878040749     
   1.05616869815158      -0.685696510953261       -1.27918255040682     
  0.920002501027593      -0.808091325075730       -1.32894319059095     
   1.09737406675673      -0.765497730171930       -1.36285362225046     
   1.35878262246937      -0.668286386962057       -1.36428678218930     
   1.79864114553576      -0.573923287001063       -1.31578409949220     
   1.84888678861916      -0.771542528430641       -1.23395396683625     
   1.57933575050257      -0.796899971466311       -1.22482085178905     
   1.63007461656945       -1.04663256490490       -1.38258039662218     
   1.80402308739508       -1.15276873716278       -1.66896173091162     
   1.73326076149342       -1.56454169857826       -1.89107942478375     
   2.05234953695283      -0.927998314802414       -2.83835928753938     
   2.02033398878389       -1.74269029650950       -2.21058462893605     
   1.91357864808095       -1.50495536747498       -2.16977748957338     
   1.98354470710474       -1.37682109571495       -2.09684967917242     
   1.96548750588690       -1.24935678036089       -2.05267336216749     
   1.98644304429560       -1.18281845797640       -2.01159108876821     
   2.14506482078159       -1.05915246274786       -1.96888934603160     
   2.26767013370834       -1.03809382640388       -1.92123414326517     
   2.25719399263053      -0.990175690578832       -1.86530486331792     
   2.32031002259157      -0.864217516726199       -1.79909410606004     
   2.50943125458013      -0.735336160205009       -1.74726666639043     
   2.50828296467678      -0.611852700878706       -1.73008972613954     
   2.58753810693933      -0.617987403747468       -1.72649624428627     
   2.58365385055116      -0.524614248517726       -1.72618069855148     
   2.60599418685360      -0.484333048637261       -1.71715690960930     
   2.68963486311643      -0.414936515813448       -1.67989628227784     
   2.60562838352503      -0.276057977951467       -1.60919181981040     
   2.42828935816563      -0.228585987408791       -1.48416318372871     
   2.36320096800986      -0.237636894434972       -1.35974480905312     
   2.18718159234583      -0.365896589749718       -1.38630599204300     
   1.90647061269692      -0.392763071771080       -1.44509849287823     
   2.05907612986692      -0.341907009514214       -1.46681260993584     
   2.18424218297971      -0.272505374430866       -1.46711345624817     
   2.11416198559419      -5.750122463675934E-002  -1.44912524027718     
   2.12355521501860       8.554475532176786E-002  -1.42162467150207     
   2.14719102523399       0.268885589130707       -1.38949916035915     
   2.29500932789697       0.441417776454815       -1.35573430222275     
   2.28392200895729       0.745231127284864       -1.32328444721458     
   2.36237992139755       0.906941109907838       -1.29500823061707     
   2.69637514399419        1.27222172087955       -1.27156457196204     
  -1.31830461964702      -0.681220344430381       -1.25785155519425     
   2.04804056841323       0.273121125220427       -1.26229890921436     
   2.09207810191849      -7.142999760393887E-002  -1.28995334122437     
   1.91920080656149       0.623686461397434       -1.32468408710748     
   2.11216165733798      -0.434594355746321       -1.29006121936493     
   2.06206319591187       0.993171430720576       -1.20644750281022     
   1.38982452793476        2.05253206545979       -1.12666978078853     
   1.68493533793920        1.81286665648430       -1.05377364470324     
   1.80896086941061        1.79921775856783      -0.988382885206900     
   1.89995576545348        1.69688477288846      -0.932444412734154     
   2.05586522239763        1.68267492437182      -0.887932810578076     
   2.27221351640007        1.64329461129769      -0.858575612254297     
   2.39170537674028        1.48304102153065      -0.853255232875305     
   2.29968844853262        1.44574915695230      -0.887448248526580     
   2.36136879817468        1.27365817775687      -0.975887984483159     
   2.49663004011214       0.962683305685242       -1.10906191994229     
   2.39306983341218       0.392524580292984       -1.17729692271355     
   2.27791725223629       0.342840041143092       -1.02640375528404     
   2.18381442610202       0.198353630501899      -0.761002248022142     
   2.13834711791791       0.428101712244625      -0.216397819083035     
   2.25059555388878       0.124761552471783       0.223449116637920     
   2.34688505889899       0.530865987049112      -0.106918314637278     
   2.25439526807022       0.890286341543988      -0.558767479709296     
   2.16261752413419       0.614945867070857      -0.693784970705175     
   2.23501151688994       0.553595622779063      -0.779934393764996     
   2.33365594326516       0.758933771272372      -0.843985518994995     
  0.762169705500268      -0.628533587276702       0.823017691885338     
  0.865689234508382      -0.553486668029355       0.829269823147551     
   1.26235506233083      -0.766601957369998       0.829290988504359     
   1.63634371530890      -0.791047977939081       0.822525550946237     
   1.91130606101985      -0.638247699929710       0.808560288362764     
   1.90527475165787      -0.596333724747135       0.787150935203673     
   1.99484831138006      -0.562158184885751       0.758089959123394     
   2.08064908608490      -0.491285851828538       0.720803846574532     
   2.09217817683110      -0.427799441658919       0.673461100941236     
   2.05396219954498      -0.430574799688962       0.609208917642474     
   1.95712920624026      -0.587404378200790       0.515517405482618     
   2.07920571339475      -0.422460707989836       0.292773761309910     
   2.10356534989658      -0.464332519690686       0.384888333527069     
   1.99587171489431      -0.542262174658190       0.408091778548559     
   1.49126491609036      -0.696215086243153       0.377311364262849     
   2.24730412427986      -0.334204077265852       0.323978917874070     
   2.25739163634272      -0.339420793843357       0.256361434305937     
   2.29271637392961      -0.380962207280621       0.177367637924058     
   2.33101582210185      -0.507028275460100       9.299761681457797E-002
   2.44524244781522      -0.760429449193302       1.299386730424487E-002
   1.69262265163774      -0.679411826638206      -5.212952157258523E-002
   2.40118832069376      -0.128810462320856      -8.421219657171498E-002
   2.54818254772898      -0.291216989858567      -1.868802056591770E-002
   1.84125572558494       0.475239200028415      -3.651321428259086E-002
   1.76584240119398       0.659579905417746      -0.244514065133648     
   1.81969026957245        1.25601348755994      -0.427146329769468     
  0.894774692720072        1.57061880533756      -0.536645724273595     
  0.449374347760922        1.12616316383762      -0.621725914111656     
  0.239393098755593        1.02194088406714      -0.692386374821081     
 -0.455334197816750       0.913619304220367      -0.751987201791729     
 -0.942739444764016      -0.275812395314939      -0.800664060236024     
 -0.416421700524056      -0.925398366260490      -0.836739922972514     
 -0.186493400045626       -1.10998167926625      -0.857181983964303     
 -0.285022295608945       -1.26265844101376      -0.858876439758919     
 -0.660890110522608       -1.32332035853512      -0.844777215861276     
 -0.742312044919512      -0.890650003326243      -0.833040847730416     
 -0.481430230713438      -0.593924799252401      -0.840899442363760     
 -0.810380897987626       2.714908304208489E-002 -0.856498113567587     
  0.410945628010908       0.424820441213260      -0.854551699808525     
  0.495365638900235      -0.293436729024548      -0.881146024787836     
  0.732315220067073      -0.519964490609018      -0.956630462117882     
  0.915889414703737      -0.599664085380792       -1.02580660809764     
   1.10275441010831      -0.628723981840665       -1.07993539515193     
   1.28253093440560      -0.603710020879790       -1.12878954430333     
   1.38878703670585      -0.558048527201593       -1.16866581247604     
   1.47600424265953      -0.487426435854836       -1.19612711086772     
   1.51871100409908      -0.438140256072369       -1.21125701398252     
   1.55699725137402      -0.388402562478871       -1.21559823188050     
   1.55775326073285      -0.365211017807388       -1.21077316153774     
   1.57891570009246      -0.322103232845085       -1.19815261211090     
   1.57446513573329      -0.302652987122998       -1.17888445070893     
   1.58127111368415      -0.270296618982818       -1.15396554875156     
   1.58044789528862      -0.247231980820932       -1.12426325928593     
   1.57930938566331      -0.226602264223928       -1.09047716741093     
   1.56778898314503      -0.231711319729006       -1.05305959699020     
   1.57411978394468      -0.217508067235509       -1.01210880023274     
   1.58759219095241      -0.225888027170505      -0.967203896934276     
   1.66168295882503      -0.203477792647981      -0.917042487896864     
   1.72676125305852      -0.330260384937733      -0.858297677731523     
   1.84261149234752      -0.197882328038991      -0.782912118197673     
   2.28137816772467      -0.314596289302515      -0.653207442061297     
   2.74083950916399      -0.580535211834971      -0.493858936506325     
   2.23925742858809      -0.521177719363201      -0.463889217374117     
  0.532960558086580       6.090351464179342E-002 -0.524180970514736     
  0.650417728477416      -0.847090466688585      -0.532506996574638     
  0.481300711652445      -0.833880619401230      -0.512795380577578     
  0.418465841012390      -0.967696985367376      -0.483914812109555     
  0.713644716874672       -4.35905432428527      -0.455079197776307     
  0.162400990922510       -1.22727117059782      -0.429677519351459     
  0.607440633176515       -4.85789301676104      -0.411146952258064     
  0.884477419753979       -5.24479513287252      -0.405483778212937     
  0.393116719304640       -1.76606778458923      -0.428377695846029     
   2.12282156109993       -4.66353429198932      -0.514223308239606     
   3.80425019856387       -3.27217168880758      -0.668209887994124     
   7.59529843455657      -0.630198489399180      -0.384043056002758     
  -4.30330848818126       -1.93668862019369      -0.264246351879552     
   13.6633948050568       -26.7686128425255      -0.183023708030358     
   7.07774720963360       -3.53751929227245      -0.119687598336267     
   3.74354284936245       -3.37066189230561      -6.152445926691991E-002
   3.16729163394993       -4.09552988175284      -3.081803880686245E-003
  0.475401547093368       -1.35107553919776       5.982802462495196E-002
   2.26306492421590       -4.20613249784992       0.132181612871499     
  0.528305786152955      -0.761245632053484       0.221318741662506     
  3.308135214378601E-002  -1.11395465324926       0.336684818759436     
  0.206222171463044      -0.759024445971001       0.477918780024248     
  0.188410877173628      -0.831614173416289       0.605622146065167     
  0.217983485790703      -0.696561728041432       0.673821324773401     
   1.50129462261657       -1.01960648487668       0.716806020381578     
   4.07173321570283      -0.844803852455111       0.809562256483193     
   3.51348468569254      -0.112735507463877       0.841907548567253     
   1.27025074697197       0.313011285309113       0.712366741706294     
   1.07450337505750       0.399088013018104       0.639346973302869     
  0.738353352344395       0.343155900205545       0.629658430202915     
  0.611469116338186       4.558400392950479E-002  0.650934723435094     
   1.46189008601886      -0.686940695389855       0.683131005164155     
   1.56892731500644      -0.760708585110162       0.716114963569870     
   1.68094182541983      -0.604883543593573       0.746245174411585     
   1.67585519103347      -0.378973030618003       0.772385442460528     
   1.71396700543882       -1.09075953355701       0.794116507634794     
   1.65772917634591      -0.156355106334731       0.811126399105541     
  0.713540665259286      -0.714578236186014      -0.418334429833684     
  0.647933055597490      -0.634878154472719      -0.529873145679567     
  0.754536369904772      -0.660282429615904      -0.589941429176504     
  0.750469702884309      -0.714733368046973      -0.602388794383858     
  0.758491169064702      -0.721991598610818      -0.572925655846585     
  0.774619144520056      -0.719201121334813      -0.493621490157370     
  0.784097553176962      -0.721174090362770      -0.393446586881393     
  0.787813215397157      -0.736827311015967      -0.304119353220000     
  0.801268094067221      -0.777929071478098      -0.226568154601388     
  0.823425796303791      -0.852094979791734      -2.026887380294429E-002
  0.845512314000067      -0.788872753106789      -0.207042508524716     
  0.807990192185584      -0.725981875701485      -0.678231630798692     
  0.816304686014441      -0.681619397252369      -0.710517475362977     
  0.839757821139774      -0.677732837110566      -0.755921627159296     
  0.887212485025667      -0.674911426083743      -0.818205073785403     
  0.925448376050057      -0.672682766624771      -0.824794655599675     
  0.953421206030234      -0.664589242834593      -0.781467535476824     
  0.972304976839280      -0.655122969870508      -0.686631946583178     
  0.984702216215839      -0.649829550618134      -0.602422099404731     
   1.00979431032523      -0.620773064291822      -0.608815219151695     
   1.01502405159114      -0.692914857354998      -0.192485567478990     
   1.02417746697411      -0.769835841183652      -0.777864089025235     
   1.04974113896478      -0.776650067171867      -0.779519249580611     
   1.07515097644945      -0.813834658824837      -0.754584201384456     
   1.12838675763734      -0.863787601162627      -0.862845426394666     
   1.21188705286982      -0.895478075723935       -1.02986451400656     
   1.31496736057127       -1.05505384825643      -0.945701413163840     
   1.39432718801318       -1.08544053689821       -1.96102861844083     
   1.45317891160830       -1.04703002979208       -1.77810817205913     
   1.51065174840989       -1.01506855619593       -1.72678952940193     
   1.57770091187114      -0.993371182354854       -1.74222241301802     
   1.66603675568380      -0.992899220211461       -1.81992448992716     
   1.75408659046578      -0.909642857389682       -2.25922394820299     
   1.73794416626299      -0.721527720524171       -2.39423778167721     
   1.73110863872796      -0.647473670608393       -2.12787349246942     
   1.72187015265843      -0.528922905991878       -2.07580069291077     
   1.72057747192613      -0.408281460948787       -2.02381512801422     
   1.72146458949615      -0.289193118326287       -1.97375452761141     
   1.72142035932033      -0.174738948064663       -1.92460298928132     
   1.71016768216685      -5.770921486500999E-002  -1.90247599716600     
   1.67532799772119       5.849136951884200E-002  -1.89919471767804     
   1.62091111433255       0.159703871846641       -1.89138446239317     
   1.55989233664931       0.244026059794056       -1.87182267256135     
   1.49712369827441       0.318634936720260       -1.83921036578383     
   1.43022994698226       0.387766175220322       -1.79285568690391     
   1.35575211183317       0.451533834536918       -1.73028598642542     
   1.27275983626456       0.507515589931548       -1.64304034489165     
   1.18680795482996       0.552261122810543       -1.51871847382197     
   1.10990567629594       0.585496099526002       -1.36288806628537     
   1.05289378195480       0.612445746020001       -1.20422727408555     
   1.03296447611279       0.641697645582496       -1.05868218765456     
   1.11370491691153       0.712235457950234      -0.945310843807478     
  0.290320976882575        1.73168750363601      -0.896812756205995     
  0.681986263665577       0.684970984357480      -0.920175693187535     
  0.838060923485397       0.712805686131101      -0.989471688546945     
   1.03806950978483       0.614551179341348       -1.07440805767024     
  0.563239804816118       0.453890324862584       -1.16746552110584     
  0.563376736589918       0.746432232424414       -1.26508380687612     
  0.574734214415886       0.850893238160456       -1.39508156520754     
  0.521857423310599       0.894614327355554       -1.57077120539409     
  0.450713886126479       0.886684446475908       -1.53322951104248     
  0.412077599583235       0.882982160028191       -1.41232517893467     
  0.354358513371756       0.860010063012538       -1.33081400053633     
  0.319091497036878       0.853169109064298       -1.22372666253968     
  0.276145980382977       0.847161156678523       -1.18267271747201     
  0.238938490470857       0.854375242986481       -1.15345012160907     
  0.196034850657842       0.869285060276529       -1.18622217195127     
  0.141644382461288       0.877278338587793       -1.26756112838747     
  8.273098174562750E-002  0.872952866292019       -1.34791374462063     
  6.630430801646801E-003  0.815287254121865       -1.49783845836825     
 -3.094952066576343E-002  0.722508343781993       -1.29851267099170     
 -2.845558089800739E-002  0.737691741111445       -1.08333743955399     
 -6.939178978699678E-002  0.680609526516287       -1.20628963177855     
 -9.422041656773039E-002  0.587920525812554       -1.27898411910413     
 -9.497505708205164E-002  0.486243144679154       -1.16123373333673     
 -6.734778641421063E-002  0.370582550143083      -0.850694294325804     
 -4.432044372480567E-003  0.338689985756331      -0.311425215034566     
  9.864022891988058E-003  0.454881194291141      -8.382587952506815E-002
 -1.084181767783809E-002  0.480053050740001      -0.362621035822889     
 -6.531041582934088E-003  0.480636123940466      -0.554551304005469     
  2.618018307712486E-002  0.449692788278300      -0.628700086350532     
  8.581319785973694E-002  0.393695003835500      -0.579542525912334     
  7.097779270749408E-002  0.498862844759167      -0.101536158727980     
  0.150702098097754       0.421061160544468      -0.328565665636170     
  0.151154450129102       0.470277248081244      -0.364580294436228     
  0.185036644428765       0.476858469467035      -0.513475874799044     
  0.252682994188660       0.455769923424317      -0.617320874768737     
  0.326368495926831       0.431427110004093      -0.546479918288770     
  0.384993990609590       0.422010329775415      -0.441482034956041     
  0.438202736781139       0.427952868397640      -0.385941017482838     
  0.513997403021333       0.438097356492930      -0.368051670494763     
  0.616801986526011       0.424925044806291      -0.335972265322172     
  0.697136171603716       0.375172113731965      -0.288707430397051     
  0.737492931316049       0.332999969401839      -0.235168496934449     
  0.760186868714721       0.309160083156968      -0.187320196203297     
  0.775485386635947       0.295505482099609      -0.157261074555736     
  0.786814414781737       0.286345521018148      -0.145299590452994     
  0.791208986214201       0.279200080118348      -0.141770456104650     
  0.785890312468962       0.273082059084758      -0.161559546794826     
  0.823521621455644       0.281396063176269      -0.272486817421553     
  0.509501747710725       1.601173747310963E-002  0.240331425953497     
  0.507490977081718       4.797202140658954E-002  0.356074076312426     
  0.503477371416743       7.974298168790953E-002 -5.232500250586859E-002
  0.497476770583717       0.111199232851610      -0.308994813000659     
  0.489512856212716       0.142216631445343      -9.171525270510865E-002
  0.479617058235394       0.172672765967359       7.567575099004506E-004
  0.467828430845408       0.202447439968785      -2.538860983502050E-002
  0.454193498369354       0.231423146414092      -0.183514770111127     
  0.438766071656509       0.259485531427682      -0.329860370691111     
  0.421607035711986       0.286523845596389      -0.557906983169998     
  0.402784109411441       0.312431381046820      -0.444713324717975     
  0.382371578245605       0.337105892572581      -0.256395233722440     
  0.360450001149390       0.360450001149390      -0.155910794359840     
  0.337105892572581       0.382371578245605      -0.118129385986265     
  0.312431381046821       0.402784109411441      -0.106958799276539     
  0.286523845596389       0.421607035711986      -0.200262462311029     
  0.259485531427682       0.438766071656509      -0.173857315998764     
  0.231423146414092       0.454193498369355      -0.316390172084985     
  0.202447439968786       0.467828430845408      -0.485287570135158     
  0.172672765967359       0.479617058235394      -0.571841901120418     
  0.142216631445343       0.489512856212716      -0.820032637744825     
  0.111199232851610       0.497476770583717      -0.752583086161062     
  7.974298168790961E-002  0.503477371416743      -0.786676586057115     
  4.797202140658965E-002  0.507490977081718       -1.01575833288745     
  1.601173747310968E-002  0.509501747710725       -1.26459758734813     
 -1.601173747310962E-002  0.509501747710725       -1.50211771313531     
 -4.797202140658953E-002  0.507490977081718       -1.16182907224298     
 -7.974298168790950E-002  0.503477371416743       -1.26936015367133     
 -0.111199232851610       0.497476770583717       -1.31396567872634     
 -0.142216631445343       0.489512856212716      -0.912605502893278     
 -0.172672765967359       0.479617058235394      -0.796772529363310     
 -0.202447439968785       0.467828430845408      -0.762089546195606     
 -0.231423146414092       0.454193498369354      -0.747244116835634     
 -0.259485531427682       0.438766071656509      -0.742056547834323     
 -0.286523845596389       0.421607035711986      -0.745846652881537     
 -0.312431381046820       0.402784109411441      -0.764294658015287     
 -0.337105892572581       0.382371578245605      -0.800392936425105     
 -0.360450001149390       0.360450001149391      -0.852045021185037     
 -0.382371578245605       0.337105892572581      -0.914895654233916     
 -0.402784109411441       0.312431381046821      -0.976874730326927     
 -0.421607035711986       0.286523845596389       -1.01511524391675     
 -0.438766071656509       0.259485531427682       -1.02386362168084     
 -0.454193498369354       0.231423146414092       -1.02787485523334     
 -0.467828430845407       0.202447439968786       -1.04086352574785     
 -0.479617058235394       0.172672765967359       -1.06179705987391     
 -0.489512856212716       0.142216631445343       -1.09020112798290     
 -0.497476770583717       0.111199232851610       -1.12507527962213     
 -0.503477371416743       7.974298168790957E-002  -1.16499442561485     
 -0.507490977081718       4.797202140658968E-002  -1.20804095808446     
 -0.509501747710725       1.601173747310971E-002  -1.25078509066608     
 -0.509501747710725      -1.601173747310959E-002  -1.28569453747172     
 -0.507490977081718      -4.797202140658954E-002  -1.30993157436658     
 -0.503477371416743      -7.974298168790959E-002  0.510957057441460     
 -0.497476770583717      -0.111199232851610       -1.14438476684681     
 -0.489512856212716      -0.142216631445343       -1.05402639085755     
 -0.479617058235394      -0.172672765967359      -0.878703117220107     
 -0.467828430845408      -0.202447439968785      -0.838004891140128     
 -0.454193498369354      -0.231423146414092      -0.953165365558867     
 -0.438766071656509      -0.259485531427682      -0.817463879223862     
 -0.421607035711986      -0.286523845596389      -0.655282685845209     
 -0.402784109411441      -0.312431381046820      -0.685485481286948     
 -0.382371578245605      -0.337105892572581      -0.825167946116953     
 -0.360450001149391      -0.360450001149390      -0.887630160733272     
 -0.337105892572581      -0.382371578245605      -0.902838363861561     
 -0.312431381046820      -0.402784109411441      -0.897412657204896     
 -0.286523845596389      -0.421607035711986      -0.892982195887744     
 -0.259485531427682      -0.438766071656509      -0.806841183271922     
 -0.231423146414092      -0.454193498369355      -0.743483224131791     
 -0.202447439968785      -0.467828430845408      -0.601282121950935     
 -0.172672765967359      -0.479617058235394      -0.381086301270252     
 -0.142216631445343      -0.489512856212716      -0.437193111311951     
 -0.111199232851610      -0.497476770583717      -0.529927738186105     
 -7.974298168790959E-002 -0.503477371416743      -0.380908020014441     
 -4.797202140658959E-002 -0.507490977081718      -0.164977233065177     
 -1.601173747310963E-002 -0.509501747710725       0.114681040612785     
  1.601173747310945E-002 -0.509501747710725       0.215938200989391     
  4.797202140658939E-002 -0.507490977081718       4.319270794472298E-002
  7.974298168790946E-002 -0.503477371416743       0.393630869595420     
  0.111199232851610      -0.497476770583717       0.275594129393056     
  0.142216631445343      -0.489512856212716      -0.331138697344378     
  0.172672765967359      -0.479617058235394      -0.413905635708266     
  0.202447439968785      -0.467828430845408      -0.438423638153230     
  0.231423146414092      -0.454193498369355      -0.428638879480814     
  0.259485531427682      -0.438766071656509      -0.394528254877279     
  0.286523845596389      -0.421607035711986      -0.340272398823731     
  0.312431381046820      -0.402784109411441      -0.270961385449699     
  0.337105892572581      -0.382371578245605      -0.190737605678239     
  0.360450001149390      -0.360450001149391      -0.103128881026046     
  0.382371578245605      -0.337105892572581      -1.032798032420539E-002
  0.402784109411441      -0.312431381046821       8.442768263113672E-002
  0.421607035711986      -0.286523845596389       0.166853438701182     
  0.438766071656509      -0.259485531427682       0.205758731887053     
  0.454193498369354      -0.231423146414093       0.185987264615876     
  0.467828430845408      -0.202447439968786       0.153064818355931     
  0.479617058235394      -0.172672765967359       0.135705359901988     
  0.489512856212716      -0.142216631445343       0.133254260871696     
  0.497476770583717      -0.111199232851610       0.141168978476115     
  0.503477371416743      -7.974298168790962E-002  0.155947446565962     
  0.507490977081718      -4.797202140658962E-002  0.175115597358569     
  0.509501747710725      -1.601173747310960E-002  0.198788084679721     
