  0.443590651776436       4.331725601955568E-002 -5.054125499872377E-003
  0.453933223143170       9.702205658350141E-002 -1.508266992129814E-002
  0.486986291633265       0.159261046224778      -2.487335162811346E-002
  0.330797014948040       0.257545602506214      -3.427176572113397E-002
 -0.167007935255640       5.306846204677298E-002 -4.312969359577076E-002
  0.340954015074035       0.256250651533454      -5.130744043797323E-002
  0.342148837337811       0.407466850792956      -5.867603829488885E-002
  0.243594579923186       0.411146974850862      -6.511927997652842E-002
  0.230166110245519       0.457818435252435      -7.053555171256558E-002
  0.506089277616485       4.815278651892345E-002  1.593717681025275E-003
  6.986012539302920E-002  0.444759465320283      -7.796305700452838E-002
  4.562864524748757E-002  0.491342600705000      -7.985715436502286E-002
 -4.550410132056752E-002  0.494775955887320      -8.049185669683015E-002
 -0.151493763012794       0.540714288695920      -7.985715436502307E-002
 -0.286494856889071       0.435415882051365      -7.796305700452866E-002
 -0.351929653986608       0.591426073718587      -7.483943566219955E-002
 -0.316819307731813       0.469742877853979      -7.053555171256558E-002
 -0.517949447643490       0.314224763947413      -6.511927997652819E-002
 -0.337090390522123       0.381468453439221      -5.867603829488906E-002
 -0.457145923687910       0.296001258798558      -5.130744043797326E-002
 -0.309809822302947       0.318381813468001      -4.312969359577105E-002
 -0.467873127577437       0.255721026859813      -3.427176572113353E-002
 -0.582303077519729       0.134498352165722      -2.487335162811233E-002
 -0.534594939022551      -1.735455240728150E-002 -1.508266992129779E-002
 -0.629801302679127       0.103931861363273      -5.054125499873309E-003
 -0.610245241302015      -8.486166770108615E-002  5.054125499872747E-003
 -0.545158445862299      -0.104996167924769       1.508266992129870E-002
 -0.555839688326239      -0.165147612145736       2.487335162811306E-002
  0.486267554210762       6.478754119020819E-002  8.161265032763451E-003
 -0.456290311241712      -0.264598391613161       4.312969359577050E-002
 -0.438071137627810      -0.286987358365567       5.130744043797365E-002
 -0.363543351013218      -0.457049352129646       5.867603829488888E-002
  0.512822103115414       0.119452902017302       7.508709354497042E-003
 -0.241716950634204      -0.453121764965579       7.053555171256504E-002
 -0.211921084924366      -0.428160446309622       7.483943566219910E-002
 -0.106652742783716      -0.574771461709027       7.796305700452870E-002
 -0.124765887574550      -0.507422166718932       7.985715436502240E-002
 -2.666170411881266E-002 -0.516896443702761       8.049185669682922E-002
  0.496481502750697       9.896775788319452E-002  2.280094764134204E-002
  0.143070095454642      -0.455467548581734       7.796305700452841E-002
  0.475843145688580      -0.489659718012270       7.483943566219871E-002
  0.455397754388587      -0.437972674762088       7.053555171256584E-002
  0.120307108433090      -0.440168105930573       6.511927997652818E-002
  0.406099610856312      -0.441359480910767       5.867603829488890E-002
  0.439461833985167       0.203936940696003       3.424846353528109E-002
  0.362792456695836      -0.312632301614468       4.312969359577010E-002
  0.369985001609713      -0.251623927424211       3.427176572113427E-002
  0.455731078293825      -0.166175196273536       2.487335162811290E-002
  0.409788177128996      -9.248810542795284E-002  1.508266992129770E-002
  0.483653412273530      -2.476975795124345E-002  5.054125499873328E-003
  0.179665796169552      -0.519083717977977       8.318696779715702E-004
  0.429748056012223       0.104163509030578       3.802229532619611E-003
  0.477465442389783       0.159109804535562       6.146147099659471E-003
  0.426349335969030       0.173243009739768       7.968368215010192E-003
  0.398385862819487       0.265445735079193       9.183451258980407E-003
  0.324671680351452       0.341533586747819       9.746267728549720E-003
  0.339099575348536       0.360954832788009       9.662598106485570E-003
  0.227425926868772       0.405203130300032       8.985692650423142E-003
  0.248155473182995       0.413599684715700       7.804387160851575E-003
  0.202386386938966       0.458177522770495       6.230051937462087E-003
  7.124899577512075E-002  0.454361988746957       4.384659683608709E-003
 -0.274453232616170       0.314961972129846       2.391114925615276E-003
  7.643797950510195E-002  0.459181052156204       3.663522133133759E-004
 -7.798393872986063E-002  0.492827853954007      -1.582877184704005E-003
  0.162050957416859       0.435751240210588      -3.362002859222348E-003
 -0.221490295363181       0.493925314538691      -4.889139073695157E-003
 -0.316287367409449       0.455454470503830      -6.094956787677358E-003
 -0.313899169544678       0.354906247796597      -6.922813141458877E-003
 -0.380829159861067       0.359902551222538      -7.329906525840871E-003
  0.171854068481947      -0.232851416728000      -7.289912345226963E-003
 -0.536944652984907       0.414564542283075      -6.797043308492793E-003
 -0.478767809211413       0.206149294545721      -5.870868593423949E-003
 -0.585909849264340       0.145319838097210      -4.560996296831839E-003
 -0.605853798119960       0.117467546335974      -2.950512151787509E-003
 -0.533962832282208       4.962882227246421E-002 -1.226314089348241E-003
 -0.568419059653283      -5.337504176676682E-002  9.659707677996640E-004
 -0.595643118526428      -0.142812170687851       2.738427987576690E-003
 -0.562831115605379      -0.169300993091143       4.397960254589902E-003
 -0.470211614404859      -0.142462815745734       5.764132924722569E-003
 -0.668404112625203      -0.279468746670697       6.753373387776626E-003
 -0.445925201086260      -0.326476784827556       7.306135271694202E-003
 -0.381004990943618      -0.417765605567878       7.394154946626350E-003
 -0.300164200585202      -0.440167900329964       7.016214800261546E-003
 -0.126129052908543      -7.181131261267126E-002  6.195084508835824E-003
  5.735489477955447E-002 -0.556327450661740       4.973561546158693E-003
 -0.106054221142448      -0.500232255701748       3.411538794498497E-003
 -3.748218286150502E-002 -0.537085375764456       1.584195974104324E-003
  7.528799880397991E-002 -0.472545861562118      -4.190605593489552E-004
  0.111484413583723      -0.480649468623307      -2.495561443281138E-003
  0.139288838515714      -0.468842876036832      -4.531002701121166E-003
  0.132643151268529      -0.422517054268463      -6.402468522175447E-003
  0.291846917345427      -0.433664508681460      -7.983440970708893E-003
  0.235595986080476      -0.330196463281826      -9.151155890401544E-003
  0.254351299267341      -0.308256278198183      -9.796308649399533E-003
  0.362398850510256      -0.328091590145032      -9.834583016521440E-003
  0.380416569938414      -0.228887749655763      -9.218713069927852E-003
  0.385212284569776      -0.244423955983106      -7.948691837081334E-003
  0.434843919331077      -0.171319066342357      -6.075732359778437E-003
  0.435244166513209      -9.142988576394140E-002 -3.684178400391966E-003
  0.479381650096366      -3.732711623373831E-002 -6.929153733955083E-004
  0.477553446874192       4.868770810404424E-002 -1.180084301719984E-002
  0.489249785937931       9.854742886531684E-002 -2.992320623268296E-002
  0.463190280149962       0.179164615522725      -3.469733862350299E-002
  0.416203071085123       0.188448712297604      -3.513432104028912E-002
  0.375596921828262       0.252942140781156      -3.495806453084613E-002
  0.357770435685277       0.333390954319351      -3.476165665475445E-002
  0.352870544781715       0.503256767005901      -3.459100794177909E-002
  0.214043822315684       0.405795042257260      -3.448352515189559E-002
  0.231210265625880       0.412913779909104      -3.448298315929955E-002
  0.197899052321531       0.444513464703420      -3.538740621935690E-002
  3.563524943573899E-002  0.531532044148909      -4.440111565661227E-002
  0.141347210777252       0.440611762840792      -5.135456530467013E-002
  0.103533938306374       0.539609890044861      -4.622899015391652E-002
 -4.533722753488657E-002  0.504820366761792      -3.731908264656381E-002
 -0.193670357432031       0.515163070212731      -5.052171320994224E-002
 -0.196184101261628       0.547034671088583      -6.679621214387506E-002
 -0.252942775759447       0.440041846182730      -7.018480543835423E-002
 -0.312786826728033       0.467790536184740      -7.227589143520485E-002
 -0.427893764314420       0.378066057707896      -7.408911407020945E-002
 -0.500905652265526       0.305483494116048      -7.496897124234816E-002
 -0.504984073086719       3.158414093156925E-002 -7.331782257398686E-002
 -0.480659034455208       0.198961321298995      -6.594490639968044E-002
 -0.448974709849198       0.150769983206725      -4.641573552893648E-002
 -0.592610445467473       0.144072179246673      -1.913163284568573E-002
 -0.526546323228552       3.621554570968025E-002 -4.300026651425470E-004
 -0.560669512344203      -7.249526950359260E-002  1.827705563168131E-003
 -0.639461380243425      -0.200932587163844       1.958551281566749E-002
 -0.518090986555899      -0.205077071046598       4.606586417104117E-002
 -0.450176473257837      -0.359285154576303       6.361199679834630E-002
 -0.507562988572314      -6.369887503593388E-002  7.156394349588864E-002
 -0.446274045525934      -0.338910419621553       7.384679502663960E-002
 -0.371002405690386      -0.450809368593775       7.353367893994894E-002
 -0.353305830036388      -0.456407432108284       7.240680737736398E-002
 -0.237648869314235      -0.504150951381559       7.144581226203592E-002
 -0.199664829167870      -0.480462255652583       7.062373148504685E-002
 -0.116378671916321      -0.597492857052147       5.819252211301212E-002
 -4.215349034609756E-002 -0.540110549716024       3.968324294349506E-002
  9.969346391071299E-002 -0.503333408630298       4.647865252438095E-002
  4.270335627462171E-002 -0.479681198310490       4.936836261736198E-002
  0.108556018607372      -0.438366555999934       4.187405673003517E-002
  0.195017585394981      -0.440883663686149       3.411069468666743E-002
  0.254821259689744      -0.412840694301654       3.429815971352956E-002
  0.288785566651160      -0.414121990388553       3.508183452566913E-002
  0.301817618092596      -0.272554143212523       3.562975835957553E-002
  0.401853239526565      -0.328407289025392       3.592108166250779E-002
  0.393765835085102      -0.249366398573965       3.593330441624611E-002
  0.463250568318996      -0.172588620295817       3.587386922203692E-002
  0.470207195178840      -0.167007354033157       3.419237142280238E-002
  0.458873095566433      -9.897647732692758E-002  2.917176493308016E-002
  0.391715589481921      -0.128369546235324       1.170028824045398E-002
  0.485532397882993       2.813265256169398E-002 -6.129212808904804E-003
  0.404833626958232       2.406435645500203E-002  6.625246154473365E-003
  0.466893928356946       0.147004410112851       1.027387022910240E-002
  0.487559206540138       0.180993810381201       1.261075368036732E-002
  0.345684182142380       0.239324728725403       1.451454701953602E-002
  0.349342741013690       0.310998788547381       1.677158443255829E-002
  0.309857216743849       0.391818454781706       2.039996652513710E-002
  0.313994897080406       0.371597863499099       2.442438151614759E-002
  0.491961336635924       2.857891735985493E-002  2.699772393159395E-002
  0.167937510962848       0.453797391421191       1.775695702656279E-002
  3.117228831994982E-002  0.482572938995009      -8.029332773653206E-003
  7.805508144981603E-002  0.441672466380612      -2.625706476071914E-002
  0.100042123796462       0.641957187268537      -2.772432233191703E-002
  6.298911973936160E-002  0.480371650052728      -3.189725943666585E-002
 -9.404748157133082E-002  0.571062465461456      -2.811133926052668E-002
 -0.265619708411652       0.523398974536270       3.286541418827782E-003
 -0.333020123605213       0.450010361026850       2.301497729737952E-002
 -0.277979765307426       0.492568958643444       3.110459869323819E-002
 -0.384287248540081       0.364658518299905       3.871552755435786E-002
 -0.189227880781095       0.465169289692792       5.103184940359645E-002
 -0.449544087502663       0.271348073686061       6.600677495380344E-002
 -0.481076907165163       0.257568836071781       6.869187550449435E-002
 -0.371357175934638       0.125372155961138       4.790451156732210E-002
 -0.564023489302755       9.903840635010025E-002  1.170061175959091E-002
 -0.574732392819159       3.101878106658880E-002 -5.588995289077028E-003
 -0.561425055863051      -7.178914315447360E-002  6.146110368234618E-003
 -0.533875403505862      -9.560255477863659E-002 -9.766774885598101E-003
 -0.525567521461279      -0.204268183311959      -4.551428470056055E-002
 -0.314557403605601      -0.398782416830489      -6.476578638022347E-002
 -0.466041868083218      -0.295956828179111      -6.251732118989871E-002
 -0.406439671806323      -0.362468543768129      -4.829265859942430E-002
 -0.386015431939635      -0.445791112451253      -3.683917827119881E-002
 -0.327692406824927      -0.365642988133489      -2.991525960753547E-002
 -0.228804552784690      -0.476227489113112      -2.217388765391778E-002
 -0.138541795148285      -0.554928570385768      -2.110794076879382E-003
 -0.187759323850659      -0.511344844517616       3.029633594844879E-002
 -7.034353741123032E-003 -0.512295069429830       3.175009736678701E-002
  0.119825122565513      -0.560284278122937       2.597873756679995E-002
  8.382961342572939E-002 -0.506314092071917       2.353192707696731E-002
  6.885379752588713E-002 -0.489265907928858       7.204768895865756E-003
  0.202541025414933      -0.478378913102677      -1.545673266746613E-002
  0.198231218074807      -0.412179974867358      -2.447103253272899E-002
  0.187591341854309      -0.386080979198885      -2.335775827189968E-002
  0.339862827297266      -0.355178133914570      -2.065217082212519E-002
  0.413551932784462      -0.275391051377026      -1.768343712348117E-002
  0.449143958676629      -0.249434712018013      -1.536043006567557E-002
  0.515196132634866      -0.138436038350129      -1.300845472378013E-002
  0.460152000780285      -0.175534016719103      -9.286331454491826E-003
  0.433237052162316      -0.103821194890022      -5.790382054414714E-003
  0.486984306933198      -3.639483839364663E-002  6.556148511594992E-003
  0.478719523991534       2.699282053090727E-003 -3.340457624058454E-002
  0.487296606965849       2.969434286830128E-002  0.102122996224747     
  0.459635999490308       0.148971872989175      -2.453104063816235E-004
  0.515759770626680       0.180292270270695       8.640274242661153E-003
  0.396094056963642       0.271319075927528      -6.535323202975108E-003
  0.372969808194655       0.276141496976638      -2.245536624417555E-002
  0.326667203785480       0.387972668054593      -2.238287040454917E-002
  0.338237628942196       0.386797171775936      -3.995275122792571E-002
  0.251348089491518       0.409658734294573       2.635976292762194E-002
  0.175187867903459       0.457476839423269       3.029535508070829E-002
  0.154170068384777       0.463936859484817      -1.759571378755504E-002
  6.921957873627829E-003  0.498826024425425      -3.042660780381851E-002
  8.943092500900326E-002  0.487448163393032      -1.253358000090550E-002
 -0.103006049377177       0.504465074032300      -8.946874852615945E-003
 -3.536360756473597E-002  0.505564116921091       3.442236070607909E-004
 -0.200135507609738       0.502573625796697      -1.560176830543112E-002
 -0.249810880187137       0.446276342847857      -1.398371650168276E-003
 -0.346490256968921       0.490766318675883      -3.163244924445195E-002
 -0.340750746412663       0.408487449054775      -3.634693754068494E-002
 -0.433174516231075       0.293190270270446      -2.454124709819527E-002
  0.433187851166015       0.197330194789009       0.100950988639819     
 -0.487737166894718       0.260659648392461      -5.582408167632408E-002
 -0.534018141853029       0.173914690821914       2.627033255350812E-002
 -0.567783659940284       0.129372225900692       2.573884468665108E-002
 -0.567625432143718       2.698099112211647E-002  1.507344358593590E-002
 -0.560752316061411      -5.647946292956749E-002  4.073467986814226E-003
 -0.577741215948173      -8.849757628199034E-002  2.691289234084961E-002
 -0.502172927197699      -0.156412119658898       7.662740632529684E-003
 -0.550738763061858      -0.165081980436283       6.073758614614958E-002
 -0.449026209481723      -0.332572962162702       3.453896098297431E-002
 -0.405763083155966      -0.359775472189667       2.656195319839399E-002
 -0.379473555809672      -0.206394642069699       3.772687392027830E-002
 -0.345692722012916      -0.428941593210623       3.632081960914767E-002
 -0.241081006073128      -0.445343723400266       1.092040188379187E-002
 -0.173313688171633      -0.542021049984752      -8.627415050992891E-002
 -0.107991732024378      -0.514487547276507       1.118451402984889E-002
 -7.200682799004916E-002 -0.507351125927936       8.588019508359497E-003
  9.095989297048143E-002 -0.467153058511403       7.619440341289307E-003
  1.308627529186791E-002 -0.496622249084029       1.888168512757473E-002
  6.474754871636655E-002 -0.444470827352970       3.462211440325056E-003
  0.160483516346001      -0.416289593269053      -1.232495200638520E-002
  0.240286164848513      -0.420005559787531       8.350614649044009E-003
  0.307356509139195      -0.411494645674172       5.538299612859231E-002
  0.193958116668275      -0.385815288514266       3.783148586317286E-002
  0.422127356256019      -0.226174066060822       3.665798658306980E-002
  0.438021015915246      -0.232765747265788       1.597095016208140E-002
  0.432926194623983      -0.217915051963499      -6.346754436479182E-003
  0.461482119185713      -0.137907511140888      -2.344364553725242E-004
  0.421056386214958      -0.105442910609804      -2.128765323404859E-002
  0.186255521770024      -6.150657971753164E-002  1.448603619290068E-002
  0.452825919352593       6.855357051902149E-002 -2.522474674112526E-002
  0.448286741237133       0.113007104958590       1.554290523273739E-002
  0.417733971147267       0.225889152958752       1.154788177878181E-002
  0.393859765862940       0.202279757531531       5.913501742800943E-003
  0.392957837617383       0.235145443470321       1.531815700082664E-002
  0.399559186101915       0.378587730170578      -1.334674812552971E-002
  0.317202638185224       0.454118093105515      -3.878431349578459E-002
  0.243092515738525       0.391028200661683       1.066569357911603E-002
  0.240261910284712       0.473199528364338       4.264840353368517E-002
  0.123913118334583       0.466540025697122       9.633204275098872E-002
  5.374780462196205E-002  0.444406306697183       2.875110126287776E-003
  0.330597476537267       0.647666957996840      -4.956176345582720E-002
  3.668561720125440E-002  0.631995839124622      -3.496529764268685E-002
 -6.311517694601247E-002  0.503999191915934      -1.870501643054876E-002
 -0.140664137771338       0.527345823163015      -1.114563722057196E-002
 -0.194280931773753       0.558898762896280      -9.181182857663627E-003
 -0.316953981923219       0.456692338230169      -1.947980483699756E-002
 -0.313545397148103       0.478598262918273       2.247794692191604E-002
 -0.427516375510591       0.369841716605108       4.783444945342177E-002
 -0.392112790725833       0.368358971090431       4.660132297510786E-002
 -0.450038520256903       0.274817961804941       1.199819903396320E-002
 -0.504452300674846       0.156718611712850      -3.890197499054987E-002
 -0.453634445254902       0.152962125348624      -2.826397676781926E-002
 -0.524934826363041       7.946838095359787E-002  5.074617069334464E-003
 -0.562206397415675       2.276714999511806E-002 -1.296104011557514E-002
 -0.528468533752189      -4.765040661084795E-002  1.353479469782896E-002
 -0.533563381075660      -7.155819215723934E-002  1.925215138268781E-003
 -0.501571912311145      -0.173983579943392      -9.127829461354646E-003
 -0.488692247404496      -0.273905362719307      -1.245299054992230E-002
 -0.442527218062735      -0.294579822383222      -4.360221292830214E-004
 -0.437656561121522      -0.343468185424974      -3.126198048586425E-002
 -0.381862089075259      -0.372015512596765      -9.922588904118417E-003
 -0.355738011486273      -0.471773906305965       3.513207588481015E-003
 -0.214019220986973      -0.473131415426525      -2.935760233701824E-002
 -0.217116920923617      -0.436950340069617       6.107750305524968E-002
 -0.120614023065761      -0.575350600791532       0.110391217401886     
 -6.733340814345237E-002 -0.532884461052110       3.445206609376959E-002
  0.110123927051745      -0.512871887676123       4.806040131760686E-002
  2.630477993605013E-002 -0.489318391720146       6.725705806347357E-002
  8.204205000454122E-002 -0.449803531362446       1.174210872808882E-002
  0.165585368819932      -0.446631993361295      -5.418259330732234E-002
  0.381059615713420      -0.354660525835952      -4.733351362020929E-002
  0.325432134832531      -0.392316678222092       7.220212731449403E-003
  0.285283477211959      -0.354014251407266       2.019830141226036E-002
  0.409407444677833      -0.323057834223374       7.943265883051831E-004
  0.433999118948586      -0.258113073569342      -2.432281599545226E-002
  0.465101789598029      -0.173638496144236       7.802818713509162E-003
  0.464902501313960      -0.121257250510040       1.523339939776623E-002
  0.463010757101889      -7.721766359432158E-002 -4.775468747046280E-003
  0.487478321563787      -3.297461487762664E-002 -5.439085664348818E-003
  0.579886753390755      -0.102639739531833       1.062574446980331E-002
  0.553970036304929       0.236078987076581       3.261519231623901E-002
  0.460467120927530       0.206287807512087       5.286049383257949E-003
  0.492088775708352       0.170074407870531       4.986258798142353E-002
  0.376413732398811       0.253603880267238      -9.816978829416777E-003
  0.405054446879946       0.224539836805824       4.510353769409291E-002
  0.311867371539483       0.450498651823737      -1.394039292183602E-002
  0.202787750904096       0.384999274398699      -2.639264056887758E-002
  0.242452782640904       0.432106925365440       4.600582019061127E-002
  0.171819823829643       0.461664589154508       4.429677338932562E-002
  4.855834961488761E-002  0.413317295866631      -2.771720657642612E-002
  3.016716283986972E-002  0.506782273589640       1.706703973172292E-002
  2.518483363757687E-003  0.512949379050890       4.252533829752111E-002
 -9.803592999479507E-002  0.506885256128753       4.712103896655881E-002
 -0.171026830511814       0.489424081854570       4.687956804707068E-002
 -0.242142018871554       0.497656044410780      -1.397649029764554E-002
 -0.247829190926496       0.513739302007638       4.204045358827446E-002
 -0.260905228681970       0.403672962714034       4.716805867947553E-002
 -0.339509260707260       0.381937100741080      -2.322131424058987E-002
 -0.386270188587194       0.363150453069072       1.565120374687719E-002
 -0.391311451195289       0.253351680011182       2.994051354379879E-003
 -0.518269590043921       0.191497015371755       2.857555365441886E-002
 -0.491519157497431       0.157043822053625       8.461410379656255E-003
 -0.521642390894767       0.105422131385490       1.909301384906180E-002
 -0.533407294088254       2.608596018375041E-002  4.743308748084495E-003
 -0.555797663494876      -5.667494016696119E-002  1.191644329735226E-002
 -0.533206838333054      -8.262674874589476E-002  2.041246190454534E-002
 -0.515715103311060      -0.157123572389114       2.413834461559126E-002
 -0.494090812224232      -0.268010855608072       4.119328582770823E-002
 -0.476644967512323      -0.301407272098716       3.041735471460230E-002
 -0.500806988649570      -0.264045961075140       2.128090150155281E-002
 -0.295805966844877      -0.316477505103319       2.100777127841227E-003
 -0.357745340389861      -0.416457298785736       3.819533446172519E-003
  0.627446927585220       0.291872520920553       5.605523258107309E-002
  0.487713651722768       4.290272066076808E-002  7.239292958390593E-002
 -5.645150138261870E-002 -0.506930354665161       2.111684341229130E-002
 -1.227114151742054E-002 -0.532336642229402      -1.101691775264066E-002
  6.315304158937057E-002 -0.538899802982267      -2.200388646224021E-002
  8.380796789982926E-002 -0.484851852817232      -3.453908728175624E-002
  0.184761573187134      -0.495938063924524       4.191630135712484E-002
  0.183580866908853      -0.499885672803463       5.682413287653038E-002
  0.292567581851475      -0.431378162382270      -8.731186189304999E-003
 -9.382965476553067E-002 -0.463266260210082       4.966135376679182E-002
  0.353161800005042      -0.361507866104540       2.751863936702272E-002
  0.471808264671757      -0.237944493435892       1.860831563279416E-002
  0.302601311081740      -8.595166697951052E-002  5.971941084161009E-002
  0.460551475644649      -0.235120516182501       3.642726918272067E-002
  0.471670735222966      -0.147625047782848       2.007950734912605E-002
  0.455496454974433      -9.704420865991387E-002  2.625237763996200E-002
  0.480379921985203      -5.210375077411166E-002  2.886799219743209E-003
  0.505559665114038       1.267041680906753E-002 -0.111896647946628     
  0.408073385228916       0.144012267239460      -5.046928696999106E-003
  0.433748316038164       0.169326512437378       1.040890355685962E-002
  0.423069708211257       0.213761457840674       1.359211747185669E-002
  0.382436916638231       0.245402254583878      -1.945528495720825E-002
  0.349997905941821       0.326730145517127       1.105087932145921E-003
  0.332880032549625       0.362620750685565      -1.051218401131924E-002
  0.268543676710617       0.391821856195286       5.202900096004934E-002
  0.215320747850063       0.414371407049060      -5.588697959104569E-002
  0.200629336748551       0.494815868313751       4.090765849210855E-002
  4.400746123381088E-002  0.458900062911322      -1.471840969333073E-002
 -0.124204623802794       0.740859915928246      -5.001203487529707E-002
  4.417346091024774E-002  0.516285692465024      -8.263246852693537E-002
 -3.158842118540839E-002  0.488991862915897      -5.284469213233268E-002
 -8.280946339161831E-002  0.565681491001435      -5.316390657005842E-003
 -0.244529210015217       0.494925447217856       9.599416332331915E-003
 -0.286054691998958       0.457130605785757      -2.396222783653158E-002
 -0.322046201035930       0.420113757051196       4.593262899067007E-003
 -0.340294428902900       0.430786021259923       9.613788219327118E-002
 -0.438450017428599       0.269478468511283       1.685086226490703E-002
 -0.486223995773496       0.202723815135298       4.787318133069650E-002
 -0.470699298412345       0.228831024970930      -1.955646113604799E-002
 -0.523158229419039       0.183074331881494      -4.205173471374148E-002
 -0.503008428974868       6.410579847851673E-002 -6.075329319700954E-003
 -0.616572400139493      -5.206157439957764E-002  2.073569614666421E-002
 -0.549357847975409       1.578712364885855E-002  1.074248735421237E-002
 -0.556848989571040      -9.038094855199109E-002 -3.144192565335897E-002
 -0.545436727143128      -0.163895711356399       2.122299367865190E-002
 -0.490513283209164      -0.262384703020292      -9.524023481020477E-004
 -0.435670700439164      -0.285672990342885       9.916463586530836E-003
 -0.395554225867723      -0.346862705194984      -2.844927095615882E-002
 -0.401456013116145      -0.385372497627969      -3.629654330073807E-002
 -0.265553197913802      -0.396078174066109      -2.526959341982200E-002
 -0.211609729701015      -0.443977364466819      -4.595242374789218E-002
 -0.260920046665218      -0.478326893520854      -5.987356517710899E-002
 -0.110310106671942      -0.549776399894647      -8.927585760412757E-003
 -6.164894184604312E-002 -0.536162921260110       6.309688244601677E-002
  1.891104493802796E-002 -0.510673073269556       8.897005946978960E-002
  8.850343774421886E-002 -0.552262156934733       0.105297904447346     
  0.129560004834490      -0.456543648694240      -5.998697870282464E-002
 -0.125476206528078      -0.392443587128087       6.532972078017181E-002
  0.172371061817837      -0.344698978827671       1.410115635444810E-002
  0.300389635915646      -0.409317097056472      -5.038030532629247E-002
  0.314086018740223      -0.331721234285708       2.901272391481977E-002
  0.402985264483967      -0.316850492767893       2.787267913405811E-003
  0.466390621956868      -0.232366302189694       5.119795406098888E-002
  0.464768187981810      -0.168092314467747       3.375709480998470E-002
  0.463122998811968      -0.103953024149955       2.308682470165520E-002
  0.543756711519917      -8.973646001278895E-002  8.526053873249699E-002
  0.530548891219139      -2.546366212132789E-002  1.653464593788986E-002
  0.508945651161256       8.120996379515188E-003  7.788386664602957E-002
  0.541848449985948       0.107688726004885       5.505320567741262E-003
  0.441423674150635       0.221029054262379       3.531516647050868E-002
  0.430264209666279       0.213511042307678       5.419045801753227E-002
  0.383859898962529       0.245625406264177      -1.396384355816369E-002
  0.340727020610539       0.336031754935491      -1.696024517491144E-002
  0.339596592104775       0.410907254324583      -2.244709802163743E-002
  0.324164824250364       0.424678225270970      -4.319842975003509E-002
  0.207287331672134       0.383470719557350      -2.547977006451384E-002
  0.204841858399445       0.493246432157237       5.474752430524205E-002
  0.126882223630656       0.449800594393578       6.673962780231873E-003
  3.351943893804897E-002  0.483016813697939      -2.351800948619938E-003
  4.680210918015816E-003  0.483296047964870       1.066337336038653E-002
 -2.514084214317996E-002  0.485196803501253      -6.018231621750911E-002
 -0.186231886656944       0.520215508468265      -0.122622837695061     
 -0.155725514650848       0.504873934369683       6.739972379694940E-002
 -0.280381473599159       0.445740211796815       0.136196712667007     
 -0.332917647137089       0.424010796311749       4.935280279791492E-002
 -0.348838603086757       0.392437127035465       2.513123626986126E-002
 -0.391552074885508       0.342570953654192       3.115478145755581E-002
 -0.453778058903172       0.268644010127823       4.872265066004933E-002
 -0.468346506760355       0.172644185421928       1.763702445799360E-002
  0.508008942612902       3.196121358636919E-002  0.178162569658531     
 -0.500808121942219       9.712210684642146E-002 -4.125759680179216E-002
 -0.506289986447395       5.131225633779701E-002 -2.998858285384073E-002
 -0.524859964927530      -0.208771448620560      -2.511488645026407E-002
 -0.500522563040237      -9.312522210994291E-002 -3.654369676452080E-003
 -0.497670004949636      -0.146529968720181      -4.424255060649397E-002
 -0.493758628648648      -0.243617037376666      -1.517740139012736E-002
 -0.448169503888270      -0.292988588603223       2.386019825225162E-002
 -0.394355248866820      -0.334164184836783       1.628286125287637E-002
 -0.371776607142321      -0.405128968376365       5.889116881289625E-004
 -0.327231477720179      -0.431269402587976      -7.132691051083649E-003
 -0.245688560551370      -0.527952103977538       1.097286146044421E-002
 -0.251334125364981      -0.431420870221076       4.321157597066673E-002
 -9.118521986945569E-002 -0.531657974202673      -0.143355619993404     
 -3.577742333077463E-002 -0.529780998172193       5.449413512467459E-002
  4.523777142540036E-002 -0.502942328631309       7.619235094383329E-003
  3.913007144390374E-002 -0.486708526003128      -4.173514941076763E-002
  0.151841261456606      -0.451899600568657       7.426241936374993E-002
  0.196424011759130      -0.451007122771032      -7.406393252450894E-002
  0.278878738240597      -0.414428508765577      -2.828935273009351E-002
  0.321331281897825      -0.400168887728651      -1.141855746137137E-002
  0.342622288957558      -0.352275514409579       9.661117436626407E-003
  0.373570826347679      -0.339382761201790      -3.361536300690133E-002
  0.461028187608437      -0.274838115232213       5.725187630943760E-002
  0.466681172198725      -0.190019766317700      -2.658444674345224E-002
  0.466918515611148      -0.140638451594853       1.533257472421007E-002
  0.502905369720801      -7.573495035152403E-002  7.640217554124337E-002
  0.499987952879552       1.774863501702072E-002  3.991126019952819E-002
  0.654753445220266      -7.092256699610629E-003 -1.982139865151020E-002
  0.559235818009800       8.053834820994550E-002  2.316795592969555E-002
  0.401936698329195       0.137011665627771       0.108321825202934     
  0.443236038425141       0.206750542471246       5.671121670965308E-002
  0.378529116319683       0.245116374421012      -2.071235079770834E-002
  0.379861288220368       0.278752020150111       1.685185582820106E-003
  0.343802255355200       0.347417752613376      -4.157895829492407E-002
  0.317430444235993       0.427286429461454       6.895972331352122E-002
  0.236260784227184       0.481690694602915      -5.471662657582864E-002
  0.200562729465666       0.477606572528506       0.245145966422575     
  0.128961878099294       0.446877508457163       7.761466172310008E-002
  4.070931589853458E-002  0.498350337412686      -3.869697552938601E-002
  1.990132377406371E-002  0.522309429655063      -8.687988553712389E-002
 -2.617601376464374E-002  0.506425989077426       4.522977351233313E-002
 -0.179047264372657       0.526261749547523      -8.014885701452046E-002
 -0.219522451165618       0.504320462567258       1.856794276987968E-002
 -0.205060122176805       0.431915650928280      -1.271864778952956E-003
 -0.322179597300352       0.422794300852095      -8.658862402112028E-003
  0.296749662806880       0.672432577702437       2.668931926751757E-002
 -0.417928879795572       0.318547401625839      -1.121704823761729E-002
 -0.452376045219998       0.269402337680902       3.820086198232777E-002
 -0.475300840793841       0.210573627186598       3.738508439000875E-002
 -0.500920181544762       0.144652209019590      -6.829767660091883E-004
 -0.512303748496896       7.810278649751440E-002 -7.593307391420971E-003
 -0.526540333022108       5.029105413416641E-002  2.005330588825885E-002
 -0.545970753635016      -4.689369935117643E-002  1.755866898408020E-002
 -0.505190156546655      -6.232592236439576E-002 -5.758516932576920E-002
 -0.510724994391796      -0.193417900770049      -4.788615191928416E-002
 -0.480136742955959      -0.246551440256944       1.947355651569638E-002
 -0.451651277022147      -0.280920560947844       7.821203023946920E-003
 -0.399050547231400      -0.354296306020515       7.165936582033886E-002
 -0.364008304935796      -0.424705187139323       3.812461755753075E-002
 -0.315321809120250      -0.489926536615722       4.220090596494987E-002
 -0.229433912602040      -0.453877840022239       5.738560386053116E-002
 -0.196756954597816      -0.474285382513113      -0.110177559993230     
 -0.117363060421632      -0.505676089814109       8.879463644255291E-002
 -4.634802270251221E-002 -0.526151024109552       0.109367445962309     
  2.646471997417761E-002 -0.495429337260856       0.133709073951053     
  5.918590998760736E-002 -0.492772199083937       0.176521097776693     
  0.153756749909547      -0.475300607490526      -0.168927971044909     
  0.192644842130553      -0.446214445755924       0.113762968804465     
  0.264200595319335      -0.419883753882284       4.592801574168517E-002
  0.255231627758595      -0.418267763697165      -7.814373684382003E-002
  0.334827337301704      -0.345359206354378      -3.892070226491761E-003
  0.400297022840933      -0.331678171404709      -5.989187241828862E-002
  0.469472350210327      -0.267559198205668      -3.415925144768561E-002
  0.471714452106539      -6.748367393555241E-002  2.105731073990141E-002
  0.464034258293797      -0.129346082704466       2.236720737565442E-002
  0.502315709079357      -8.058017093996568E-002 -4.157819306055421E-002
  0.483091453283428      -3.244205193238879E-002  2.069975963773896E-002
