  0.474691737737216       2.872064034868008E-002 -5.054125499872377E-003
  0.478452539559718       9.202911478394160E-002 -1.508266992129814E-002
  0.451854373233846       0.214316663476368      -2.487335162811346E-002
  0.360533503727249       0.268329526084389      -3.427176572113397E-002
 -0.225153757683937       0.126949513626210      -4.312969359577076E-002
  0.351713465553102       0.256748336956437      -5.130744043797323E-002
  0.349424693382129       0.399639455159964      -5.867603829488885E-002
  0.294851614698036       0.404583665090513      -6.511927997652842E-002
  0.225576928628079       0.444376037777151      -7.053555171256558E-002
  0.176694070984845       0.491804733190082      -7.483943566219958E-002
  0.106394024139138       0.496225369878995      -7.796305700452838E-002
  3.975910002650260E-002  0.523688825966045      -7.985715436502286E-002
 -5.053355841393889E-002  0.500381916814850      -8.049185669683015E-002
 -0.103277016977911       0.487718020778395      -7.985715436502307E-002
 -0.170354522973860       0.474205204155656      -7.796305700452866E-002
 -0.220512617913900       0.452967859261180      -7.483943566219955E-002
 -0.272354574030560       0.436326670568165      -7.053555171256558E-002
 -0.506247429609811       0.310862551070387      -6.511927997652819E-002
 -0.341010474175827       0.385037406412437      -5.867603829488906E-002
 -0.433316097046170       0.295569847100989      -5.130744043797326E-002
 -0.438159724439505       0.273717773819625      -4.312969359577105E-002
 -0.463624120365884       0.232177720801346      -3.427176572113353E-002
 -0.545151940216228       0.144477674641291      -2.487335162811233E-002
 -0.486003163737777      -9.718347204546972E-003 -1.508266992129779E-002
 -0.613293381320238       9.715328886671881E-002 -5.054125499873309E-003
 -0.522770133283774      -3.932894609079212E-002  5.054125499872747E-003
 -0.529824705656845      -9.236221223337576E-002  1.508266992129870E-002
 -0.511896098147032      -0.154480517052517       2.487335162811306E-002
 -0.469814307456915      -0.248272640641824       3.427176572113359E-002
 -0.455999732375230      -0.273203343334876       4.312969359577050E-002
 -0.413115592642105      -0.272177518358151       5.130744043797365E-002
 -0.356409578267015      -0.405368582090176       5.867603829488888E-002
 -0.313382858624958      -0.410099196750122       6.511927997652855E-002
 -0.265131654405048      -0.434870437526019       7.053555171256504E-002
 -0.214057617912156      -0.441813467142588       7.483943566219910E-002
 -0.167171153297692      -0.487820243623755       7.796305700452870E-002
 -0.111246579346973      -0.488054370870194       7.985715436502240E-002
 -4.727640417643240E-002 -0.496800419764253       8.049185669682922E-002
  4.638784454074923E-002 -0.522883665582392       7.985715436502266E-002
  0.114618781501165      -0.488517865191328       7.796305700452841E-002
  0.183630413301639      -0.492594518642979       7.483943566219871E-002
  0.250361482222491      -0.456455729668750       7.053555171256584E-002
  0.299404978976903      -0.421638469398060       6.511927997652818E-002
  0.396516361036847      -0.453725956225250       5.867603829488890E-002
  -1.62888201867170       -1.89808111239813       5.130744043797383E-002
  0.325723172920190      -0.357828782534361       4.312969359577010E-002
  0.376869645974152      -0.238173312146040       3.427176572113427E-002
  0.451089100727230      -0.175456703529748       2.487335162811290E-002
  0.448143842603375      -8.161791378140806E-002  1.508266992129770E-002
  0.487321148986980      -4.261377786202170E-002  5.054125499873328E-003
  0.493161189636956       4.185030238880202E-002  8.318696779715702E-004
  0.469846877968285       9.493670746118335E-002  3.802229532619611E-003
  0.464213750494620       0.141288578316337       6.146147099659471E-003
  0.432766429720822       0.182873409933946       7.968368215010192E-003
  0.426084975946951       0.272380273810888       9.183451258980407E-003
  0.377523216008036       0.328516744011732       9.746267728549720E-003
  0.346519100201812       0.369422049486206       9.662598106485570E-003
  0.283969391909024       0.407261501210040       8.985692650423142E-003
  0.265558688064506       0.379955246081428       7.804387160851575E-003
  0.176968093668030       0.460785018123800       6.230051937462087E-003
  0.124077211169761       0.469473746510405       4.384659683608709E-003
  0.115644244413664       0.497969596403745       2.391114925615276E-003
  9.838626040098677E-002  0.503638837089381       3.663522133133759E-004
 -8.116927307090867E-002  0.498394629853617      -1.582877184704005E-003
 -0.105150585178763       0.480623781789725      -3.362002859222348E-003
 -0.178976764773587       0.466772059863247      -4.889139073695157E-003
 -0.267043042472656       0.474585053563139      -6.094956787677358E-003
 -0.303627283471010       0.383699123986878      -6.922813141458877E-003
 -0.368556447431530       0.339458370784742      -7.329906525840871E-003
 -0.394721051584978       0.439025195887167      -7.289912345226963E-003
 -0.527855526147780       0.414563562264244      -6.797043308492793E-003
 -0.481334963525851       0.207217620589141      -5.870868593423949E-003
 -0.555607338994796       0.137445927652788      -4.560996296831839E-003
 -0.579450331405221       0.109998611324094      -2.950512151787509E-003
 -0.510604150740340       2.903285071435116E-002 -1.226314089348241E-003
 -0.550166275084215      -3.156986997187714E-002  9.659707677996640E-004
 -0.577313232281432      -0.120997342433622       2.738427987576690E-003
 -0.511155946437470      -0.178030127347620       4.397960254589902E-003
 -0.458685619376798      -0.228294420313753       5.764132924722569E-003
 -0.665971113780371      -0.258083266058410       6.753373387776626E-003
 -0.425983575869864      -0.317350723468535       7.306135271694202E-003
 -0.386206210227148      -0.389229983130659       7.394154946626350E-003
 -0.290061643838822      -0.428444357204453       7.016214800261546E-003
 -0.208822582690019      -0.434146116539017       6.195084508835824E-003
 -1.085879506553956E-002 -0.570108152385759       4.973561546158693E-003
 -9.678406127602464E-002 -0.482311986323995       3.411538794498497E-003
 -9.158170391443862E-002 -0.488806741738433       1.584195974104324E-003
  9.670928553062455E-002 -0.507277636298432      -4.190605593489552E-004
  0.123270504581831      -0.500436579693544      -2.495561443281138E-003
  0.139821735438026      -0.474039332806997      -4.531002701121166E-003
  0.179086599566887      -0.461815645290954      -6.402468522175447E-003
  0.288022993455858      -0.449309567733318      -7.983440970708893E-003
  0.282237629816992      -0.387299220664737      -9.151155890401544E-003
  0.344298154477952      -0.365394487930020      -9.796308649399533E-003
  0.366449571471364      -0.315212613755831      -9.834583016521440E-003
  0.372342167477413      -0.201915079893124      -9.218713069927852E-003
  0.426672562988227      -0.221090865376094      -7.948691837081334E-003
  0.446163673830517      -0.144398984791283      -6.075732359778437E-003
  0.446424796765356      -8.578210434779562E-002 -3.684178400391966E-003
  0.490827127314282      -3.510738752615306E-002 -6.929153733955083E-004
  0.479918105475662       4.207119519546615E-002 -1.180084301719984E-002
  0.516963662327584       8.764351281772810E-002 -2.992320623268296E-002
  0.482652842190958       0.149244998336643      -3.469733862350299E-002
  0.446611048933230       0.230254111337915      -3.513432104028912E-002
  0.407910212773633       0.292362662462833      -3.495806453084613E-002
  0.379350041113977       0.310436664670954      -3.476165665475445E-002
  0.358589109078492       0.515743346798154      -3.459100794177909E-002
  0.272654510714989       0.408308373479366      -3.448352515189559E-002
  0.241482907624608       0.420563695601810      -3.448298315929955E-002
  0.164833090591732       0.472211844632476      -3.538740621935690E-002
  0.107320435936142       0.474325259987790      -4.440111565661227E-002
  0.100475775897002       0.513802879134525      -5.135456530467013E-002
  0.105770128485812       0.573950545023145      -4.622899015391652E-002
 -8.607783252432369E-002  0.494222690990026      -3.731908264656381E-002
 -0.146244094158028       0.516796923694743      -5.052171320994224E-002
 -0.200825751072813       0.525348025641620      -6.679621214387506E-002
 -0.252064790784110       0.476866998441402      -7.018480543835423E-002
 -0.297249545148958       0.449560494282049      -7.227589143520485E-002
 -0.384186026349952       0.398225649627401      -7.408911407020945E-002
 -0.438750631259628       0.327681849473268      -7.496897124234816E-002
 -0.539439715067094       0.139360367207474      -7.331782257398686E-002
 -0.460848702439560       0.235879862131324      -6.594490639968044E-002
 -0.479424258897579       0.180761117681106      -4.641573552893648E-002
 -0.515695826286837       9.153633198921196E-002 -1.913163284568573E-002
 -0.546201466195591       3.734929403924953E-002 -4.300026651425470E-004
 -0.542832325995018      -6.383656562011832E-002  1.827705563168131E-003
 -0.632293076154312      -0.180130644293027       1.958551281566749E-002
 -0.499377757433347      -0.197704824205689       4.606586417104117E-002
 -0.466359237527499      -0.340449536208054       6.361199679834630E-002
 -0.507769300077158      -7.310360969563851E-002  7.156394349588864E-002
 -0.439178050094803      -0.334809410464680       7.384679502663960E-002
 -0.368339641582589      -0.410541060650076       7.353367893994894E-002
 -0.307390925836336      -0.437139927768174       7.240680737736398E-002
 -0.200287355954717      -0.464440940105751       7.144581226203592E-002
 -0.188675780978211      -0.499974165026133       7.062373148504685E-002
 -0.122985490434589      -0.496286480904313       5.819252211301212E-002
 -8.516821858104807E-002 -0.489459954801821       3.968324294349506E-002
  6.585845305871527E-002 -0.559410607062387       4.647865252438095E-002
  7.904944217892831E-002 -0.496049082192875       4.936836261736198E-002
  0.127195245685776      -0.459817689864758       4.187405673003517E-002
  0.205561744546972      -0.457415033096008       3.411069468666743E-002
  0.242732928087189      -0.446088848336218       3.429815971352956E-002
  0.286732482768936      -0.411571659802360       3.508183452566913E-002
  0.316747309730863      -0.258163851169754       3.562975835957553E-002
  0.397901462777028      -0.341012852788821       3.592108166250779E-002
  0.421409098069890      -0.260683991022736       3.593330441624611E-002
  0.453989001165860      -0.170546826628677       3.587386922203692E-002
  0.443919567421553      -0.175110226598001       3.419237142280238E-002
  0.476496555145833      -8.298216355693450E-002  2.917176493308016E-002
  0.391587476981370      -0.105376045310495       1.170028824045398E-002
  0.491619247768105       3.855648596959833E-002 -6.129212808904804E-003
  0.417619655829059       3.278278420436891E-002  6.625246154473365E-003
  0.478936308403385       0.142862690576040       1.027387022910240E-002
  0.545685455309847       0.163938062737054       1.261075368036732E-002
  0.411727563098856       0.285671377844517       1.451454701953602E-002
  0.378607348999045       0.333361650565603       1.677158443255829E-002
  0.330609495231059       0.386255236337580       2.039996652513710E-002
  0.293613750329856       0.404391309727564       2.442438151614759E-002
  0.462658787521381       3.501047690163248E-002  2.699772393159395E-002
  0.191875820457336       0.456379069449466       1.775695702656279E-002
  7.936380379352881E-002  0.481685023877693      -8.029332773653206E-003
  8.227772774115936E-002  0.496469324136354      -2.625706476071914E-002
  9.099038432670752E-002  0.661805389502636      -2.772432233191703E-002
  6.072704632344587E-002  0.535686874534056      -3.189725943666585E-002
 -0.101609159446860       0.494928315587353      -2.811133926052668E-002
 -0.180121571394493       0.451681346203723       3.286541418827782E-003
 -0.263542975288379       0.461572354049011       2.301497729737952E-002
 -0.303789595279742       0.379985576556320       3.110459869323819E-002
 -0.369125653497774       0.368851167349189       3.871552755435786E-002
 -0.403580902110280       0.314541097160568       5.103184940359645E-002
 -0.443889903285994       0.294899780766123       6.600677495380344E-002
 -0.473184254336548       0.240599770633832       6.869187550449435E-002
 -0.501648046137378       0.183393556366527       4.790451156732210E-002
 -0.540294787574907       9.980833145484434E-002  1.170061175959091E-002
 -0.541371545106244       2.629403227863957E-002 -5.588995289077028E-003
 -0.533847721273411      -4.336646914280021E-002  6.146110368234618E-003
 -0.506966214013759      -0.105846598986614      -9.766774885598101E-003
 -0.494947877412789      -0.209750887803635      -4.551428470056055E-002
 -0.469347159592935      -0.219680439188930      -6.476578638022347E-002
 -0.447229461669879      -0.267195482653562      -6.251732118989871E-002
 -0.412225860812734      -0.336401331290780      -4.829265859942430E-002
 -0.365514800729924      -0.394891257655045      -3.683917827119881E-002
 -0.310059755740917      -0.420871623593655      -2.991525960753547E-002
 -0.251800468688068      -0.469597129822927      -2.217388765391778E-002
 -0.158484734472994      -0.494630939750576      -2.110794076879382E-003
 -0.119387070976068      -0.504673338436399       3.029633594844879E-002
 -7.153327834557613E-002 -0.523760051881371       3.175009736678701E-002
  6.111330660839149E-002 -0.589808645184671       2.597873756679995E-002
  6.158779720640716E-002 -0.483624948363030       2.353192707696731E-002
  4.048492192569415E-002 -0.502572419583286       7.204768895865756E-003
  0.184763419598154      -0.496131926208124      -1.545673266746613E-002
  0.210929052297167      -0.423046122824271      -2.447103253272899E-002
  0.295771346285698      -0.420319403017218      -2.335775827189968E-002
  0.346663338671251      -0.351044032475415      -2.065217082212519E-002
  0.392233261059983      -0.318202003595719      -1.768343712348117E-002
  0.431361478336014      -0.256073443446355      -1.536043006567557E-002
  0.520533141629770      -0.175143369091135      -1.300845472378013E-002
  0.452789380277131      -0.152289135111476      -9.286331454491826E-003
  0.487599125178803      -6.420234978307986E-002 -5.790382054414714E-003
  0.496995120426417      -3.003226315684245E-002  6.556148511594992E-003
  0.489992454812781       3.567449841777626E-002 -3.340457624058454E-002
  0.891162050771935      -0.179805684187396      -2.198938622351976E-003
  0.468349950317282       0.136565274632236      -2.453104063816235E-004
  0.438310073153315       0.228426482225974       8.640274242661153E-003
  0.440037599401083       0.286058758050997      -6.535323202975108E-003
  0.375844383734262       0.330114031659103      -2.245536624417555E-002
  0.345308284279474       0.359536651590788      -2.238287040454917E-002
  0.276377410527386       0.403619355810752      -3.995275122792571E-002
  0.265362540533922       0.447306958105621       2.635976292762194E-002
  0.186306066424791       0.464331170016168       3.029535508070829E-002
  9.474839100579271E-002  0.470817961042666      -1.759571378755504E-002
  6.880129089616292E-002  0.492042000294067      -3.042660780381851E-002
  0.125271509444921       0.531909333674739      -1.253358000090550E-002
 -7.425010070676752E-002  0.504632221799645      -8.946874852615945E-003
 -0.112285282456882       0.494130108733194       3.442236070607909E-004
 -0.164873511586809       0.478489465472562      -1.560176830543112E-002
 -0.252507872162976       0.445715261157269      -1.398371650168276E-003
 -0.291213254586348       0.463434750993392      -3.163244924445195E-002
 -0.340050248916457       0.383675343301522      -3.634693754068494E-002
 -0.409951332269759       0.308844336076502      -2.454124709819527E-002
 -0.657936099215111       0.647420340123087      -3.549137024101738E-002
 -0.450582151489702       0.261662267217139      -5.582408167632408E-002
 -0.498568733853936       0.148277641368016       2.627033255350812E-002
 -0.534309490601289       0.124805491573226       2.573884468665108E-002
 -0.536612937690832       3.527486422640374E-002  1.507344358593590E-002
 -0.535940861842614      -3.529976768324017E-002  4.073467986814226E-003
 -0.504764432701922      -7.636624048470569E-002  2.691289234084961E-002
 -0.489116954445778      -0.151573675386786       7.662740632529684E-003
 -0.517774251999737      -0.176185132101536       6.073758614614958E-002
 -0.434053043600624      -0.301639845892754       3.453896098297431E-002
 -0.415240346053417      -0.341901524977957       2.656195319839399E-002
 -0.400027412728586      -0.381997191127485       3.772687392027830E-002
 -0.323902059832473      -0.407090549754901       3.632081960914767E-002
 -0.253407096952625      -0.432084521032690       1.092040188379187E-002
 -0.176325166294354      -0.485478923328584      -8.627415050992891E-002
 -0.131732291555752      -0.492828819930006       1.118451402984889E-002
 -5.374333716337285E-002 -0.511583070460550       8.588019508359497E-003
  9.880688531024161E-002 -0.522170726698260       7.619440341289307E-003
  8.370799199783341E-002 -0.486585575275258       1.888168512757473E-002
  0.112767563941046      -0.474519982597916       3.462211440325056E-003
  0.190593582845859      -0.431250896622659      -1.232495200638520E-002
  0.195563608931810      -0.406215925991671       8.350614649044009E-003
  0.303971864805210      -0.417927196107418       5.538299612859231E-002
  0.214224675057603      -0.382526182157570       3.783148586317286E-002
  0.403902842034615      -0.316056432365893       3.665798658306980E-002
  0.413399512058954      -0.253244335455077       1.597095016208140E-002
  0.439483457674797      -0.221337799473815      -6.346754436479182E-003
  0.495387959874855      -0.153157000240931      -2.344364553725242E-004
  0.458463897095416      -7.373251661503261E-002 -2.128765323404859E-002
  0.477190008388856      -1.072316701424568E-003  1.448603619290068E-002
  0.478403878979133       3.323720850662695E-002 -2.522474674112526E-002
  0.475602991154275       8.989417071379728E-002  1.554290523273739E-002
  0.485137793002095       0.145288463280315       1.154788177878181E-002
  0.438602226523525       0.214951535858563       5.913501742800943E-003
  0.413743136681795       0.247945550572661       1.531815700082664E-002
  0.421852902035344       0.395775109903055      -1.334674812552971E-002
  0.247055209767994       0.406468043972255      -3.878431349578459E-002
  0.268518949272521       0.395247089029183       1.066569357911603E-002
  0.225172963144991       0.433808987308907       4.264840353368517E-002
  0.158704452825100       0.476016078912673       9.633204275098872E-002
  0.104980658708451       0.468095614989793       2.875110126287776E-003
  3.535642196763874E-002  0.467001992249198      -4.956176345582720E-002
  1.999963236770804E-002  0.642838359043988      -3.496529764268685E-002
 -4.716285864151336E-002  0.506997226493636      -1.870501643054876E-002
 -0.105011904665151       0.508751697488513      -1.114563722057196E-002
 -0.235442329743392       0.500161732413495      -9.181182857663627E-003
 -0.254218903038599       0.452920134824288      -1.947980483699756E-002
 -0.316383472371041       0.458005679314480       2.247794692191604E-002
 -0.396232717708349       0.402459592819744       4.783444945342177E-002
 -0.371566380208074       0.357785987038025       4.660132297510786E-002
 -0.438738636808631       0.266926575865831       1.199819903396320E-002
 -0.482531240800668       0.143150400540063      -3.890197499054987E-002
 -0.458990583544118       0.179102865194157      -2.826397676781926E-002
 -0.547505063394798       0.102892969309079       5.074617069334464E-003
 -0.534196875852198       3.433984583606242E-002 -1.296104011557514E-002
 -0.523071282122408      -4.395392016570067E-002  1.353479469782896E-002
 -0.515144263589067      -8.867189534832652E-002  1.925215138268781E-003
 -0.486876542917926      -0.154834740891031      -9.127829461354646E-003
 -0.478671818727357      -0.253325602382043      -1.245299054992230E-002
 -0.429963484620897      -0.280930039684320      -4.360221292830214E-004
 -0.422579203941586      -0.351578527371390      -3.126198048586425E-002
 -0.381841240575655      -0.358401893217319      -9.922588904118417E-003
 -0.297919135911901      -0.442990229031332       3.513207588481015E-003
 -0.233030451673455      -0.458614616306275      -2.935760233701824E-002
 -0.205352350083928      -0.449785945970369       6.107750305524968E-002
 -0.125334171941059      -0.490101651332569       0.110391217401886     
 -4.329911341561895E-002 -0.504649679182200       3.445206609376959E-002
 -1.145624204025109E-002 -0.554127668428131       4.806040131760686E-002
  4.651936478599621E-002 -0.506236183887759       6.725705806347357E-002
  0.107730860853147      -0.477381775087084       1.174210872808882E-002
  0.188314819851562      -0.459716879845219      -5.418259330732234E-002
  0.288097721511700      -0.472359215878201      -4.733351362020929E-002
  0.314207851653300      -0.419675503615805       7.220212731449403E-003
  0.270353071109253      -0.323563597494399       2.019830141226036E-002
  0.392995039825913      -0.336185620068494       7.943265883051831E-004
  0.433470266965092      -0.264291043410651      -2.432281599545226E-002
  0.456947711640749      -0.209374923107093       7.802818713509162E-003
  0.477391297763692      -0.152631389809923       1.523339939776623E-002
  0.502926751510739      -9.885845442960195E-002 -4.775468747046280E-003
  0.490583731767678      -2.504124947429749E-002 -5.439085664348818E-003
  0.494635988951502       4.344804101776981E-002  1.062574446980331E-002
  0.507881793676615       9.275503503436155E-002  3.261519231623901E-002
  0.455193290365978       0.178104146316147       5.286049383257949E-003
  0.431953090347436       0.215203673522353       1.841843403699059E-002
  0.420189652972631       0.277130154097319      -9.816978829416777E-003
  0.378218937903225       0.308217494545516       4.510353769409291E-002
  0.329582049002506       0.367462863086760      -1.394039292183602E-002
  0.279708259709133       0.369891887210725      -2.639264056887758E-002
  0.238403750448302       0.447709867452230       4.600582019061127E-002
  0.191183897509364       0.463085923251787       4.429677338932562E-002
  0.112273836076214       0.478434420033079      -2.771720657642612E-002
  6.848086738893167E-002  0.474362952425962       1.706703973172292E-002
  2.276519952489641E-002  0.497132307939190       4.252533829752111E-002
 -7.074330555811026E-002  0.495272367235101       4.712103896655881E-002
 -0.124147314270113       0.494764895534120       4.687956804707068E-002
 -0.202385645676707       0.486476044492745      -1.397649029764554E-002
 -0.238573350403361       0.459122668742157       4.204045358827446E-002
 -0.301662201309847       0.403161473625037       4.716805867947553E-002
 -0.351714909597603       0.366042221687263      -2.322131424058987E-002
 -0.366151738071278       0.362902970820830       1.565120374687719E-002
 -0.365081810932930       0.258238242402507       2.994051354379879E-003
 -0.467636005924572       0.227739404081844       2.857555365441886E-002
 -0.485195552416278       0.167686574147057       8.461410379656255E-003
 -0.515758660485432       9.270159303106643E-002  1.909301384906180E-002
 -0.521168014370070       2.874850363173410E-002  4.743308748084495E-003
 -0.524984384469788      -3.753439842128336E-002  1.191644329735226E-002
 -0.498550495462008      -0.106854955869074       2.041246190454534E-002
 -0.470147583383140      -0.179919178790433       2.413834461559126E-002
 -0.469973360772181      -0.212370879073040       4.119328582770823E-002
 -0.467118186655439      -0.260814588880405       3.041735471460230E-002
 -0.395831300883070      -0.322111476561382       2.128090150155281E-002
 -0.356923902528582      -0.370473762074855       2.100777127841227E-003
 -0.318655389952591      -0.395652721707100       3.819533446172519E-003
 -0.247776118769554      -0.448639429392797       5.605523258107309E-002
 -0.169809755610432      -0.492220158786667       2.812762819116286E-002
 -0.104385902141656      -0.499030636454521       2.111684341229130E-002
 -6.222643643687021E-002 -0.491338450508189      -1.101691775264066E-002
 -1.075784528919710E-002 -0.554014274090906      -2.200388646224021E-002
  5.123810702539076E-002 -0.505424777926132      -3.453908728175624E-002
  0.146699368293807      -0.498634307541988       4.191630135712484E-002
  0.174387537130247      -0.464194022863803       5.682413287653038E-002
  0.255433024166001      -0.432702153343317      -8.731186189304999E-003
 -5.528806372176487E-002 -0.455314422287217       4.966135376679182E-002
  0.358810889342035      -0.356534052305738       2.751863936702272E-002
  0.395541794288316      -0.333880231951961       1.860831563279416E-002
  0.196507203506275      -3.567508848900131E-002  5.971941084161009E-002
  0.459066960201263      -0.212818421655349       3.642726918272067E-002
  0.493161884667962      -0.134284712646050       2.007950734912605E-002
  0.484256629968279      -9.784811885425704E-002  2.625237763996200E-002
  0.497161341353835      -2.909597681691244E-002  2.886799219743209E-003
  0.500320152347136       3.177027102226411E-002 -0.111896647946628     
  0.502634841929344       9.253528374392031E-002 -5.046928696999106E-003
  0.481145496419476       0.151476553147990       1.040890355685962E-002
  0.452238364552200       0.214168814589718       1.359211747185669E-002
  0.413146458022332       0.268478726049761      -1.945528495720825E-002
  0.391121235842882       0.319126486259058       1.105087932145921E-003
  0.332124027910554       0.359051635260052      -1.051218401131924E-002
  0.299303972048858       0.403725347044693       5.202900096004934E-002
  0.241367673778303       0.449112793125372      -5.588697959104569E-002
  0.178436837181879       0.462805966507890       4.090765849210855E-002
  0.119968332636585       0.483933753548551      -1.471840969333073E-002
  6.388176799154906E-002  0.504895881181613      -5.001203487529707E-002
 -1.342708296340458E-003  0.508783341093326      -8.263246852693537E-002
 -6.083372406342713E-002  0.510157702564994      -5.284469213233268E-002
 -0.114496975902836       0.500322276856414      -5.316390657005842E-003
 -0.188125941313811       0.477425419680731       9.599416332331915E-003
 -0.255902729274626       0.444169832153949      -2.396222783653158E-002
 -0.312060958231721       0.409534175767975       4.593262899067007E-003
 -0.353520489936351       0.376274579694528       9.613788219327118E-002
 -0.395959167874679       0.324287440353988       1.685086226490703E-002
 -0.437345567275253       0.268545972900259       4.787318133069650E-002
 -0.462509457615149       0.219665349955365      -1.955646113604799E-002
 -0.481646615067223       0.156376942221339      -4.205173471374148E-002
 -0.502383392606925       0.101174922500826      -6.075329319700954E-003
 -0.517990222259432       1.909173715501887E-002  2.073569614666421E-002
 -0.516583814302472      -3.332577960235951E-002  1.074248735421237E-002
 -0.503513768992451      -9.411179024331423E-002 -3.144192565335897E-002
 -0.498022445574301      -0.150169558031365       2.122299367865190E-002
 -0.468239429416722      -0.227668946957727      -9.524023481020477E-004
 -0.420230104070769      -0.281542394350287       9.916463586530836E-003
 -0.400702227751955      -0.317869099786113      -2.844927095615882E-002
 -0.353557822054941      -0.377051647918825      -3.629654330073807E-002
 -0.303953926875587      -0.412782245095420      -2.526959341982200E-002
 -0.255973118565190      -0.451859837733113      -4.595242374789218E-002
 -0.186997360953312      -0.473195386150611      -5.987356517710899E-002
 -0.115977413286066      -0.504633625203360      -8.927585760412757E-003
 -5.929401419922985E-002 -0.507175862643479       6.309688244601677E-002
  1.498630159974311E-003 -0.508473106414928       8.897005946978960E-002
  6.510574278720914E-002 -0.502199325924709       0.105297904447346     
  0.126834390151320      -0.483393496505764      -5.998697870282464E-002
  0.181636459585555      -0.470495648066953       6.532972078017181E-002
  0.225943820495475      -0.442656503651279       1.410115635444810E-002
  0.292673657894709      -0.415585302595877      -5.038030532629247E-002
  0.326369865556172      -0.357027446231720       2.901272391481977E-002
  0.395252809614522      -0.338297378549802       2.787267913405811E-003
  0.449705396540983      -0.258413729971628       5.119795406098888E-002
  0.459904833358767      -0.201756980450996       3.375709480998470E-002
  0.478755585316091      -0.149794608526603       2.308682470165520E-002
  0.557331757788823      -0.120845709285324       8.526053873249699E-002
  0.497253685486096      -3.134794616197499E-002  1.653464593788986E-002
  0.508008942612902       3.196121358636919E-002  7.788386664602957E-002
  0.499997338118064       9.537959332814702E-002  5.505320567741262E-003
  0.484100476917172       0.157293779906133       3.531516647050868E-002
  0.460569062007689       0.216727349612249       5.419045801753227E-002
  0.429774197859723       0.272742999548337      -1.396384355816369E-002
  0.392201537876848       0.324457329452777      -1.696024517491144E-002
  0.348443625351812       0.371054773450334      -2.244709802163743E-002
  0.299190548704846       0.411800462013201      -4.319842975003509E-002
  0.245219058377034       0.446051811292447      -2.547977006451384E-002
  0.187380317011852       0.473268657049176       5.474752430524205E-002
  0.126586476111817       0.493021773367247       6.673962780231873E-003
  6.379629086440262E-002  0.504999641802385      -2.351800948619938E-003
  3.122502256758253E-017  0.509013364214136       1.066337336038653E-002
 -6.379629086440254E-002  0.504999641802385      -6.018231621750911E-002
 -0.126586476111816       0.493021773367247      -0.122622837695061     
 -0.187380317011852       0.473268657049176       6.739972379694940E-002
 -0.245219058377035       0.446051811292447       0.136196712667007     
 -0.299190548704846       0.411800462013201       4.935280279791492E-002
 -0.348443625351812       0.371054773450334       2.513123626986126E-002
 -0.392201537876848       0.324457329452777       3.115478145755581E-002
 -0.429774197859723       0.272742999548337       4.872265066004933E-002
 -0.460569062007689       0.216727349612249       1.763702445799360E-002
 -0.484100476917172       0.157293779906133       7.678991817916318E-003
 -0.499997338118064       9.537959332814719E-002 -4.125759680179216E-002
 -0.508008942612902       3.196121358636930E-002 -2.998858285384073E-002
 -0.508008942612902      -3.196121358636917E-002 -2.511488645026407E-002
 -0.499997338118064      -9.537959332814697E-002 -3.654369676452080E-003
 -0.484100476917172      -0.157293779906133      -4.424255060649397E-002
 -0.460569062007689      -0.216727349612249      -1.517740139012736E-002
 -0.429774197859723      -0.272742999548337       2.386019825225162E-002
 -0.392201537876848      -0.324457329452777       1.628286125287637E-002
 -0.348443625351812      -0.371054773450334       5.889116881289625E-004
 -0.299190548704846      -0.411800462013201      -7.132691051083649E-003
 -0.245219058377034      -0.446051811292447       1.097286146044421E-002
 -0.187380317011852      -0.473268657049176       4.321157597066673E-002
 -0.126586476111817      -0.493021773367247      -0.143355619993404     
 -6.379629086440250E-002 -0.504999641802385       5.449413512467459E-002
 -9.367506770274758E-017 -0.509013364214136       7.619235094383329E-003
  6.379629086440231E-002 -0.504999641802385      -4.173514941076763E-002
  0.126586476111816      -0.493021773367247       7.426241936374993E-002
  0.187380317011852      -0.473268657049176      -7.406393252450894E-002
  0.245219058377034      -0.446051811292447      -2.828935273009351E-002
  0.299190548704846      -0.411800462013201      -1.141855746137137E-002
  0.348443625351812      -0.371054773450334       9.661117436626407E-003
  0.392201537876848      -0.324457329452777      -3.361536300690133E-002
  0.429774197859723      -0.272742999548337       5.725187630943760E-002
  0.460569062007689      -0.216727349612249      -2.658444674345224E-002
  0.484100476917172      -0.157293779906133       1.533257472421007E-002
  0.499997338118064      -9.537959332814724E-002  7.640217554124337E-002
  0.508008942612902      -3.196121358636930E-002  3.991126019952819E-002
