  0.434279176875421       1.417098805881745E-002 -5.054125499872377E-003
  0.444354708146001       8.999479783757700E-002 -1.508266992129814E-002
  0.444393862393724       0.160916864900418      -2.487335162811346E-002
  0.334937139429707       0.258131051723970      -3.427176572113397E-002
 -0.170221732410637       1.355121492361054E-002 -4.312969359577076E-002
  0.339323444514125       0.255105445226655      -5.130744043797323E-002
  0.323159222670522       0.397376446004649      -5.867603829488885E-002
  0.261669725858298       0.419165276135358      -6.511927997652842E-002
  0.225364238371273       0.467580203441781      -7.053555171256558E-002
  0.471803262721258       1.773673126681631E-002  1.593717681025275E-003
  9.049750063704777E-002  0.508254553966251      -7.796305700452838E-002
 -1.547787030642841E-002  0.517023290342967      -7.985715436502286E-002
 -3.876944641019085E-002  0.486347860458908      -8.049185669683015E-002
 -0.177762797269858       0.526486212229927      -7.985715436502307E-002
 -0.284737761561484       0.458683748837900      -7.796305700452866E-002
 -0.355044100061784       0.594536844305149      -7.483943566219955E-002
 -0.294835156072014       0.396351360314263      -7.053555171256558E-002
 -0.518333278078264       0.301164096651884      -6.511927997652819E-002
 -0.437271643887443       0.417178832085292      -5.867603829488906E-002
 -0.480084584886429       0.269447019121136      -5.130744043797326E-002
 -0.342586349518442       0.303868664939576      -4.312969359577105E-002
 -0.470084204107207       0.246067978623781      -3.427176572113353E-002
  0.483909280704441       4.545485632612593E-002  0.110008261881304     
 -0.558269345932204      -2.987769646999669E-002 -1.508266992129779E-002
 -0.639158950099576       0.107178892980189      -5.054125499873309E-003
 -0.620984818506514      -9.734096602947445E-002  5.054125499872747E-003
 -0.559906482675441      -0.164275300998648       1.508266992129870E-002
 -0.564956879008345      -0.174753953065030       2.487335162811306E-002
  0.466734138977992       2.571306057602597E-002  8.161265032763451E-003
 -0.467921133043195      -0.288062986395161       4.312969359577050E-002
 -0.437869177323193      -0.302530748755001       5.130744043797365E-002
 -0.356712760889581      -0.466408705726725       5.867603829488888E-002
  0.487332441746418       0.128914722991490       7.508709354497042E-003
 -0.226148467842876      -0.456514221863028       7.053555171256504E-002
 -0.199594907409686      -0.422043265786482       7.483943566219910E-002
 -9.629090438696984E-002 -0.605524815163408       7.796305700452870E-002
 -0.102949436094275      -0.530138084234963       7.985715436502240E-002
 -1.710598970497553E-002 -0.533362098675233       8.049185669682922E-002
  0.441577321481490       8.664535982759033E-002  2.280094764134204E-002
  0.139939070606704      -0.447344101278936       7.796305700452841E-002
  0.487778850857051      -0.471177508621863       7.483943566219871E-002
  0.459549342568663      -0.427196728867490       7.053555171256584E-002
  0.178655845998115      -0.489482692199767       6.511927997652818E-002
  0.415281020728307      -0.436307544013384       5.867603829488890E-002
  0.400755568114611       0.190850094958180       3.424846353528109E-002
  0.381045530113910      -0.319564019231102       4.312969359577010E-002
  0.384495260278548      -0.254980787660238       3.427176572113427E-002
  0.437433465521446      -0.196693210920775       2.487335162811290E-002
  0.402051369411363      -0.104388959681094       1.508266992129770E-002
  0.493305580860865      -1.575669159585831E-002  5.054125499873328E-003
  0.194465718334476      -0.481023929070692       8.318696779715702E-004
  0.420841015556026       9.336994744398271E-002  3.802229532619611E-003
  0.468381164540406       0.165964244177460       6.146147099659471E-003
  0.436680905993047       0.191889550390820       7.968368215010192E-003
  0.368533469971317       0.242886809805306       9.183451258980407E-003
  0.327283006009471       0.343142876891617       9.746267728549720E-003
  0.323689372568140       0.351119257342436       9.662598106485570E-003
  0.222652632528004       0.409015888384677       8.985692650423142E-003
  0.248235105780473       0.403829672843609       7.804387160851575E-003
  0.188057159913478       0.479730387232166       6.230051937462087E-003
  3.802397148144212E-002  0.425797345955944       4.384659683608709E-003
 -0.300353007019727       0.305438663886751       2.391114925615276E-003
  4.088398858379956E-002  0.438883228620234       3.663522133133759E-004
 -7.531235176770527E-002  0.507072731743964      -1.582877184704005E-003
  0.178599248722381       0.428991177569599      -3.362002859222348E-003
 -0.303614736989240       0.503850321509287      -4.889139073695157E-003
 -0.372577125014104       0.481549101051666      -6.094956787677358E-003
 -0.323680163862501       0.346674631274226      -6.922813141458877E-003
 -0.412839260313849       0.361810851511586      -7.329906525840871E-003
  0.126990551413993      -0.215296513742733      -7.289912345226963E-003
 -0.542891145262118       0.412650122413461      -6.797043308492793E-003
 -0.493644863299687       0.242417001330107      -5.870868593423949E-003
 -0.635026931210120       0.126742764665081      -4.560996296831839E-003
 -0.629248274108340       0.131659336406135      -2.950512151787509E-003
 -0.526572705961286       4.892843721647432E-002 -1.226314089348241E-003
 -0.566604807430946      -6.490185246555108E-002  9.659707677996640E-004
 -0.605904795294582      -0.159203253123610       2.738427987576690E-003
 -0.549285794280450      -0.172722148971812       4.397960254589902E-003
 -0.482352276348293      -0.157456273530970       5.764132924722569E-003
 -0.668493416593751      -0.294853601761358       6.753373387776626E-003
 -0.467203180143438      -0.303127924948188       7.306135271694202E-003
 -0.372967568764342      -0.460189169557800       7.394154946626350E-003
 -0.308874881253474      -0.454439917058413       7.016214800261546E-003
  5.413707882637487E-002  0.180153654801249       6.195084508835824E-003
  9.638532910756438E-002 -0.547307796535516       4.973561546158693E-003
 -0.113437122091529      -0.539912811032815       3.411538794498497E-003
 -2.603249122907684E-002 -0.541259557092644       1.584195974104324E-003
  2.648605554291689E-002 -0.457377717721721      -4.190605593489552E-004
  8.642517182464890E-002 -0.469179592608052      -2.495561443281138E-003
  8.971560522153035E-002 -0.454041010373694      -4.531002701121166E-003
  0.107533506800998      -0.408464902580231      -6.402468522175447E-003
  0.305052863812624      -0.663447846104932      -7.983440970708893E-003
  0.222601091759700      -0.331613625068023      -9.151155890401544E-003
  0.242442285396890      -0.306580847712310      -9.796308649399533E-003
  0.619566771750879       0.239679708132089       0.127446491000991     
  0.372482929287038      -0.245172117380857      -9.218713069927852E-003
  0.398448226741525      -0.244243133596250      -7.948691837081334E-003
  0.450921636140870      -0.183671922575194      -6.075732359778437E-003
  0.430669058387095      -0.112363752148075      -3.684178400391966E-003
  0.484619793205307      -3.419850413509882E-002 -6.929153733955083E-004
  0.483127597121982       1.576027090773876E-002 -1.180084301719984E-002
  0.319037870046178       4.187701738253838E-002 -2.992320623268296E-002
  0.450677094230598       0.197069270107306      -3.469733862350299E-002
  0.416544497220703       0.191068425386647      -3.513432104028912E-002
  0.371232250587406       0.260949688660947      -3.495806453084613E-002
  0.336646263555456       0.303703591829288      -3.476165665475445E-002
  0.343579460689844       0.493968429129606      -3.459100794177909E-002
  0.207256047179046       0.387285151699248      -3.448352515189559E-002
  0.216835163636350       0.406981034749202      -3.448298315929955E-002
  0.199902724318206       0.469774670186831      -3.538740621935690E-002
  4.646098251507161E-002  0.487405655122800      -4.440111565661227E-002
  0.134992078074462       0.449166148651086      -5.135456530467013E-002
  8.033334177283698E-002  0.491859590220340      -4.622899015391652E-002
 -3.489777352633082E-002  0.463695401278112      -3.731908264656381E-002
 -0.187598341709332       0.535018130356295      -5.052171320994224E-002
 -0.205452610514129       0.537679790322388      -6.679621214387506E-002
 -0.313189938922715       0.477215612226191      -7.018480543835423E-002
 -0.322149607119155       0.466833810710701      -7.227589143520485E-002
 -0.454019342268952       0.363118056270762      -7.408911407020945E-002
 -0.515901369950951       0.305442518326088      -7.496897124234816E-002
 -0.526277903521233       5.189975867093988E-002 -7.331782257398686E-002
 -0.459278830021635       0.208498650075114      -6.594490639968044E-002
 -0.458001743027607       0.134087167705970      -4.641573552893648E-002
 -0.630190313354293       0.127915939912813      -1.913163284568573E-002
 -0.483758459302346       6.425535087027401E-002 -4.300026651425470E-004
 -0.602226187373430      -5.609911183063655E-002  1.827705563168131E-003
 -0.641225615253781      -0.215665909117639       1.958551281566749E-002
 -0.511726247747617      -0.197322840536291       4.606586417104117E-002
 -0.447758266230426      -0.362088750837181       6.361199679834630E-002
 -0.506883163029764      -3.733148025485322E-002  7.156394349588864E-002
 -0.453948186635151      -0.337641047188874       7.384679502663960E-002
 -0.350500351641293      -0.464703811024280       7.353367893994894E-002
 -0.341116298682103      -0.466998647390229       7.240680737736398E-002
 -0.215010453118500      -0.529709201332159       7.144581226203592E-002
 -0.205836256958869      -0.471037964134979       7.062373148504685E-002
 -7.364316843329315E-002 -0.593713508287530       5.819252211301212E-002
 -5.241760453810536E-003 -0.521660516508161       3.968324294349506E-002
  9.786672539079998E-002 -0.505373701861222       4.647865252438095E-002
  2.951840706425626E-002 -0.503534731295470       4.936836261736198E-002
  7.559969818521756E-002 -0.419747978884147       4.187405673003517E-002
  0.173854210541784      -0.427391630521850       3.411069468666743E-002
  0.262205276173331      -0.424350586713710       3.429815971352956E-002
  0.298383956275318      -0.418142218207861       3.508183452566913E-002
  0.275677276310374      -0.264396460427072       3.562975835957553E-002
  0.429731006341265      -0.317171295010733       3.592108166250779E-002
  0.385375714917266      -0.264229857720748       3.593330441624611E-002
  0.465108311769511      -0.187946660053963       3.587386922203692E-002
  0.460193558382671      -0.187956012355917       3.419237142280238E-002
  0.504211758657398      -0.137521985601819       2.917176493308016E-002
  0.387290922258123      -0.145249130061331       1.170028824045398E-002
  0.481225224820716       6.660430213073951E-002 -6.129212808904804E-003
  0.397295429703231      -8.178230464688932E-005  6.625246154473365E-003
  0.485570708473063       9.835407215799957E-002  2.870219619746996E-002
  0.455644062793049       0.175474904327235       1.261075368036732E-002
  0.334119308276451       0.250511867286321       1.451454701953602E-002
  0.337488692608121       0.304043812079378       1.677158443255829E-002
  0.306256360438633       0.405339422151283       2.039996652513710E-002
  0.304764998295481       0.388054132607954       2.442438151614759E-002
  0.518585370285538       4.457705017581545E-002  2.699772393159395E-002
  0.107322417210748       0.446937523572534       1.775695702656279E-002
  5.153145174495834E-002  0.489054960922299      -8.029332773653206E-003
  3.387757813909011E-002  0.457520133476217      -2.625706476071914E-002
  0.101171689058209       0.631361812484148      -2.772432233191703E-002
  2.985130766257450E-002  0.463919950272611      -3.189725943666585E-002
 -8.300000842130574E-002  0.565490373082513      -2.811133926052668E-002
 -0.280819365165522       0.515013599952257       3.286541418827782E-003
 -0.359793093324402       0.429928465201508       2.301497729737952E-002
 -0.304345665415960       0.475103406327563       3.110459869323819E-002
 -0.410058330579549       0.337502347312322       3.871552755435786E-002
 -0.215022555809092       0.462834963144085       5.103184940359645E-002
 -0.484276552287217       0.240402016388166       6.600677495380344E-002
 -0.499568944804656       0.248245495675182       6.869187550449435E-002
 -0.392648180117768       0.107173100570364       4.790451156732210E-002
 -0.568915128828681       8.904554981143123E-002  1.170061175959091E-002
 -0.569586238234701       1.096938099406249E-002 -5.588995289077028E-003
 -0.555220366098604      -5.366837948390131E-002  6.146110368234618E-003
 -0.555498123915921      -8.334276479559506E-002 -9.766774885598101E-003
 -0.511186919309022      -0.196493623721632      -4.551428470056055E-002
 -0.329260821298364      -0.415418111273801      -6.476578638022347E-002
 -0.478189363890065      -0.318037345124731      -6.251732118989871E-002
 -0.392223876038895      -0.334189582584441      -4.829265859942430E-002
 -0.370595366853836      -0.485299146053415      -3.683917827119881E-002
 -0.332621557643504      -0.380222925501778      -2.991525960753547E-002
 -0.213168385278540      -0.474454974402392      -2.217388765391778E-002
 -0.118611559816278      -0.598922087235622      -2.110794076879382E-003
 -0.174027037025848      -0.523846798971658       3.029633594844879E-002
  1.242420855937870E-002 -0.506711422211303       3.175009736678701E-002
  0.143505362199682      -0.531711022304852       2.597873756679995E-002
  9.390240369153449E-002 -0.493107211796213       2.353192707696731E-002
  1.484844794282001E-002 -0.489498031530579       7.204768895865756E-003
  0.190613789811321      -0.459866213433267      -1.545673266746613E-002
  0.182643224583776      -0.388056634207978      -2.447103253272899E-002
  0.151055847075544      -0.364577173213820      -2.335775827189968E-002
  0.341577459754179      -0.342552990181042      -2.065217082212519E-002
  0.419644962315308      -0.265089703046245      -1.768343712348117E-002
  0.476886809461679      -0.241952165539476      -1.536043006567557E-002
  0.517267601724914      -0.116714744949861      -1.300845472378013E-002
  0.436605872659139      -0.124313692404258      -9.286331454491826E-003
  0.446306975223886      -0.110634128331036      -5.790382054414714E-003
  0.446301839822405      -3.296024080923132E-002  6.556148511594992E-003
  0.505781820738565       5.405914683008160E-003 -3.340457624058454E-002
  0.516143035741736       3.907205317114769E-003  0.102122996224747     
  0.463018369073317       0.149822778275532      -2.453104063816235E-004
  0.484576169780858       0.192638361913562       8.640274242661153E-003
  0.357064843690489       0.248615836888941      -6.535323202975108E-003
  0.376108884429822       0.263950742795569      -2.245536624417555E-002
  0.330676969856227       0.395306976074607      -2.238287040454917E-002
  0.330884454287287       0.409398366459552      -3.995275122792571E-002
  0.251400080468172       0.405818272714542       2.635976292762194E-002
  0.193095584553066       0.440714559818432       3.029535508070829E-002
  0.174517579895883       0.469348728000526      -1.759571378755504E-002
  2.613517803178068E-002  0.498070665417782      -3.042660780381851E-002
  5.044985059096713E-002  0.458792021346859      -1.253358000090550E-002
 -0.113150500568565       0.491179770458091      -8.946874852615945E-003
 -3.568549888541966E-002  0.477766897999623       3.442236070607909E-004
 -0.217485656861016       0.545727573597849      -1.560176830543112E-002
 -0.273341114080572       0.428011017223061      -1.398371650168276E-003
 -0.353099909620487       0.498630517088995      -3.163244924445195E-002
 -0.342582729435729       0.424462489306794      -3.634693754068494E-002
 -0.440491010407819       0.267567644859121      -2.454124709819527E-002
  0.406755778159093       0.210505504849055       0.100950988639819     
 -0.515291326967528       0.250958419587639      -5.582408167632408E-002
 -0.536852306009268       0.172177535151378       2.627033255350812E-002
 -0.580690203405881       0.123376687136794       2.573884468665108E-002
 -0.578431643358697       6.542527674234870E-003  1.507344358593590E-002
 -0.590955999077163      -6.839017026506063E-002  4.073467986814226E-003
 -0.599816705529812      -8.807565972302163E-002  2.691289234084961E-002
 -0.543669231988374      -0.173044579545534       7.662740632529684E-003
 -0.550576156371229      -0.175391666993257       6.073758614614958E-002
 -0.457321185904107      -0.332329616522161       3.453896098297431E-002
 -0.398724555353509      -0.368027812160926       2.656195319839399E-002
 -0.338244940700125      -0.188605558324286       3.772687392027830E-002
 -0.372158769303833      -0.450717116666653       3.632081960914767E-002
 -0.205665826304141      -0.442106062250387       1.092040188379187E-002
 -0.153156118340198      -0.568066839108910      -8.627415050992891E-002
 -9.019051659082993E-002 -0.537448785269006       1.118451402984889E-002
 -4.530036091741666E-002 -0.561832027708783       8.588019508359497E-003
  6.650137872027925E-002 -0.442035992468971       7.619440341289307E-003
  5.371617204464455E-002 -0.490704095812015       1.888168512757473E-002
  2.201111500672071E-002 -0.456828534298677       3.462211440325056E-003
  0.137922882519844      -0.410558776197339      -1.232495200638520E-002
  0.279788096300161      -0.364347030293656       8.350614649044009E-003
  0.400416801810445      -0.401464725451597       5.538299612859231E-002
  0.169816828521070      -0.366847012473842       3.783148586317286E-002
  0.477509644547728      -0.224991975101750       3.665798658306980E-002
  0.473033690670042      -0.230615170213693       1.597095016208140E-002
  0.436835237950946      -0.227045200534775      -6.346754436479182E-003
  0.469280395370777      -0.142716092182483      -2.344364553725242E-004
  0.455971999185815      -0.126597526168674      -2.128765323404859E-002
  0.165441399519875      -8.964505080842763E-002  1.448603619290068E-002
  0.445185469437242       4.322389417843871E-002 -2.522474674112526E-002
  0.441671028908789       0.128995000869968       1.554290523273739E-002
  0.393771002404263       0.189886364635323       1.154788177878181E-002
  0.400637927799685       0.169536847025734       5.913501742800943E-003
  0.350174597600236       0.112254367529826       1.531815700082664E-002
  0.377287929837764       0.365721040443482      -1.334674812552971E-002
  0.299071842461789       0.434775585008758      -3.878431349578459E-002
  0.207046221004307       0.383956232778134       1.066569357911603E-002
  0.253971879315959       0.544634421905849       4.264840353368517E-002
  8.747613891482353E-002  0.435981664754525       9.633204275098872E-002
  2.080272252048007E-002  0.456328548440646       2.875110126287776E-003
  0.321042472770379       0.646117483098882      -4.956176345582720E-002
  4.379778592266107E-002  0.621087244752171      -3.496529764268685E-002
 -4.969047091087509E-002  0.513688322870962      -1.870501643054876E-002
 -0.195155770263579       0.521121333753892      -1.114563722057196E-002
 -0.175263049366437       0.534689658477519      -9.181182857663627E-003
 -0.318784950354049       0.482560003972980      -1.947980483699756E-002
 -0.280255950200099       0.491507826553976       2.247794692191604E-002
 -0.450275837235403       0.369867044241700       4.783444945342177E-002
 -0.397602071474098       0.349257423748416       4.660132297510786E-002
 -0.480373148692706       0.268604015276632       1.199819903396320E-002
 -0.513950729413283       0.152383808663360      -3.890197499054987E-002
 -0.473740825070705       0.137095543593173      -2.826397676781926E-002
 -0.521516607122550       7.833864279303865E-002  5.074617069334464E-003
 -0.592980462526853       1.096956360492919E-002 -1.296104011557514E-002
 -0.551660059262346      -5.249002904653269E-002  1.353479469782896E-002
 -0.550838909686882      -6.551893259222338E-002  1.925215138268781E-003
 -0.506170889399501      -0.186188338949898      -9.127829461354646E-003
 -0.519669894098695      -0.285472824390616      -1.245299054992230E-002
 -0.448509977727997      -0.299421060019659      -4.360221292830214E-004
 -0.446250477529294      -0.333406739899006      -3.126198048586425E-002
 -0.394445399747707      -0.389931984329096      -9.922588904118417E-003
 -0.334824491784044      -0.475553922260292       3.513207588481015E-003
 -0.195788648184337      -0.477153831510119      -2.935760233701824E-002
 -0.231717891308218      -0.447013083945937       6.107750305524968E-002
 -8.582988153979092E-002 -0.603680938705497       0.110391217401886     
 -8.594329404911904E-004 -0.542045686871839       3.445206609376959E-002
  0.105003832413618      -0.484029017851877       4.806040131760686E-002
 -9.637163814511508E-004 -0.514587168872408       6.725705806347357E-002
  8.050654140487301E-002 -0.430600945163118       1.174210872808882E-002
  0.154152102042346      -0.423358776403184      -5.418259330732234E-002
  0.384227065600072      -0.330383645820285      -4.733351362020929E-002
  0.339690172400446      -0.356672229749372       7.220212731449403E-003
  0.284214150716820      -0.347046436099978       2.019830141226036E-002
  0.410019559764241      -0.324545529903300       7.943265883051831E-004
  0.449455701032328      -0.253480017303777      -2.432281599545226E-002
  0.474088373597630      -0.143914411324369       7.802818713509162E-003
  0.460730994566978      -0.122177179446917       1.523339939776623E-002
  0.458936641463029      -8.548463158053431E-002 -4.775468747046280E-003
  0.472134183384894      -2.909741414997877E-002 -5.439085664348818E-003
  0.583912050992526      -7.714287129421214E-002  1.062574446980331E-002
  0.530634029491415       0.242202683966470       3.261519231623901E-002
  0.412472176292749       0.224136160681572       5.286049383257949E-003
  0.438877811306162       0.151935937361600       4.986258798142353E-002
  0.339214275369611       0.231737570789437      -9.816978829416777E-003
  0.401924242921221       0.182514420904785       4.510353769409291E-002
  0.288761324867209       0.444735317758538      -1.394039292183602E-002
  0.204624023398050       0.397229485014441      -2.639264056887758E-002
  0.237661531843888       0.429055459117208       4.600582019061127E-002
  0.185521067172333       0.442349804772800       4.429677338932562E-002
  1.623373599840795E-002  0.441953586805455      -2.771720657642612E-002
  4.330833122058567E-002  0.517510446199100       1.706703973172292E-002
  1.878935702240896E-002  0.514620806151224       4.252533829752111E-002
 -0.105849848986676       0.499396941640274       4.712103896655881E-002
 -0.211756428050970       0.499310716700966       4.687956804707068E-002
 -0.276686184278983       0.496836443507675      -1.397649029764554E-002
 -0.279430889897538       0.513660838827237       4.204045358827446E-002
 -0.288288029197690       0.391202322144900       4.716805867947553E-002
 -0.357210021255965       0.386421227666741      -2.322131424058987E-002
 -0.401274093172172       0.340669258624242       1.565120374687719E-002
 -0.411007093063737       0.249667382788988       2.994051354379879E-003
 -0.524557694753586       0.176086856882949       2.857555365441886E-002
 -0.521235952004390       0.158279991732777       8.461410379656255E-003
 -0.524250164472250       0.104702452547733       1.909301384906180E-002
 -0.542732496464170       3.818340345189449E-002  4.743308748084495E-003
 -0.548216226540219      -6.112710945977808E-002  1.191644329735226E-002
 -0.564063519960944      -9.077130194072201E-002  2.041246190454534E-002
 -0.492254688049104      -0.158829903710664       2.413834461559126E-002
 -0.540917450075481      -0.240900521180351       4.119328582770823E-002
 -0.485931633141811      -0.322550155375910       3.041735471460230E-002
 -0.497352827834368      -0.292415843413196       2.128090150155281E-002
 -0.301790713985041      -0.323089850811054       2.100777127841227E-003
 -0.380939919419123      -0.460665078855292       3.819533446172519E-003
  0.607912026786697       0.298224904646624       5.605523258107309E-002
  0.501778291667530       1.908922875037387E-002  7.239292958390593E-002
 -4.040089304198896E-002 -0.559013322273408       2.111684341229130E-002
  2.703836669551741E-002 -0.509032416729605      -1.101691775264066E-002
  9.413051062101657E-002 -0.530533363418445      -2.200388646224021E-002
  5.538764912277315E-002 -0.460606701231064      -3.453908728175624E-002
  0.167839373641351      -0.482141194088523       4.191630135712484E-002
  0.172492616322824      -0.477979643724900       5.682413287653038E-002
  0.311975272457311      -0.436800887301418      -8.731186189304999E-003
 -0.103854869986183      -0.477348457291787       4.966135376679182E-002
  0.375553498119085      -0.358665294008746       2.751863936702272E-002
  0.486572888763457      -0.220881093270406       1.860831563279416E-002
  0.290605013553540      -0.109787245353615       5.971941084161009E-002
  0.512495028528200      -0.215339197323591       3.642726918272067E-002
  0.478288154820639      -0.125273446424130       2.007950734912605E-002
  0.582260053000721      -7.900748717228261E-002  2.625237763996200E-002
  0.478917909211624      -5.302747386541375E-002  2.886799219743209E-003
  0.495432260086642       5.731584611831152E-002 -0.111896647946628     
  0.381607720782721       0.111292319587575      -5.046928696999106E-003
  0.419016227652249       0.185087178168166       1.040890355685962E-002
  0.403214286170043       0.215480946090587       1.359211747185669E-002
  0.339970373290554       0.227226354387510      -1.945528495720825E-002
  0.336079948557104       0.334628353994811       1.105087932145921E-003
  0.315118344245163       0.366632768635177      -1.051218401131924E-002
  0.232468531896587       0.392614518723768       5.202900096004934E-002
  0.204716466964119       0.416322245830205      -5.588697959104569E-002
  0.186347885196552       0.458362448270175       4.090765849210855E-002
  1.694817026505882E-002  0.480347417001373      -1.471840969333073E-002
  0.497447113666486       4.822088424149507E-002 -0.104659283521182     
  5.683360358194449E-002  0.495157659911256      -8.263246852693537E-002
 -2.114488312040035E-002  0.534292159402917      -5.284469213233268E-002
 -4.775758264377475E-002  0.583760522519392      -5.316390657005842E-003
 -0.260874068958993       0.528440135062758       9.599416332331915E-003
 -0.269965632222209       0.448266699792757      -2.396222783653158E-002
 -0.297296028320417       0.470536287738600       4.593262899067007E-003
 -0.352325359413371       0.460679238283711       9.613788219327118E-002
 -0.473019692254767       0.266823050427928       1.685086226490703E-002
 -0.484513583128636       0.210400258231200       4.787318133069650E-002
 -0.434623953601839       0.269180613689805      -1.955646113604799E-002
 -0.524283741075520       0.179695761700900      -4.205173471374148E-002
 -0.513348223383574       5.018132215150051E-002 -6.075329319700954E-003
 -0.623188282637314      -6.730013616333415E-002  2.073569614666421E-002
 -0.557769198094343       2.301189841838056E-002  1.074248735421237E-002
 -0.542726566411213      -7.854449865703501E-002 -3.144192565335897E-002
 -0.547748734310669      -0.181332771723274       2.122299367865190E-002
 -0.490324395390126      -0.286762458843228      -9.524023481020477E-004
 -0.453354621424400      -0.295130801909146       9.916463586530836E-003
 -0.367883642294126      -0.224035960667013      -2.844927095615882E-002
 -0.406052786644358      -0.381408805976509      -3.629654330073807E-002
 -0.275837216078826      -0.420207113613136      -2.526959341982200E-002
 -0.198525223172544      -0.431315446337371      -4.595242374789218E-002
 -0.247677649582483      -0.497394785181625      -5.987356517710899E-002
 -0.100493630461163      -0.577614376981589      -8.927585760412757E-003
 -4.590522725139294E-003 -0.563219902669392       6.309688244601677E-002
  2.997035918408161E-002 -0.501097612207166       8.897005946978960E-002
  0.117613552685506      -0.534024830518753       0.105297904447346     
  0.114824731835219      -0.445790853867440      -5.998697870282464E-002
 -0.124785972706971      -0.344472269716765       6.532972078017181E-002
  0.173654192748494      -0.337454440573250       1.410115635444810E-002
  0.297875336532965      -0.426681468071152      -5.038030532629247E-002
  0.282469802140809      -0.328333966960966       2.901272391481977E-002
  0.415135494780239      -0.321787447667048       2.787267913405811E-003
  0.478087036893763      -0.230394380171013       5.119795406098888E-002
  0.506227641958697      -0.157505872905696       3.375709480998470E-002
  0.428158311950773      -0.115453039371062       2.308682470165520E-002
  0.544088506731245      -6.803270895745049E-002  8.526053873249699E-002
  0.531428703639476       2.754292101911005E-003  1.653464593788986E-002
  0.518450207909971       6.049072777421085E-002  7.788386664602957E-002
  0.515917372675654       0.121891540324559       5.505320567741262E-003
  0.398651191659057       0.177248285764912       3.531516647050868E-002
  0.409811117071389       0.207739098714512       5.419045801753227E-002
  0.306915900297638       0.226985424046460      -1.396384355816369E-002
  0.336054602030279       0.336229119912592      -1.696024517491144E-002
  0.356626705032286       0.402040018859787      -2.244709802163743E-002
  0.315761845664549       0.380494396878624      -4.319842975003509E-002
  0.194028693188872       0.380946772191506      -2.547977006451384E-002
  0.188590159030514       0.460658867950451       5.474752430524205E-002
  9.486100364804981E-002  0.444513423653470       6.673962780231873E-003
  0.123735602133128       0.325813887036889      -2.351800948619938E-003
 -8.118025393243033E-003  0.489457728944586       1.066337336038653E-002
 -5.304418982285232E-002  0.486783487693901      -6.018231621750911E-002
 -0.196971778391283       0.540144196661314      -0.122622837695061     
 -0.202698451024448       0.510544862551441       6.739972379694940E-002
 -0.281476955166640       0.449920034576736       0.136196712667007     
 -0.353161128304123       0.471697312403038       4.935280279791492E-002
 -0.356474226615329       0.387481199143131       2.513123626986126E-002
 -0.409065990707736       0.346607687210302       3.115478145755581E-002
 -0.435497446832681       0.271357966562663       4.872265066004933E-002
 -0.470076917466270       0.158915960718002       1.763702445799360E-002
  0.488466336861426       2.420805213248928E-002  0.178162569658531     
 -0.509227997496990       8.044466267450560E-002 -4.125759680179216E-002
 -0.536540501098650       4.703272732278588E-002 -2.998858285384073E-002
 -0.548979228749716      -0.236577339397887      -2.511488645026407E-002
 -0.521563729506803      -9.819086944030836E-002 -3.654369676452080E-003
 -0.513254053809458      -0.156359909597097      -4.424255060649397E-002
 -0.503243419867307      -0.266531958309047      -1.517740139012736E-002
 -0.445743101087807      -0.296898548496437       2.386019825225162E-002
 -0.367103343253614      -0.344459072235603       1.628286125287637E-002
 -0.386112695608698      -0.443029272700915       5.889116881289625E-004
 -0.354006415854885      -0.441674816211103      -7.132691051083649E-003
 -0.215037332714199      -0.542840284315079       1.097286146044421E-002
 -0.250139728773196      -0.462416931814518       4.321157597066673E-002
 -7.195509965035034E-002 -0.557130964582172      -0.143355619993404     
 -2.566907985355098E-002 -0.535126780362021       5.449413512467459E-002
  5.926497759524479E-002 -0.470398048270304       7.619235094383329E-003
 -5.563450134817976E-003 -0.499517276298269      -4.173514941076763E-002
  0.149403640122476      -0.430221737690320       7.426241936374993E-002
  0.179256193985259      -0.415337334329454      -7.406393252450894E-002
  0.296005527183479      -0.408158898632459      -2.828935273009351E-002
  0.329529114504160      -0.387265651931277      -1.141855746137137E-002
  0.345240533360616      -0.341922769324520       9.661117436626407E-003
  0.363733780330281      -0.364922864287386      -3.361536300690133E-002
  0.467622307395865      -0.269205959364187       5.725187630943760E-002
  0.472441488344700      -0.165864229677056      -2.658444674345224E-002
  0.479686604430673      -0.147481974217732       1.533257472421007E-002
  0.519026094695041      -7.621157344411295E-002  7.640217554124337E-002
  0.523623369391338       5.332528283182114E-002  3.991126019952819E-002
  0.646433926061289       1.741524800936699E-002 -1.982139865151020E-002
  0.535467126897623       0.103537442759815       2.316795592969555E-002
  0.393963699102684       0.124660330717762       0.108321825202934     
  0.402741534865749       0.187510517203608       5.671121670965308E-002
  0.337452850220892       0.229960307680221      -2.071235079770834E-002
  0.375324276410916       0.266822222051113       1.685185582820106E-003
  0.396110185712583       0.284640103780213      -4.157895829492407E-002
  0.298595475799141       0.428082282316364       6.895972331352122E-002
  0.210877055570817       0.490662973616596      -5.471662657582864E-002
  0.169916576370067       0.448972705791294       0.245145966422575     
  0.109940942220479       0.434549678656380       7.761466172310008E-002
  1.393462015963529E-002  0.487289218351076      -3.869697552938601E-002
  4.774471529987863E-002  0.500021930025529      -8.687988553712389E-002
 -2.557037444529225E-002  0.484998257646193       4.522977351233313E-002
 -0.225211738022416       0.539408891196262      -8.014885701452046E-002
 -0.240404469490021       0.544130580141817       1.856794276987968E-002
 -0.217354082313332       0.444074680852301      -1.271864778952956E-003
 -0.358466980945851       0.454553433746125      -8.658862402112028E-003
  0.296840796046320       0.663836755230299       2.668931926751757E-002
 -0.426244246340641       0.305412409601603      -1.121704823761729E-002
 -0.460400883335807       0.242961051989141       3.820086198232777E-002
 -0.482366568922888       0.206778490203706       3.738508439000875E-002
 -0.504647487861301       0.155134677474262      -6.829767660091883E-004
 -0.505214334552108       7.263261456003120E-002 -7.593307391420971E-003
 -0.528848899083100       4.537515678990534E-002  2.005330588825885E-002
 -0.550063420590281      -5.540045677291057E-002  1.755866898408020E-002
 -0.503514034131058      -4.134147125393110E-002 -5.758516932576920E-002
 -0.524952534221567      -0.204653744949982      -4.788615191928416E-002
 -0.485743312132905      -0.277007013918244       1.947355651569638E-002
 -0.459389363974254      -0.289136263536161       7.821203023946920E-003
 -0.344951435992278      -0.318801143409955       7.165936582033886E-002
 -0.369697086616675      -0.459788913815509       3.812461755753075E-002
 -0.302178711881501      -0.498180617612945       4.220090596494987E-002
  0.508008942612902       3.196121358636919E-002  0.117713963818795     
 -0.213025161930736      -0.456291769397637      -0.110177559993230     
 -0.100512618952810      -0.523714906125833       8.879463644255291E-002
 -7.535709208959152E-003 -0.554096515549341       0.109367445962309     
  3.635991009961241E-002 -0.486393311878743       0.133709073951053     
  2.095732998007276E-002 -0.475710035826551       0.176521097776693     
  0.150390709262751      -0.459785482838248      -0.168927971044909     
  7.524242980513583E-002 -0.555321705156460       0.113762968804465     
  0.253857620486722      -0.406414138267151       4.592801574168517E-002
  0.254708093731851      -0.421824651121790      -7.814373684382003E-002
  0.315418299384317      -0.331645532095345      -3.892070226491761E-003
  0.427375699542179      -0.319638116403276      -5.989187241828862E-002
  0.475416413572973      -0.271688581109512      -3.415925144768561E-002
  0.468852143516438      -7.154051289819409E-002  2.105731073990141E-002
  0.509777773040481      -0.123154864267575       2.236720737565442E-002
  0.524348556823138      -6.580958756161522E-002 -4.157819306055421E-002
  0.430512453712619      -3.964463792577459E-002  2.069975963773896E-002
