  0.464182414276278       4.307914537395385E-002 -5.054125499872377E-003
  0.468522513173961       9.888420585869580E-002 -1.508266992129814E-002
  0.508777083314512       0.175091963153174      -2.487335162811346E-002
  0.333550434512165       0.269094548972507      -3.427176572113397E-002
 -0.171585608251719       7.193401758458041E-002 -4.312969359577076E-002
  0.332050406094428       0.262526734565394      -5.130744043797323E-002
  0.345100021292131       0.403840408911291      -5.867603829488885E-002
  0.252438759410841       0.407611374102103      -6.511927997652842E-002
  0.222550513930997       0.448902009109818      -7.053555171256558E-002
  0.154448009777470       0.464152272560846      -7.483943566219958E-002
  7.691723528826092E-002  0.460395287325748      -7.796305700452838E-002
  4.892509749131874E-002  0.506987161781180      -7.985715436502286E-002
 -5.259702311635062E-002  0.496796398863950      -8.049185669683015E-002
 -0.151617487434523       0.549515049589219      -7.985715436502307E-002
 -0.283792883231494       0.441287694227163      -7.796305700452866E-002
 -0.350717920367624       0.589552638897545      -7.483943566219955E-002
 -0.301640373476660       0.472583604413233      -7.053555171256558E-002
 -0.516677513423258       0.312204104314522      -6.511927997652819E-002
 -0.344708033987089       0.388771880369990      -5.867603829488906E-002
 -0.451541580281710       0.301536576386688      -5.130744043797326E-002
 -0.298368415856054       0.322559495515891      -4.312969359577105E-002
 -0.459295956286049       0.254139254776343      -3.427176572113353E-002
 -0.577844599609538       0.156071543441863      -2.487335162811233E-002
 -0.518872119280626      -1.245652730013338E-002 -1.508266992129779E-002
 -0.625350692945939       0.101797499309408      -5.054125499873309E-003
 -0.604685923548921      -7.842305165413593E-002  5.054125499872747E-003
 -0.532805680936472      -9.996892052233461E-002  1.508266992129870E-002
 -0.542566226292705      -0.170225035961326       2.487335162811306E-002
  0.487457803158820       5.640170394229296E-002  8.161265032763451E-003
 -0.447388124442132      -0.254263679296308       4.312969359577050E-002
 -0.432623798311738      -0.276114594405045       5.130744043797365E-002
 -0.373003813795088      -0.431205097159937       5.867603829488888E-002
  0.520726436993572       0.114157317326655       7.508709354497042E-003
 -0.240546583355526      -0.443324291239160       7.053555171256504E-002
 -0.212792035544327      -0.423685521011825       7.483943566219910E-002
 -0.134174820409478      -0.553762077485129       7.796305700452870E-002
 -0.120302849569416      -0.509746306568519       7.985715436502240E-002
 -4.932690540681899E-002 -0.526556622717972       8.049185669682922E-002
  9.837277861812330E-002 -0.485283251744735       7.985715436502266E-002
  0.127233162098633      -0.463309490234797       7.796305700452841E-002
  0.470269802148323      -0.498617373596819       7.483943566219871E-002
  0.454513166223029      -0.444898635447223       7.053555171256584E-002
  0.118062083678042      -0.434842419834472       6.511927997652818E-002
  0.402414086450907      -0.444461363955541       5.867603829488890E-002
  0.448829533488910       0.190156296369753       3.424846353528109E-002
  0.360328864237601      -0.320149351999520       4.312969359577010E-002
  0.370382342885016      -0.247160501949628       3.427176572113427E-002
  0.462397333903526      -0.180254258527306       2.487335162811290E-002
  0.412150492566950      -8.568940239864656E-002  1.508266992129770E-002
  0.491353822164694      -3.306160005484231E-002  5.054125499873328E-003
  0.171840549357814      -0.530589090493756       8.318696779715702E-004
  0.432717533119770       0.103684674485658       3.802229532619611E-003
  0.487382637518309       0.164549471005448       6.146147099659471E-003
  0.426844186830309       0.179041060906048       7.968368215010192E-003
  0.408197982835045       0.278899340936460       9.183451258980407E-003
  0.333971575724751       0.336390824521581       9.746267728549720E-003
  0.344256450174499       0.363484215688930       9.662598106485570E-003
  0.248727626155406       0.396632769406672       8.985692650423142E-003
  0.245176365994707       0.409879963496956       7.804387160851575E-003
  0.179241143928898       0.458851706979682       6.230051937462087E-003
  7.342992662197799E-002  0.458479740391427       4.384659683608709E-003
 -0.260216612540441       0.318652428390290       2.391114925615276E-003
  9.387586910336944E-002  0.482327382037001       3.663522133133759E-004
 -7.923771032997259E-002  0.484930697687355      -1.582877184704005E-003
 -0.122633799811801       0.499679139809802      -3.362002859222348E-003
 -0.207572781635358       0.483134367731968      -4.889139073695157E-003
 -0.291852940942095       0.472267909201825      -6.094956787677358E-003
 -0.304772082608103       0.362846091366108      -6.922813141458877E-003
 -0.373866648734060       0.351991163849616      -7.329906525840871E-003
 -0.404376617840043       0.433463911255917      -7.289912345226963E-003
 -0.533882371089537       0.414806694276785      -6.797043308492793E-003
 -0.481521611747161       0.206504205108270      -5.870868593423949E-003
 -0.571352283590394       0.153185338955573      -4.560996296831839E-003
 -0.597039803044636       0.115328621925200      -2.950512151787509E-003
 -0.534273736228477       4.695035806710050E-002 -1.226314089348241E-003
 -0.558814319918448      -4.895930769339595E-002  9.659707677996640E-004
 -0.589293860338912      -0.134861354068133       2.738427987576690E-003
 -0.545369774245658      -0.152131219557040       4.397960254589902E-003
 -0.457709311815971      -0.137058429572340       5.764132924722569E-003
 -0.667814968474938      -0.271992920408593       6.753373387776626E-003
 -0.434115408170864      -0.316255209047773       7.306135271694202E-003
 -0.379247390649743      -0.399932636557667       7.394154946626350E-003
 -0.297596340583143      -0.432143549275672       7.016214800261546E-003
 -0.227779051195135      -0.435054126221143       6.195084508835824E-003
  3.493825287472840E-002 -0.563154698829193       4.973561546158693E-003
 -0.105753911433057      -0.498474185363901       3.411538794498497E-003
 -7.683642316147363E-002 -0.529758360205013       1.584195974104324E-003
  8.721793090093619E-002 -0.485249635747975      -4.190605593489552E-004
  0.120311414483495      -0.496388442994470      -2.495561443281138E-003
  0.141290981922040      -0.463675215741530      -4.531002701121166E-003
  0.145625244451706      -0.441680628263623      -6.402468522175447E-003
  0.288984221033306      -0.445405366064097      -7.983440970708893E-003
  0.241734516748593      -0.328423852561109      -9.151155890401544E-003
  0.258170328797260      -0.307243792553875      -9.796308649399533E-003
  0.367381629931636      -0.309694542213668      -9.834583016521440E-003
  0.385031690150963      -0.224035516937142      -9.218713069927852E-003
  0.421456762515004      -0.222857169420194      -7.948691837081334E-003
  0.431857128538023      -0.163778389806587      -6.075732359778437E-003
  0.435448460337876      -8.477448084269558E-002 -3.684178400391966E-003
  0.480904589004930      -2.179774368610028E-002 -6.929153733955083E-004
  0.489298627503042       5.829702088778552E-002 -1.180084301719984E-002
  0.494815914326993       0.101154986561556      -2.992320623268296E-002
  0.471039293338165       0.172245771670451      -3.469733862350299E-002
  0.421228045648699       0.205563082145783      -3.513432104028912E-002
  0.401499613108708       0.269606019171754      -3.495806453084613E-002
  0.368298890438744       0.343318349678555      -3.476165665475445E-002
  0.355402747825956       0.507860188015497      -3.459100794177909E-002
  0.247696605483015       0.428440699444274      -3.448352515189559E-002
  0.258210290224247       0.410994834545011      -3.448298315929955E-002
  0.181985127397392       0.444776802893555      -3.538740621935690E-002
  2.324036998318538E-002  0.542216071245457      -4.440111565661227E-002
  0.139807872181995       0.441685613880022      -5.135456530467013E-002
  0.107953732469629       0.552775771506460      -4.622899015391652E-002
 -4.471765111976308E-002  0.493061965633610      -3.731908264656381E-002
 -0.159649197858119       0.511040703900303      -5.052171320994224E-002
 -0.200814733607757       0.538086791160371      -6.679621214387506E-002
 -0.240014694455038       0.446848782753018      -7.018480543835423E-002
 -0.311529650687332       0.468699067011362      -7.227589143520485E-002
 -0.410729812242266       0.394781826721946      -7.408911407020945E-002
 -0.490057119435239       0.312071529428357      -7.496897124234816E-002
 -0.500603022694258       5.073367192688966E-002 -7.331782257398686E-002
 -0.494917058118252       0.207059063534767      -6.594490639968044E-002
 -0.447628353199547       0.156245436512181      -4.641573552893648E-002
 -0.591720823335168       0.144137529194353      -1.913163284568573E-002
 -0.543247630545837       3.392514451631243E-002 -4.300026651425470E-004
 -0.555474660862244      -7.478786269606465E-002  1.827705563168131E-003
 -0.637838243899386      -0.193765389396345       1.958551281566749E-002
 -0.520699474213344      -0.195363225348595       4.606586417104117E-002
 -0.456381806017855      -0.353733534520882       6.361199679834630E-002
 -0.515626712205226      -6.955442553353082E-002  7.156394349588864E-002
 -0.445842755550653      -0.336903846707738       7.384679502663960E-002
 -0.367603289780416      -0.431888004466019       7.353367893994894E-002
 -0.371730590759411      -0.458357218978063       7.240680737736398E-002
 -0.250547773034716      -0.458711635074900       7.144581226203592E-002
 -0.201059489584235      -0.485648224315112       7.062373148504685E-002
 -0.139764100769039      -0.587269415637735       5.819252211301212E-002
 -7.143210558136362E-002 -0.524609942859378       3.968324294349506E-002
  0.101201352804859      -0.524229206670593       4.647865252438095E-002
  4.845749691492216E-002 -0.469363870248435       4.936836261736198E-002
  0.118986249199919      -0.436557507728231       4.187405673003517E-002
  0.185962620140254      -0.448073761511358       3.411069468666743E-002
  0.245393079656672      -0.410370138217579       3.429815971352956E-002
  0.285484746550005      -0.407091131112525       3.508183452566913E-002
  0.306291102017992      -0.268815511683214       3.562975835957553E-002
  0.393327048362640      -0.321980711664921       3.592108166250779E-002
  0.393177535292385      -0.258603673687895       3.593330441624611E-002
  0.452508875734001      -0.182715348000941       3.587386922203692E-002
  0.454237871114376      -0.174442943967255       3.419237142280238E-002
  0.468186162850360      -9.738495696894353E-002  2.917176493308016E-002
  0.395606352332647      -0.121382056706080       1.170028824045398E-002
  0.499515693076515       4.192761242185828E-002 -6.129212808904804E-003
  0.410421871041750       3.010807102644626E-002  6.625246154473365E-003
  0.469386194556213       0.162245271566849       1.027387022910240E-002
  0.505464899637727       0.175298893966402       1.261075368036732E-002
  0.359222608905784       0.243908082311692       1.451454701953602E-002
  0.333915714505048       0.309810118910916       1.677158443255829E-002
  0.326024095316683       0.387745935681014       2.039996652513710E-002
  0.316592281768675       0.365562222195631       2.442438151614759E-002
  0.461069863666203       4.403049630425187E-002  2.699772393159395E-002
  0.173583292076274       0.483625309353309       1.775695702656279E-002
  5.006010361225188E-002  0.482077145449070      -8.029332773653206E-003
  7.897555999165803E-002  0.463379102454503      -2.625706476071914E-002
  9.857066590776498E-002  0.648188243168222      -2.772432233191703E-002
  7.016441681117004E-002  0.501863396296201      -3.189725943666585E-002
 -9.637247432808563E-002  0.572271600743853      -2.811133926052668E-002
 -0.258420632026517       0.524224621380149       3.286541418827782E-003
 -0.301879336317154       0.452605614376118       2.301497729737952E-002
 -0.270256716871688       0.495545362755668       3.110459869323819E-002
 -0.371112194061817       0.373093202922824       3.871552755435786E-002
 -0.174632049519822       0.462722715944750       5.103184940359645E-002
 -0.457233942897795       0.306138759257794       6.600677495380344E-002
 -0.463459680044472       0.256785475528738       6.869187550449435E-002
 -0.362865485811594       0.133175477198992       4.790451156732210E-002
 -0.558291260792280       0.100600822869867       1.170061175959091E-002
 -0.539174320485007       3.377591655538104E-002 -5.588995289077028E-003
 -0.553837515596243      -4.745328565195394E-002  6.146110368234618E-003
 -0.525050131079142      -9.910325779024695E-002 -9.766774885598101E-003
 -0.517769332473310      -0.196633606131062      -4.551428470056055E-002
 -0.306268074347660      -0.391354488143425      -6.476578638022347E-002
 -0.462740359391072      -0.280228460253402      -6.251732118989871E-002
 -0.410519327206738      -0.351785474883961      -4.829265859942430E-002
 -0.383550515156841      -0.425343825227019      -3.683917827119881E-002
 -0.309222517047144      -0.406501300436100      -2.991525960753547E-002
 -0.233310909554803      -0.477133266491618      -2.217388765391778E-002
 -0.145931058657523      -0.534689889042314      -2.110794076879382E-003
 -0.207587867401979      -0.504510346609102       3.029633594844879E-002
 -1.736446272481286E-002 -0.518010897550308       3.175009736678701E-002
  0.102766002646776      -0.570098443980994       2.597873756679995E-002
  5.484763989580731E-002 -0.510574912026182       2.353192707696731E-002
  8.110647971073112E-002 -0.508755503103311       7.204768895865756E-003
  0.204930293293720      -0.489244690308600      -1.545673266746613E-002
  0.204832636642577      -0.417392208409161      -2.447103253272899E-002
  0.209132355095245      -0.379146480250462      -2.335775827189968E-002
  0.339246402597253      -0.347672522293670      -2.065217082212519E-002
  0.410107608180181      -0.280778267261914      -1.768343712348117E-002
  0.435698918981302      -0.249106812042384      -1.536043006567557E-002
  0.515500937125490      -0.150796024584586      -1.300845472378013E-002
  0.443044685715337      -0.170392764948376      -9.286331454491826E-003
  0.468871229555001      -6.860378179956735E-002 -5.790382054414714E-003
  0.488472819788733      -4.451279275340345E-002  6.556148511594992E-003
  0.472992408499102       6.516723290744294E-003 -3.340457624058454E-002
  0.508008942612902       3.196121358636919E-002  0.102122996224747     
  0.465210274238612       0.146776870981769      -2.453104063816235E-004
  0.525516879964281       0.173972548941858       8.640274242661153E-003
  0.418882369233100       0.278719250715024      -6.535323202975108E-003
  0.335968687018090       0.308338595121632      -2.245536624417555E-002
  0.325341714527831       0.374126849570527      -2.238287040454917E-002
  0.322553395440086       0.388745086744197      -3.995275122792571E-002
  0.266072385563213       0.423583994975206       2.635976292762194E-002
  0.167677250563386       0.480252724223463       3.029535508070829E-002
  0.147264707209694       0.462829965453902      -1.759571378755504E-002
  4.309152550914849E-002  0.489415107739956      -3.042660780381851E-002
  0.105594915520346       0.504780542609865      -1.253358000090550E-002
 -8.471340730552170E-002  0.502137289857959      -8.946874852615945E-003
 -5.130232562748321E-002  0.515012076209033       3.442236070607909E-004
 -0.173675727668790       0.492462740244564      -1.560176830543112E-002
 -0.243785349323284       0.442843742220299      -1.398371650168276E-003
 -0.311048415130282       0.462133319157934      -3.163244924445195E-002
 -0.348714322019702       0.384119014302492      -3.634693754068494E-002
 -0.418569431946771       0.300306051661978      -2.454124709819527E-002
  0.449025782805637       0.217713933875592       0.100950988639819     
 -0.469612334354444       0.271016851995707      -5.582408167632408E-002
 -0.529517989225679       0.173435213153582       2.627033255350812E-002
 -0.557624482487967       0.130722092849222       2.573884468665108E-002
 -0.557225228662761       3.018952404224335E-002  1.507344358593590E-002
 -0.562276673939978      -5.061763643710907E-002  4.073467986814226E-003
 -0.538192456981041      -8.576188725737535E-002  2.691289234084961E-002
 -0.492755070395833      -0.159358038587467       7.662740632529684E-003
 -0.546943539349947      -0.160246103787840       6.073758614614958E-002
 -0.434450254576839      -0.325379615485345       3.453896098297431E-002
 -0.415292916215108      -0.365045544655466       2.656195319839399E-002
 -0.394311896511270      -0.216559779086273       3.772687392027830E-002
 -0.335045998097790      -0.424918564271714       3.632081960914767E-002
 -0.234100073175872      -0.450787079301099       1.092040188379187E-002
 -0.181370460255865      -0.528495659931810      -8.627415050992891E-002
 -0.130290684419403      -0.513235258558576       1.118451402984889E-002
 -6.243436216825111E-002 -0.493443241402041       8.588019508359497E-003
  0.104576616025429      -0.483431710069506       7.619440341289307E-003
  3.238375541865634E-002 -0.477916194461558       1.888168512757473E-002
  7.927961663314032E-002 -0.440172434748681       3.462211440325056E-003
  0.169841535872673      -0.422542006825429      -1.232495200638520E-002
  0.238426743079531      -0.435175501827021       8.350614649044009E-003
  0.311811880669622      -0.400141420086014       5.538299612859231E-002
  0.207561724319283      -0.386072143373217       3.783148586317286E-002
  0.420509698951393      -0.223400063813128       3.665798658306980E-002
  0.394958294088969      -0.252324602948702       1.597095016208140E-002
  0.437588484538801      -0.217500612853168      -6.346754436479182E-003
  0.461459475063930      -0.131746035376426      -2.344364553725242E-004
  0.435686011024921      -0.100921731890562      -2.128765323404859E-002
  0.477584044835214       7.611024265203452E-003  1.448603619290068E-002
  0.457116580947106       7.107701814607832E-002 -2.522474674112526E-002
  0.466187815054173       9.283292389804644E-002  1.554290523273739E-002
  0.423719846223074       0.233282982580611       1.154788177878181E-002
  0.413347877083170       0.189236867964634       5.913501742800943E-003
  0.387432347157746       0.257818177494158       1.531815700082664E-002
  0.408964591464821       0.384253618082875      -1.334674812552971E-002
  0.315344520270179       0.452175695926677      -3.878431349578459E-002
  0.250422025495224       0.385494793165836       1.066569357911603E-002
  0.240814159736981       0.458443886084316       4.264840353368517E-002
  0.116611412656715       0.468089884746566       9.633204275098872E-002
  6.879516374430210E-002  0.439619165974149       2.875110126287776E-003
  1.231067014516042E-002  0.476353367122542      -4.956176345582720E-002
  3.241613234784760E-002  0.637292712309904      -3.496529764268685E-002
 -7.065096976822363E-002  0.494093273790840      -1.870501643054876E-002
 -0.127497918924174       0.535351192375410      -1.114563722057196E-002
 -0.208210788366518       0.548477160450095      -9.181182857663627E-003
 -0.296653313561256       0.470441852872692      -1.947980483699756E-002
 -0.313894005134880       0.480953918585561       2.247794692191604E-002
 -0.409199929231919       0.387963083163555       4.783444945342177E-002
 -0.374941794449153       0.370058744618315       4.660132297510786E-002
 -0.443304889913030       0.284468438272835       1.199819903396320E-002
 -0.499201873043554       0.155702121322007      -3.890197499054987E-002
 -0.440622505941317       0.155986448011724      -2.826397676781926E-002
 -0.527982174992205       7.943032190374354E-002  5.074617069334464E-003
 -0.566580659170817       3.021799500054485E-002 -1.296104011557514E-002
 -0.556894777814506      -5.172510917182009E-002  1.353479469782896E-002
 -0.525517767682401      -7.304540303499141E-002  1.925215138268781E-003
 -0.503292235311580      -0.161039962330820      -9.127829461354646E-003
 -0.485335695623924      -0.270652663889246      -1.245299054992230E-002
 -0.438822879376668      -0.275116390968424      -4.360221292830214E-004
 -0.439693871879255      -0.349225328283937      -3.126198048586425E-002
 -0.378484453843359      -0.367274903302967      -9.922588904118417E-003
 -0.375043951062142      -0.450175339346475       3.513207588481015E-003
 -0.217033124691684      -0.472307027356313      -2.935760233701824E-002
 -0.212988166589388      -0.431631040580614       6.107750305524968E-002
 -0.125236049817141      -0.558127723125344       0.110391217401886     
 -7.890947359238902E-002 -0.502848640678551       3.445206609376959E-002
  9.437683933946162E-002 -0.531453684948754       4.806040131760686E-002
  4.278492516402625E-002 -0.481150819349802       6.725705806347357E-002
  9.278652828421176E-002 -0.455744243658928       1.174210872808882E-002
  0.164204465994961      -0.455008250197762      -5.418259330732234E-002
  0.277372179223069      -0.416274804833023      -4.733351362020929E-002
  0.328043725676085      -0.397193278390205       7.220212731449403E-003
  0.286859206990135      -0.356376085258261       2.019830141226036E-002
  0.401911589811412      -0.310835584894379       7.943265883051831E-004
  0.427444653583312      -0.261279177390719      -2.432281599545226E-002
  0.454628680564162      -0.160310302506143       7.802818713509162E-003
  0.475457779781175      -0.134660611388502       1.523339939776623E-002
  0.483911273571978      -7.817524196672776E-002 -4.775468747046280E-003
  0.482535897701984      -3.526641940521017E-002 -5.439085664348818E-003
  0.581739615680544      -0.116913011698640       1.062574446980331E-002
  0.563495289196039       0.232819545195741       3.261519231623901E-002
  0.468200004672656       0.188515288560405       5.286049383257949E-003
  0.548293459004804      -0.524640274414382       1.841843403699059E-002
  0.397764296342671       0.253217122207071      -9.816978829416777E-003
  0.359607291308496       0.301545388637572       4.510353769409291E-002
  0.317972683394683       0.450334238366962      -1.394039292183602E-002
  0.221686118020039       0.383110118045420      -2.639264056887758E-002
  0.235815567268729       0.434365420440722       4.600582019061127E-002
  0.176015979550944       0.478847513804472       4.429677338932562E-002
  7.877937864382799E-002  0.457394824609843      -2.771720657642612E-002
  3.467855913458124E-002  0.486366802812791       1.706703973172292E-002
  4.352026774262933E-003  0.497051302403794       4.252533829752111E-002
 -9.224045642806118E-002  0.503682330732541       4.712103896655881E-002
 -0.150786325882700       0.489548091723227       4.687956804707068E-002
 -0.229312488032227       0.483516977843483      -1.397649029764554E-002
 -0.235319598082058       0.489487815692387       4.204045358827446E-002
 -0.248720476433024       0.402006181200211       4.716805867947553E-002
 -0.339121653218192       0.387576425143376      -2.322131424058987E-002
 -0.387394341752596       0.357717016556817       1.565120374687719E-002
 -0.382231048305419       0.253867737902183       2.994051354379879E-003
 -0.513276940073427       0.206480884894381       2.857555365441886E-002
 -0.483814177345721       0.162114406318536       8.461410379656255E-003
 -0.520134054515180       0.103100409653269       1.909301384906180E-002
 -0.530642486430936       2.301927335743587E-002  4.743308748084495E-003
 -0.548003959612209      -5.694694701844391E-002  1.191644329735226E-002
 -0.521701312115126      -9.438430515574166E-002  2.041246190454534E-002
 -0.493150494589611      -0.194371045089886       2.413834461559126E-002
 -0.496225702538730      -0.244423761075235       4.119328582770823E-002
 -0.455209126054016      -0.285944497416562       3.041735471460230E-002
 -0.499137285425164      -0.259783028127862       2.128090150155281E-002
 -0.290919395112396      -0.313330948894712       2.100777127841227E-003
 -0.342180773636456      -0.409283260472133       3.819533446172519E-003
  0.635561000760754       0.289418594275240       5.605523258107309E-002
  0.495841770732582       3.251347548924772E-002  7.239292958390593E-002
 -4.191400818262651E-002 -0.498196392372716       2.111684341229130E-002
 -4.044970122417205E-002 -0.539892565953432      -1.101691775264066E-002
  3.736595120050629E-002 -0.546555673199503      -2.200388646224021E-002
  9.807689880125905E-002 -0.500606100220721      -3.453908728175624E-002
  0.172945412297674      -0.494279515724097       4.191630135712484E-002
  0.181225109093170      -0.503079489429085       5.682413287653038E-002
  0.280833592809738      -0.441951758009525      -8.731186189304999E-003
 -8.869106170470593E-002 -0.470592774731042       4.966135376679182E-002
  0.355871781115416      -0.340684374527867       2.751863936702272E-002
  0.448933558436679      -0.237779975275999       1.860831563279416E-002
  0.296629365415953      -7.293072393503131E-002  5.971941084161009E-002
  0.451179479504613      -0.241826656908169       3.642726918272067E-002
  0.476197883812939      -0.146279808413697       2.007950734912605E-002
  0.465452605673639      -9.543561448408699E-002  2.625237763996200E-002
  0.485939958920757      -5.630539067571867E-002  2.886799219743209E-003
  0.523986220352057       1.366258357948018E-002 -0.111896647946628     
  0.419507833074954       0.142786754491323      -5.046928696999106E-003
  0.435613205287681       0.167327534950540       1.040890355685962E-002
  0.452004436835542       0.203990728781387       1.359211747185669E-002
  0.396486687286972       0.266208591405997      -1.945528495720825E-002
  0.373364938440271       0.326828633849315       1.105087932145921E-003
  0.326453087648927       0.357678433394481      -1.051218401131924E-002
  0.276556939531450       0.392929716715136       5.202900096004934E-002
  0.254367866257583       0.415157832789713      -5.588697959104569E-002
  0.219912078062410       0.467748952763401       4.090765849210855E-002
  5.588298843039396E-002  0.459366240003712      -1.471840969333073E-002
 -0.127395425323899       0.742484001552167      -5.001203487529707E-002
  3.151901104593103E-002  0.513604792199361      -8.263246852693537E-002
 -2.837406030671059E-002  0.490096506077603      -5.284469213233268E-002
 -0.118521536700886       0.499728158347357      -5.316390657005842E-003
 -0.228652130872429       0.487039296510295       9.599416332331915E-003
 -0.267352360733334       0.466628596856976      -2.396222783653158E-002
 -0.330967114922193       0.411715827186346       4.593262899067007E-003
 -0.317799710988863       0.417830962368644       9.613788219327118E-002
 -0.443528256312957       0.287144387312863       1.685086226490703E-002
 -0.491413651929506       0.205334939191377       4.787318133069650E-002
 -0.464376675745768       0.232498593635825      -1.955646113604799E-002
 -0.519290116797643       0.193143826030595      -4.205173471374148E-002
 -0.502072101710173       0.103578477366873      -6.075329319700954E-003
 -0.591936466572296       3.504710797231041E-002  2.073569614666421E-002
 -0.528184591632182      -1.510632121792176E-002  1.074248735421237E-002
 -0.548087765920960      -8.791268821078414E-002 -3.144192565335897E-002
 -0.542127080037538      -0.160261270177127       2.122299367865190E-002
 -0.482059571186875      -0.257610048718466      -9.524023481020477E-004
 -0.429706783988150      -0.287941096569984       9.916463586530836E-003
 -0.387070761734693      -0.350738132797635      -2.844927095615882E-002
 -0.399758333076145      -0.379761947976002      -3.629654330073807E-002
 -0.259001956860825      -0.386143608399520      -2.526959341982200E-002
 -0.224696984441144      -0.445083350617543      -4.595242374789218E-002
 -0.269175949084884      -0.468370215525348      -5.987356517710899E-002
 -0.110952196319018      -0.542591755609320      -8.927585760412757E-003
 -6.954967025066888E-002 -0.510204373700746       6.309688244601677E-002
  4.284854562070064E-003 -0.506710993465863       8.897005946978960E-002
  7.689484303176961E-002 -0.515546894198795       0.105297904447346     
  0.122145212586128      -0.462552300549049      -5.998697870282464E-002
 -0.114180471750333      -0.393822715470367       6.532972078017181E-002
  0.182373146866273      -0.343332523163222       1.410115635444810E-002
  0.302678065401220      -0.398706525268445      -5.038030532629247E-002
  0.329257741785838      -0.356674891126203       2.901272391481977E-002
  0.384362624301775      -0.319295595663022       2.787267913405811E-003
  0.457898043626249      -0.240215460179829       5.119795406098888E-002
  0.455987355125517      -0.164668892222664       3.375709480998470E-002
  0.465079975006975      -0.108385645497025       2.308682470165520E-002
  0.546907819436324      -0.100739686880033       8.526053873249699E-002
  0.537265341437542      -3.506329247531571E-002  1.653464593788986E-002
  0.527715654236463       4.030460852243341E-003  7.788386664602957E-002
  0.549560956703176       0.100258959073515       5.505320567741262E-003
  0.465864293892800       0.210272097800941       3.531516647050868E-002
  0.450280147520067       0.207839072048374       5.419045801753227E-002
  0.398642888458254       0.258648201800948      -1.396384355816369E-002
  0.372328319956701       0.337811040111725      -1.696024517491144E-002
  0.347287702620247       0.407731856687955      -2.244709802163743E-002
  0.314074267536268       0.412560109861848      -4.319842975003509E-002
  0.218788402765566       0.383056725503220      -2.547977006451384E-002
  0.214551761989945       0.470237792364972       5.474752430524205E-002
  0.103565049461858       0.464403166413658       6.673962780231873E-003
  5.486359007558680E-002  0.491008304724534      -2.351800948619938E-003
  1.430486444836389E-002  0.486174238656016       1.066337336038653E-002
 -3.029568294193666E-002  0.501087277288011      -6.018231621750911E-002
 -0.164155033576998       0.524972898892962      -0.122622837695061     
 -0.137822759321377       0.508063890109789       6.739972379694940E-002
 -0.270207636719346       0.449863049644903       0.136196712667007     
 -0.322348246339595       0.430709685386748       4.935280279791492E-002
 -0.354578269830434       0.383567322928855       2.513123626986126E-002
 -0.387429708544974       0.338268884363281       3.115478145755581E-002
 -0.431748327437641       0.275312282841930       4.872265066004933E-002
 -0.466397004914303       0.177563652741351       1.763702445799360E-002
 -0.507139121848354       0.158451705369222       7.678991817916318E-003
 -0.501976202808658       0.102463193070097      -4.125759680179216E-002
 -0.497593601387387       6.226633547998157E-002 -2.998858285384073E-002
 -0.513024021044272      -0.206649517981541      -2.511488645026407E-002
 -0.487805056580210      -9.383711492365299E-002 -3.654369676452080E-003
 -0.486618709993390      -0.145537034657097      -4.424255060649397E-002
 -0.485464997852286      -0.230958484456790      -1.517740139012736E-002
 -0.431252449586755      -0.279079340805291       2.386019825225162E-002
 -0.383854301762057      -0.333382531050231       1.628286125287637E-002
 -0.362558947506632      -0.390731505763155       5.889116881289625E-004
 -0.319710217283470      -0.427358505744847      -7.132691051083649E-003
 -0.257117277986607      -0.522091386763027       1.097286146044421E-002
 -0.242455354304554      -0.416694602190473       4.321157597066673E-002
 -0.100055119669873      -0.521562415688886      -0.143355619993404     
 -5.564273697255426E-002 -0.519318153248734       5.449413512467459E-002
  1.422612404716960E-002 -0.518501507081995       7.619235094383329E-003
  4.991135986828887E-002 -0.474392272391563      -4.173514941076763E-002
  0.147034623583957      -0.473571329712613       7.426241936374993E-002
  0.183804369309726      -0.467626430047517      -7.406393252450894E-002
  0.260558253681772      -0.425956250678275      -2.828935273009351E-002
  0.321411728607112      -0.408147411551574      -1.141855746137137E-002
  0.335169105390253      -0.355766828197687       9.661117436626407E-003
  0.359971109086396      -0.341725858873098      -3.361536300690133E-002
  0.446557873699124      -0.284777838942854       5.725187630943760E-002
  0.461383705862640      -0.197503426544472      -2.658444674345224E-002
  0.470588550601445      -0.147005785262877       1.533257472421007E-002
  0.481771550247666      -8.255445418846541E-002  7.640217554124337E-002
  0.487773465194005      -2.374164049856775E-002  3.991126019952819E-002
  0.659274156739121      -1.624523492391866E-002 -1.982139865151020E-002
  0.488166456927715       0.109014308210424       2.316795592969555E-002
  0.403831305822488       0.135273194886220       0.108321825202934     
  0.442396671649826       0.194465452085338       5.671121670965308E-002
  0.403896862980440       0.262909615517431      -2.071235079770834E-002
  0.387260612896708       0.292929937538113       1.685185582820106E-003
  0.343797891639535       0.351503862190320      -4.157895829492407E-002
  0.318195984221790       0.415423258151856       6.895972331352122E-002
  0.245725083020424       0.463133028951256      -5.471662657582864E-002
  0.198797860961916       0.467867227091546       0.245145966422575     
  0.124457391166692       0.475551033751709       7.761466172310008E-002
  4.186578490572120E-002  0.489839031600742      -3.869697552938601E-002
 -5.236884294301978E-003  0.507108465746601      -8.687988553712389E-002
 -3.739600260779841E-002  0.518485748497895       4.522977351233313E-002
 -0.180843958128427       0.526190392922013      -8.014885701452046E-002
 -0.208966119478216       0.493773761418233       1.856794276987968E-002
 -0.189111396438205       0.429561666009648      -1.271864778952956E-003
 -0.298635495830500       0.417948823026138      -8.658862402112028E-003
  0.296714618915805       0.673233597735300       2.668931926751757E-002
 -0.414236770012932       0.322217862956355      -1.121704823761729E-002
 -0.435398801732926       0.267459346539673       3.820086198232777E-002
 -0.472711879724133       0.215225884318854       3.738508439000875E-002
 -0.489193328005025       0.148052757365782      -6.829767660091883E-004
 -0.518213118589527       7.956377632257106E-002 -7.593307391420971E-003
 -0.526098870861100       4.539430165872047E-002  2.005330588825885E-002
 -0.534993830327810      -4.011838585287895E-002  1.755866898408020E-002
 -0.511669530467791      -7.382384074652609E-002 -5.758516932576920E-002
 -0.493310612648012      -0.187378406059385      -4.788615191928416E-002
 -0.472885414938341      -0.233878776212205       1.947355651569638E-002
 -0.440668891325367      -0.271584908904004       7.821203023946920E-003
 -0.400146424388415      -0.350090710023866       7.165936582033886E-002
 -0.359463779364781      -0.409696642076485       3.812461755753075E-002
 -0.306952509343915      -0.415946721856510       4.220090596494987E-002
 -0.250337013385607      -0.459773129575205       5.738560386053116E-002
 -0.198229664651087      -0.482354659964721      -0.110177559993230     
 -0.125259439391303      -0.508239662593294       8.879463644255291E-002
 -4.626054474376026E-002 -0.513654246304758       0.109367445962309     
  2.155412871352249E-002 -0.502287830904292       0.133709073951053     
  5.838737065062791E-002 -0.497819460108936       0.176521097776693     
  0.137116296051456      -0.477451377246328      -0.168927971044909     
  0.181905454214458      -0.457259788707571       0.113762968804465     
  0.262943314710872      -0.421645018015592       4.592801574168517E-002
  0.247288069463558      -0.424560909592635      -7.814373684382003E-002
  0.340212965688193      -0.362512631986208      -3.892070226491761E-003
  0.395442510974596      -0.324331165466816      -5.989187241828862E-002
  0.453072265135834      -0.286492353247702      -3.415925144768561E-002
  0.475822727505253      -6.530135315850313E-002  2.105731073990141E-002
  0.473699613150900      -0.132640027524481       2.236720737565442E-002
  0.490247358592204      -8.379336564828843E-002 -4.157819306055421E-002
  0.490651262598521      -2.760918691626438E-002  2.069975963773896E-002
