   5.89996555568188       0.958776964323085      -1.734627648125063E-003
   1.45821510885807        2.47220609533193      -5.197037161519948E-003
 -2.729969822690940E-002  -2.37281276063221      -8.638936343541181E-003
 -0.235240328657881       0.681700535103059      -1.204674159056645E-002
 -0.349765093845296       0.691751070430947      -1.540700385216853E-002
   2.21729729895781        1.16107118556401      -1.870646170835662E-002
 -0.823352776943194      -0.263543835719638      -2.193209370635059E-002
 -8.562945031911968E-002  0.105879228992320      -2.507116975030584E-002
   1.09532691000048       -1.97305348276303      -2.811130134118393E-002
   1.29695170835082       -1.85560301440190      -3.104049046850280E-002
 -0.927594309434459       -2.30135981849477      -3.384717696099084E-002
 -0.594747978421415       -2.35063984566324      -3.652028410931908E-002
   1.03753513685234        1.85135986972034      -3.904926238079992E-002
  0.573430587268063       0.227401118182981      -4.142413105357357E-002
   1.82568159821907       -1.60833769486959      -4.363551760596426E-002
   2.02195728078006       -1.63497828000864      -4.567469470553671E-002
   2.07309884452977       -1.58189683238652      -4.753361465188866E-002
   1.98145744899790       -1.72775563407540      -4.920494113725220E-002
   3.08876548086870       -1.74479773763213      -5.068207819954721E-002
   1.54115693114795       -1.74421925048811      -5.195919625362735E-002
   1.79176756855966       -1.71211164521667      -5.303125509799312E-002
   1.97872393449116       -1.50413668132272      -5.389402380616295E-002
   1.96268179339646       -1.54473130731612      -5.454409742420753E-002
   2.04319902958151       -1.44782028140375      -5.497891040854538E-002
   1.92092538107785       -1.59619300215588      -5.519674675097677E-002
   1.27177865464246       -1.51997514852441      -5.519674675097716E-002
   2.14990297174185       -1.59225324986305      -5.497891040854517E-002
 -0.351744869780682       0.741474757108586      -5.454409742420659E-002
 -0.508888884493434       0.749235960295088      -5.389402380616293E-002
   1.73125668647124       -1.64302515760069      -5.303125509799221E-002
   2.28948232160777       -1.35583672548446      -5.195919625362694E-002
 -0.614818765205819       -1.56912973694251      -5.068207819954735E-002
   2.34846113746042       -1.41805309126087      -4.920494113725226E-002
   2.56394335094192      -0.963945433067720      -4.753361465188820E-002
   2.45686274410197      -0.972244089066458      -4.567469470553537E-002
   2.50081092939167      -0.791845239549126      -4.363551760596492E-002
   2.56839805115473      -0.513712962947264      -4.142413105357370E-002
   2.57718299601390      -0.375748202540124      -3.904926238079769E-002
   2.56555815021806      -0.331152652585315      -3.652028410931964E-002
   2.57459666225718      -0.173390837307916      -3.384717696099056E-002
   2.55880494012471       1.579063739718875E-002 -3.104049046850102E-002
   2.48047886003928       0.296542139793225      -2.811130134118601E-002
   2.38532450049091       0.584674817286795      -2.507116975030496E-002
   2.26948006059672       0.832186766386175      -2.193209370635044E-002
   2.11929070529337        1.04910233910881      -1.870646170835490E-002
   1.93211738456802        1.36833815015525      -1.540700385216899E-002
   1.77043457982530        1.59811683921938      -1.204674159056685E-002
   1.53259181676812        1.74726895979076      -8.638936343539700E-003
   1.27042153429887        2.03442283789513      -5.197037161521061E-003
  0.774002215382885        2.24283461043945      -1.734627648123958E-003
   1.28866471121453        2.00323325429366       1.734627648124724E-003
  0.948222573916948        2.19386297189446       5.197037161519825E-003
  0.635458062597490        2.30426737985751       8.638936343539901E-003
  0.405594744941326        2.38993053038853       1.204674159056654E-002
  9.234197728230965E-002   2.48244526479964       1.540700385216877E-002
   2.53294555353392       0.134095747928720       1.870646170835571E-002
  0.314790806700057        2.46650427666977       2.193209370634982E-002
 -4.206135754451507E-002   2.55071790516194       2.507116975030616E-002
 -0.337316769779725        2.57153569602072       2.811130134118333E-002
  -2.03951384411593       0.478137670181534       3.104049046850168E-002
 -0.447592813769297        2.61711716838204       3.384717696099140E-002
 -0.571372399161376        2.63566353245611       3.652028410931932E-002
 -0.640720682933460        2.62239710889943       3.904926238079937E-002
 -0.901485520859786        2.64388070335426       4.142413105357282E-002
 -0.922100546311158        2.55421943905377       4.363551760596458E-002
 -0.922125535763816        2.53643062951882       4.567469470553680E-002
 -0.889709465947501        2.63076720620338       4.753361465188756E-002
 -0.318160647779527        2.84196906257105       4.920494113725239E-002
 -0.715161917809425        2.64318180819167       5.068207819954654E-002
 -0.430700969028087        2.65795331014066       5.195919625362664E-002
 -0.582618427745388        2.53443261887142       5.303125509799286E-002
  -1.11547269313526        2.48495374416668       5.389402380616242E-002
  -1.72925032806401        1.86071479104610       5.454409742420645E-002
  -1.00265804458388        2.34646538499370       5.497891040854556E-002
  -1.54445583742590        1.98593046255450       5.519674675097574E-002
  -2.16150207344114        1.07048098866672       5.519674675097615E-002
  -2.15232783851957       0.940626014630434       5.497891040854533E-002
  -1.95563150822416        1.47494193228675       5.454409742420652E-002
  -2.21397024770485       0.458026646438225       5.389402380616218E-002
  -3.02361024752221       2.972128229820016E-002  5.303125509799234E-002
  -2.35333099887097       0.174057994465293       5.195919625362667E-002
  -2.19557517745931       -1.05462453301730       5.068207819954592E-002
  -2.35464689280694       6.101976624736316E-002  4.920494113725303E-002
  -2.29211858834332      -0.183836870695357       4.753361465188821E-002
 -0.964052472499818       0.951646813970954       4.567469470553516E-002
  -2.82567935781163       -1.18855714253091       4.363551760596507E-002
  -3.27870437586193       -1.56534352325047       4.142413105357255E-002
  -2.32380707068500      -3.354655461044161E-002  3.904926238079894E-002
  -2.39096876798693      -0.335825959496834       3.652028410931994E-002
  -2.68343578823246      -6.239171436037626E-002  3.384717696099121E-002
  -2.91343145651116       -1.48972072072826       3.104049046850161E-002
 -0.898902946188876      -0.430858416254119       2.811130134118334E-002
 -3.730375015456935E-002 -0.762502835193988       2.507116975030533E-002
 -0.952737293489080       -2.36084567377276       2.193209370635004E-002
 -0.147562745934497      -0.238985526399566       1.870646170835548E-002
 -0.947855998858641       -2.19209283289868       1.540700385216785E-002
 -0.376261842344273       -3.18757393584479       1.204674159056735E-002
   2.98183491434805       -1.20689229551863       8.638936343538869E-003
   4.03724358024742        6.10776283869518       5.197037161520993E-003
 -0.255353164176409       -2.36753520667610       1.734627648124016E-003
   2.52597796456420        2.28062919707538      -1.105676787253659E-002
   1.42146912976710       -3.33467952756999      -1.707063579860207E-002
 -4.644227076441317E-002  0.742602857171056      -2.291330493711189E-002
  0.250313934711987      -2.782559761497927E-002 -2.856186451021966E-002
 -0.287472541020443       0.700100482088924      -3.409803924084041E-002
  0.218720666203734       0.710610915576044      -3.951404715698426E-002
  0.241763911883113       -2.37806164091865      -4.478061293208820E-002
  0.360427306070154       -2.35635674638130      -4.986866513668745E-002
 -0.207457936118711        1.59566823239569      -5.474985212586354E-002
  0.681133174896722       -2.23489688584349      -5.939454196232346E-002
  0.903617300282851       -2.13294527300146      -6.376899400674796E-002
  0.162305622449207        2.06250724872457      -6.783178175430341E-002
 -0.110660848682743        1.99514007089143      -7.152881104567699E-002
 -0.158142314668235        2.04744996524316      -7.478572918602638E-002
 -0.497208497521216       0.866815686781756      -7.749579229932192E-002
 -0.388278990461366       0.780296478687939      -7.950038830681093E-002
  0.492816487761435        2.34703423176844      -8.055919890072608E-002
   1.08566650153945        2.10825544865610      -8.031037891058228E-002
   2.46045774836034       -1.51351504796696      -7.823508858304114E-002
   2.49167001220470       -1.91846052200926      -7.367141528674327E-002
   2.64533150391379       -1.50992043115345      -6.594407973434827E-002
   1.24857957739433       -1.87371584052477      -5.459646865455640E-002
   2.11492643959383       -1.09629161494311      -3.955536321866519E-002
   2.61974922250275       -1.83549529708973      -2.133273922675491E-002
   2.15358665879702       -1.68852723410753      -2.564617182421989E-003
   2.24804902790701       -1.48012550530976       6.206009384876678E-003
   2.03439408859563       -1.45549281598699      -8.860310886921003E-003
   2.28586308572771       -1.46169731939222      -3.614653525331914E-002
   2.36536753216991       -1.24595114927001      -5.102643987470703E-002
   2.52333316591019       -1.04772060265032      -4.966302115174536E-002
   2.41329331672417      -0.983192293336594       2.671342912805171E-003
   2.41541251729068      -0.987940012937668       2.249307378218843E-002
   2.40420502900159       -1.01909255338313      -1.676845391673088E-003
   2.41450619177236      -0.959600037165368      -2.161795119140011E-002
   2.48681346854149      -0.672165852855762      -4.587607766648094E-002
   2.56421610783353      -0.430541720766680      -4.190122614034833E-002
   2.55885479206370      -0.194358148445798       2.999118140458312E-003
   2.56256988179172      -0.371963428271650      -1.153216646146647E-003
   2.56938910929845      -0.273237789686485      -3.009301484235709E-002
   2.55826085989807      -0.164350112378722      -3.044227393583260E-002
   2.50663863495273       0.166309193507638      -4.568873387168776E-002
   2.42715278136939       0.420833902393520      -4.511272355445944E-002
   2.33529391661087       0.668093615216387      -4.458821179987642E-002
   2.21682458699469       0.887285783447638      -4.251122728900155E-002
   2.12172584953069        1.09729293043308      -4.095606528793532E-002
   1.98019163322931        1.35295159580325      -3.916433909448133E-002
   1.83020736684953        1.53897650624548      -3.716955829656953E-002
   1.69670710931226        1.66250460571209      -3.482203283894791E-002
   1.47658024265461        1.88279052083075      -3.205511822725607E-002
   1.33077758427861        2.00202630192314      -2.916417795619979E-002
   1.19859120663324        2.06476323535258      -2.636827199051418E-002
   1.03705057359958        2.16321940959352      -2.343260396078472E-002
  0.890114996698094        2.23345140733186      -2.039800114148002E-002
  0.773506023429801        2.32019703280460      -1.751782248768378E-002
  0.627220963396892        2.40566940358072      -1.468813520472184E-002
   2.27997575858543       -1.07959389844037      -1.192021847432303E-002
  0.444345023585326        2.50510404286833      -9.235684195290507E-003
  0.316606182152574        2.56784133436560      -6.657080772259035E-003
  0.199440732219300        2.63537578515009      -4.205964695228971E-003
  1.972417580048504E-002   2.69303618431385      -1.904290879616063E-003
 -0.164889545934743        2.71999827616188       2.237297382549920E-004
  -1.42238991758980        2.12141202416921       2.149787293994403E-003
 -0.118068844122119        2.79369933359940       3.839702254993439E-003
 -0.221875452001376        2.82991566500959       5.251693394340206E-003
 -0.310961001758430        2.82285963209739       6.334630201079059E-003
 -0.644367971777974        2.74271548715307       7.026009722271936E-003
  0.164374071082997      -0.251911035518863       7.248465803384528E-003
   2.62632095235643       0.359285756593277       6.900703273276023E-003
 -0.200047260795745        2.51875181998253       5.831931676752469E-003
  0.246474392129218      -0.249074129032240       3.779453323628469E-003
   2.44564581648870       0.839527162885011       2.558063494262697E-004
 -0.905215626976708      -0.224560528164048      -5.559691552261282E-003
  -2.94860790951042       0.189975638031670      -1.473109372051658E-002
 -0.837317298896543      -7.117503209837382E-002 -2.793844048802607E-002
  -3.03071966626238       1.157398731764337E-003 -4.356789192769454E-002
  -3.06811528626126      -9.307672348846938E-002 -5.282744614951410E-002
  -3.11888658060292       0.710534677566056      -3.487617924537492E-002
  -1.76476050280615        1.81080787249682      -2.656446330121522E-003
  -2.98378951109917      -0.256589648985336       1.080457924238259E-002
  -3.06392875827069      -0.605715758526754       4.657309642985128E-003
  -3.07424119382371      -0.558389298938350      -3.244428414331505E-002
  -2.18049012858567       0.790583799095605      -4.305819544213593E-002
  -2.36571441467282       1.914550619810142E-002 -2.300920225313754E-002
  -3.19820898032323       -1.34001015137411       1.036062948145292E-002
  -3.11870128143567       -1.11158874729251       1.282808781530409E-002
  -1.10764874009597       -1.69481219431926       3.364120617090786E-002
  -3.26435184883414       -1.56764756975821      -3.859071026428029E-002
  -3.23057144729712       -1.61265488862920      -1.548191355251029E-002
  -3.12485598901260       -1.44990413273549       4.939104020838270E-003
  -3.07039815425247       -1.61009280895424       2.710410459002234E-002
 -0.168794532216769      -0.662779742600224       2.827799635423212E-002
  -1.07325112079995        1.95771111577025       3.245659518260668E-002
 -0.300381661235531      -0.115416218811286       2.855734197634802E-002
  0.708645958966590       -1.21402641811703       2.503011289256693E-002
  0.146372691690067      -0.520742711040920       2.034066252896341E-002
 -0.193577329660884       -2.65106881579582       1.565189774269444E-002
   2.91307397020217       -1.32211336836031       1.068383825751206E-002
   3.25121678763575      -0.779459988386904       5.363942139613644E-003
  0.696952306545547      -0.773079597167245      -5.708214170533779E-004
   3.52580925036839        1.19922475101279      -5.795618435577734E-003
   2.83733811126187       -1.37885856075222      -8.260732610962150E-002
  0.456988156958731       -3.61002301241990      -9.440764797538276E-002
   3.48976866363974       0.323333818644556      -0.105815052331113     
   3.48239756543858        1.25132254134528      -0.116730565006446     
   3.14280121876352        2.16173782151170      -0.126536124901200     
   4.16165384484247        4.18865841175058      -0.134572295796314     
   3.30545728013845        1.27481013368761      -0.141832326257409     
   3.10255108700806        1.98383843185908      -0.149138276874670     
   2.64631702921029        4.38383248364151      -0.156757789933764     
   1.75448915573118        4.45641080557363      -0.165745892030117     
  0.714475373490257        3.98969424417703      -0.176766042411961     
 -0.290117490020937        2.21186120974434      -0.189605687084956     
 -0.655042803114188        2.48611618195268      -0.203731781275641     
  -1.11941281622170        1.61145893427824      -0.218241706408557     
  -1.12631619462795        1.32653514961791      -0.232811284686538     
  0.673983947073577        2.76969747086927      -0.262978650548321     
  0.996239154442834        2.69357879326225      -0.229239137430046     
  0.581650636314765        4.98488550804812      -0.163887199900039     
   2.29792773630663       -1.63746249860545      -0.165540462304731     
  5.854317769120100E-002  0.408656002792605      -2.768086660281440E-003
  0.877477071627138        1.28985488224664      -4.318373655432709E-002
   2.13845783437906       -1.29883643272365       4.923727637918917E-004
   2.09659138032946       -1.51687067742282       3.208507056770249E-002
   1.92873762961591       -1.74375522242702       7.288552514546791E-002
   1.98789156318107       -1.63479032097994       4.322431871481063E-002
   3.65011444830112       0.883732584805452       8.491968319007318E-003
   2.76283398208833       -1.40359118954861      -8.550678969314543E-002
   2.39042100654640       -1.59418219358060      -3.117160002010465E-002
   2.44380661301289       -1.41062795416338      -5.723047820284344E-002
   3.06412595221278       -1.99861296641692      -2.174064953304565E-002
 -0.398262291825918       0.795210383973032      -2.774558228627320E-002
 -0.406979779362016       0.874514759263759      -6.516849264314287E-002
 -0.150372922284311       0.766790304173039      -8.535335932660128E-002
   2.98775290235187        1.71280220622749      -9.325355618520900E-002
  3.340508381284794E-002  0.178130901802569      -8.628290409405541E-002
  -1.25071589093194       0.750462322876609      -0.105709709386406     
   2.56239525455462        1.84293062963976      -0.103797740402314     
 -0.908109864353886       0.282716879532592      -9.623876502260365E-002
 -0.325269378016168       0.407273016950477      -0.122978518413603     
   2.06530190099126        1.94357678028665      -0.142498833866408     
   1.54530796402991        1.74360465697038      -0.147404719481828     
   1.73727797813018        1.32492654036918      -0.147063031560723     
   2.02385234438448        1.09205553647139      -0.143590659915288     
   2.06965906083667        1.14731807469865      -0.137308935311985     
   2.02314643411253        1.28720064875952      -0.129016054573538     
   1.93213297597721        1.44867935547976      -0.119904397727639     
   1.84512527970546        1.57620823078325      -0.110785148078678     
   1.72798130977068        1.70866580054679      -0.101822822401280     
   1.56700255010623        1.84035343064593      -9.303840729502212E-002
   1.44725286728966        1.94169263530016      -8.446989529718348E-002
   1.29089245994045        2.09658841132093      -7.633242898852696E-002
   1.20754666475661        2.15913856579368      -6.879594986602343E-002
   1.12206607331984        2.23107686577316      -6.210194539971842E-002
   1.02135929564126        2.32146614749301      -5.656624162103663E-002
  0.916911845108833        2.41300600152589      -5.139704547673452E-002
  0.812883389488306        2.50139455958353      -4.455162696825013E-002
  0.676754171075034        2.58431595297167      -3.959035272094263E-002
  0.560710138384517        2.66311178862166      -3.566388355698108E-002
  0.413693241096093        2.73086298627465      -3.052419454674181E-002
  0.425513619108241        2.80257002896080      -2.318403805425015E-002
  0.296983349528775        2.89550511492346      -1.365539120259734E-002
  0.127514281487329        2.86683611937792      -3.514353378916048E-003
  2.803664205083058E-002   2.90577207995750       5.888626738377181E-003
  7.647414030428884E-002   2.92872586150058       1.487767212553010E-002
  0.208420146081055        2.91896222647142       2.648507945063773E-002
  0.172876276147622      -0.379174952360727       4.842822404061267E-002
 -0.628550102996737       0.363946982981998       1.832109020028575E-002
  0.192412292961718      -0.343992120641355      -3.829236218744320E-002
  -2.62010020796417        2.00013808761303      -7.276921542067086E-002
   2.65715666853536        1.60604084101189      -0.123554216454082     
   2.43405152343869        1.79179423164555      -0.155696853067133     
   1.31194950455701        2.16440695433579      -0.138279404125166     
   1.19228644105307        2.11740674159224      -0.189254777275994     
 -0.691650385580949       0.315187528692296      -0.179261751395697     
 -0.829951259181910       0.110931281757690      -0.192992628130501     
 -0.794267708477317      -9.680462138182266E-002 -0.211083704567851     
  -1.89206563867945        1.19223554916229      -0.132148133965824     
 -0.596980729463116      -0.242880403030812      -8.677108618904388E-002
  -3.18999463102098      -0.678766567239334      -7.521207721406160E-002
  -2.44433083261314      -0.524148379267561      -9.331194152154711E-002
 -0.443157346198670      -6.133256324200836E-002 -7.081440816113752E-002
  -2.92001512565685        1.06272281902601      -0.107209632791543     
  -1.37776004942409       -1.59853514390771      -5.293277692869399E-002
  -3.13536246699969       -1.17572285758308      -7.267275198207095E-002
  -3.11390820735222       -1.01442176282208      -3.908668673783152E-002
  -3.17714181102244       -1.12227668533102      -2.991195898912131E-002
  -3.18620237448575       -1.54706769475437      -1.838683676699901E-002
  -3.31756590996540       -1.71213857590429      -2.350635109100873E-002
  -3.25194675933091       -1.61489304968852      -2.619908220825761E-002
  -1.01756833139735       -1.99602419906820       4.424003344180502E-002
 -0.212751633468414      -7.012793005022117E-002  2.370135614382189E-002
  3.510502750685311E-002 -0.607144690001245       1.939723594120127E-002
 -0.281631403521363       2.737169203489351E-003  1.308518831172723E-002
 -0.233745958392263      -8.164869068758138E-002  4.370730026272447E-003
 -0.848844856670219       -2.24213946985620      -7.040112721266926E-003
  0.901970970081679      -0.947261829504605      -1.951919051424824E-002
  0.292208375476774      -0.397683513553392      -3.217719114913834E-002
  0.442605220149913      -0.569872016546860      -4.500668510842333E-002
 -0.473507983095659       -2.52738894841569      -5.772201850146427E-002
  0.631217017755026      -0.685338460810193      -7.035706968137824E-002
  -2.15625352493528       -3.52274055718958      -0.484321149201060     
  6.212665282209651E-002 -0.650537729342067      -0.503610228262256     
 -0.534172263721364      -0.720982101509266      -0.520301807656705     
 -0.722149073012679      -0.242664670234338      -0.534244763486843     
  0.294684443296396      -0.873723217929276      -0.546657852739562     
 -0.135048163041582      -0.179279165147472      -0.558372447461164     
  0.688742134207592       -1.04102134000107      -0.568145236324164     
  7.427139090147263E-002 -0.370578963303435      -0.575864110262142     
  0.256447227312341      -0.489684206241998      -0.581176663634576     
  0.299721170289475      -0.572240796264117      -0.579808663843705     
  0.467949300713690      -0.609045200546407      -0.564978052311849     
   2.24824623464569       -1.27389471202775      -0.529817515958674     
  0.656435159541311      -0.544890069114397      -0.489025360981343     
  0.625244571997412      -0.154748512695442      -0.422063489464910     
  0.705901447030026      -0.405918788289129      -0.421177557733968     
   1.76534318469436       -1.21968165889647      -0.361416272691224     
   1.00903790829741       -2.79681375759130      -0.303168515344955     
   1.02551445321912       -2.66676234910441      -0.270980750400672     
   1.12688639887733       -2.56488657866906      -0.253993267844273     
   1.35497858632369       -2.61901296834967      -0.230694440605837     
   1.21895461093036       -2.60587351991878      -8.400915791619164E-002
   1.22390945315270       -2.72498947269587      -0.174213068133419     
   1.87894991357567       -2.85421811372476      -0.218600847442557     
   2.48145300213052       -3.33814130934392      -0.254793930122409     
  -1.41687180848838       -3.50168965628727      -0.197405671096837     
 -5.117266379396187E-002 -0.464787122178458      -0.240988972154739     
 -0.117817084555699      -0.392352531376212      -0.311571761592685     
  3.842987912947612E-003 -0.153732233479637      -0.347710706605300     
  2.738995827145842E-002 -7.534899069847521E-002 -0.367206326425861     
  9.242976578564005E-002 -2.731477210176733E-003 -0.386868399814185     
  0.116612682848357        1.20843525702118      -0.484167617974576     
 -4.141565008210261E-002 -0.646104599959764      -0.265290233828189     
 -5.500664911168514E-003 -0.311239218703932      -0.337607381101462     
 -0.182047145391338      -9.489993048589486E-002 -0.361945497561306     
 -0.314468432734599      -1.281665112389489E-002 -0.390617523455105     
 -0.300295367934796       8.588944902144070E-002 -0.477994289814760     
 -0.273863647750917       5.519652672007747E-002 -0.498980907179806     
 -0.238312422738437       7.920517071216147E-002 -0.481695690148507     
 -0.236708122830611       0.148952995656824      -0.488934603563071     
 -0.267382584407611       0.436662519310943      -0.474441375118998     
  8.466975433441143E-002  0.655165154853919      -0.449442247054292     
  0.349472840896837       0.559799808716106      -0.422198183037774     
  0.418286814176483       0.243883050605750      -0.397116795717271     
  0.440360353583253       0.218202053174104      -0.374860557154451     
  0.519956238387794       0.319663548537880      -0.362803158360864     
  0.665799076748549       0.400325671759554      -0.357939816234002     
  0.755076841811261       0.456416923815988      -0.346640366452427     
  0.723780787121005       0.483461574948383      -0.329447486940215     
  0.479823977356977       0.542086809068412      -0.311486012980690     
  0.224943840623440       0.568013704280093      -0.294739223233706     
  0.347364989508130       0.555091151787943      -0.279336787370046     
  0.505244085200047       0.444817874231090      -0.265302211858805     
  0.616040294374844       0.365529224105928      -0.252902565399706     
  0.698153357453683       0.275580167478575      -0.242614959591161     
  0.682694156323677       0.184636299428764      -0.235361411233138     
  0.786642872364608       0.108577977220790      -0.231439346730002     
   1.80196481486024      -0.721010084926779      -0.228698742276926     
  0.990410195861776      -1.901164756636322E-002 -0.230941129750246     
   1.14823371859880      -0.102572434253889      -0.239208711067139     
   1.74528114090932      -2.237963379818290E-003 -0.254026087694789     
   1.06074541266571      -0.429438374680007      -0.272014225690512     
   1.04850896721387      -0.578550114986508      -0.308603256580074     
  0.745759617632513       7.383610687987565E-003 -0.382774671595795     
   1.44939856498539       -1.05679144389617      -0.358739511688164     
  0.351946109918240      -0.354209442720509      -0.407166876384910     
  0.398732885544252      -0.386109023276391      -0.502968731483046     
  0.463109148367577      -0.340409547494233      -0.528889924616141     
   1.92381470579304       -1.00437856376209      -0.523930828352961     
  0.271487693893478      -6.616262853358140E-002 -0.546929564664485     
  0.291065013928777       9.430473833220925E-002 -0.581465629350419     
  0.190044235979604       0.163618990428704      -0.552872991517760     
  0.259343794349343       1.008859413716189E-002 -0.534602453222913     
  0.269837752423708      -5.327469831199140E-002 -0.526212819738132     
  0.117711468883165       6.496038667037872E-002 -0.541896524487787     
 -1.098710626071412E-002  0.219982594075091      -0.445117113465259     
 -0.131099528345747      -5.464589019496247E-002 -0.483428862527784     
  2.998552301585291E-004  0.151144070200009      -0.281658571647089     
  0.119644858212289      -0.134153738944847      -0.395274924687154     
   2.59114634165435       0.654814071769393      -0.422869941103098     
   2.51280872391792       0.649052505484465      -0.407558641778267     
 -0.205445342360841      -0.350210030064691      -0.377425779811502     
 -0.252876855638120      -0.223515250182692      -0.372394451236076     
 -0.510643493188309      -0.431016081545197      -0.313122649399134     
  -2.10885706045307        3.13546819166758      -0.285369308330921     
  -2.03152291841081        2.31860330514072      -0.351447199695094     
  -2.09398514236659        1.58912352051565      -0.280600557857310     
  -2.17625642366916       0.805478345940031      -0.183445311738224     
  -2.46808797009783       0.447607961488384      -0.146384909481486     
  -2.55710546477105       1.052845706752998E-002 -0.156632082340782     
  -2.58625141249207      -5.131816403842308E-002 -0.190768916296797     
  -2.60890871410283      -0.140640228679354      -0.231113225145725     
  -2.65422011322946      -0.230732883049094      -0.271144698515562     
  -2.66275281401921      -0.319882200379850      -0.306290680086781     
  -2.71111242821355      -0.308243509256846      -0.338732235680388     
  -2.43773660889767      -0.536159752542782      -0.359775940932114     
  -2.48870103452795      -0.831744557255715      -0.369639949313375     
  -2.16159588679788       -1.13276371084774      -0.389591696303690     
  -2.80636367265472       -1.81768250770100      -0.414665754570681     
  -2.27962972907468       -2.15228341472867      -0.439747419496588     
  -1.52669131934999       -2.39155706835251      -0.462976115859752     
  0.871135941372935       -1.71487477309715       -1.43474730121831     
  0.511082555292123       -1.68900409925344       -1.59099131061954     
  0.381251972712486       -1.67064450789020       -1.38623005550538     
  0.279474751812235       -1.67013985583795       -1.28787544151952     
  0.228871650068664       -1.68491342745129       -1.31141985767530     
  0.181556758059905       -1.71948669378914       -1.27769559567249     
  0.111745550278221       -1.82340844914309       -1.25728546636947     
  0.237699988732855       -1.96615913332416       -1.42961597524026     
  0.309725693857091       -1.93924239289866       -1.65733954484104     
  0.286206917230626       -1.92197320163949       -1.84350289143375     
  0.278543221132954       -1.98275447323800       -2.16422677790769     
  0.356505590141082       -1.99832737448444       -2.54852504703877     
  0.443592992024727       -1.99943344420604       -2.47259717914449     
  0.535987561369987       -1.98448318523222       -2.39049568250503     
  0.613533157296153       -1.98147224052652       -2.30616927949175     
  0.735466702027962       -1.92586203866478       -2.34562751943030     
  0.762276520947991       -2.05155764319381       -1.80370614204002     
  0.873811511715201       -2.03339167569084       -2.95577045199625     
  0.985031912809159       -1.99607510077660       -2.76537548665536     
   1.09090321508488       -1.95784843173384       -2.67189337894426     
   1.21401420800652       -1.86773804882571       -2.87878353946799     
   1.32185743752924       -1.79679860553026       -2.81371154950963     
   1.41842799238641       -1.69792247966531       -2.77966211611373     
   1.51311172495053       -1.48537278258773       -2.85031752848766     
   1.59647968684731       -1.34512085101981       -2.46206210835983     
   1.67363376563788       -1.23365775470734       -2.31916365692192     
   1.73549333526214       -1.11856857281692       -2.24328022565975     
   1.78419176246526       -1.00278176789650       -2.15339960527533     
   1.82260312056532      -0.882266059757847       -2.05532724365334     
   1.85258993839518      -0.754815984426991       -1.96675777009862     
   1.88224646342596      -0.648827664206445       -1.85136811357485     
   1.90799796363609      -0.552077508179135       -1.75517422936384     
   1.93272035516269      -0.475336281801677       -1.71570156440262     
   2.01003854926484      -0.715080720687170       -1.67435443505814     
   1.75985284966098      -5.685361992484278E-002  -1.53711570973258     
   1.79754918596142      -0.114480210230726       -1.26391880067476     
   1.86595041328061      -4.293804739408218E-002  -1.12518060054454     
   1.99171661815594      -1.534864449283150E-002  -1.29268873735198     
   2.09460069548580       5.537997127897686E-002  -1.56233209289764     
   2.17950504580136       0.143570132114664       -1.78978933698514     
   2.24618939368121       0.244295064556621       -1.96925649397767     
   2.29452884987512       0.355417982201598       -2.11721546516212     
   2.31786741706826       0.477761817390753       -2.25925416553150     
   2.31675028111332       0.606230614386432       -2.36450535912702     
   2.29019938388840       0.736098337898612       -2.37093735288810     
   2.26019640090496       0.846701902907678       -2.35112775767741     
   2.25181512821757       0.953357642109942       -2.26131875163861     
   2.25424633454100        1.08436000070925       -2.36702587367742     
   2.21164133151999        1.21980005690185       -2.41642987874888     
   2.15701829622381        1.34851458856249       -2.57684129189734     
   2.07790233723926        1.46599623239878       -2.66427472076200     
   2.03471143708622        1.58194660920246       -2.59894115191645     
   1.92178916840175        1.69299502784240       -2.79282848321404     
   1.80602441651701        1.78600975962141       -2.89571816522708     
   1.67414817078417        1.86464843674409       -2.88525294069397     
   1.52265131636344        1.92339582514344       -2.88038440686316     
   1.33101938900488        1.94613807099863       -2.92866121503346     
   1.17033921779291        1.95958499289423       -2.66504147859473     
  0.992374969396296        1.93951213544701       -2.42627606878397     
  0.838844553758854        1.90766889190587       -2.17414522602230     
  0.726556769649329        1.88940649123621       -1.91184310718855     
  0.638716411343365        1.90274566571934       -1.77581397893864     
  0.534737781662161        1.92404550707408       -1.80435998437905     
  0.422818381413283        1.93920496625028       -1.85464132655480     
  0.302568256554935        1.94153366232066       -1.93500329213385     
  0.144072341551586        1.87170270725563       -2.04948279001277     
  4.007154442338055E-002   1.76971416134085       -1.71700451339673     
  1.865595046335521E-002   1.78923216041101       -1.36315819670059     
 -6.677693381279547E-002   1.78169809030264       -1.46767848746735     
 -0.156276630491706        1.74808647990981       -1.52688091081828     
 -0.218558880921661        1.74542538324413       -1.41481682172779     
 -0.284734554127960        1.77755446399755       -1.36532918168833     
 -0.383371927062473        1.79296658500374       -1.49512342920063     
 -0.480853347583249        1.73719460208356       -1.66726594275994     
 -0.533851006488903        1.71664024165908       -1.64079454515834     
 -0.595518109495230        1.71702311136662       -1.63319325988529     
 -0.677398833268786        1.72018474408461       -1.70129972398019     
 -0.772107914296937        1.71810516810968       -1.82247477460724     
 -0.869589149213404        1.70037887114089       -1.97734970737630     
 -0.959327324658787        1.67993329226080       -2.09289083933740     
  -1.03416547636620        1.66060769336368       -2.19965203937222     
  -1.08729794716449        1.62757756011604       -2.31008481330977     
  -1.10189839635443        1.55806530479060       -2.40356363104285     
  -1.17318094287615        1.43369253475356       -2.50773131623346     
  -1.29285958511159        1.34651366791613       -2.68700151099121     
  -1.36016491598027        1.23492853750296       -2.97804700346484     
  -1.37667383589803        1.12445603589437       -3.20310548649000     
  -1.39704080848335       0.709361135607703       -2.88401752674587     
  -1.08936892397313       0.730670685194373       -2.62236850420959     
  -1.03920327709931       0.636937573369561       -2.47783725062593     
 -0.972673893389889       0.517927580709018       -2.34170618361878     
 -0.915886783785672       0.402858161988709       -2.21162719601135     
 -0.864667993269547       0.311815222380962       -2.08410618263655     
 -0.811090445619947       0.233525863717526       -2.00794092594679     
 -0.749692883201080       0.163383246091765       -1.94795263167579     
 -0.710782351932943       0.103303582633716       -1.93491175869525     
 -0.470192906352263       8.091993536310403E-003  -2.48815665240410     
 -0.349640048247307      -4.879701470677192E-002  -1.86121026951287     
 -6.834044237852079E-002 -0.102315160067995       -1.90833151092348     
  0.395732393578131      -0.108352588479832       -1.83545719175223     
  0.509501747710725       1.601173747310963E-002 -0.158084701968635     
  0.507490977081718       4.797202140658954E-002 -0.610516736225824     
  0.503477371416743       7.974298168790953E-002 -0.873891840109703     
  0.497476770583717       0.111199232851610       -1.03865388456566     
  0.489512856212716       0.142216631445343       -1.16870836451380     
  0.479617058235394       0.172672765967359       -1.30312349778382     
  0.467828430845408       0.202447439968785       -1.46058846395256     
  0.454193498369354       0.231423146414092       -1.86833758365113     
  0.438766071656509       0.259485531427682       -1.74387885136356     
  0.421607035711986       0.286523845596389       -1.47488198346538     
  0.402784109411441       0.312431381046820       -1.40905894044168     
  0.382371578245605       0.337105892572581       -1.37961831892618     
  0.360450001149390       0.360450001149390       -1.36395816078932     
  0.337105892572581       0.382371578245605       -1.34923017318673     
  0.312431381046821       0.402784109411441       -1.33168148384969     
  0.286523845596389       0.421607035711986       -1.31257497534375     
  0.259485531427682       0.438766071656509       -1.29642659574551     
  0.231423146414092       0.454193498369355       -1.28520765672296     
  0.202447439968786       0.467828430845408       -1.27609101060016     
  0.172672765967359       0.479617058235394       -1.26672346490574     
  0.142216631445343       0.489512856212716       -1.25521626649215     
  0.111199232851610       0.497476770583717       -1.23397197728196     
  7.974298168790961E-002  0.503477371416743       -1.19452952322430     
  4.797202140658965E-002  0.507490977081718       -1.17946696149022     
  1.601173747310968E-002  0.509501747710725       -1.20842252451645     
 -1.601173747310962E-002  0.509501747710725       -1.23347435175214     
 -4.797202140658953E-002  0.507490977081718       -1.23988391922128     
 -7.974298168790950E-002  0.503477371416743       -1.23971233305238     
 -0.111199232851610       0.497476770583717       -1.23944174012071     
 -0.142216631445343       0.489512856212716       -1.23924566528720     
 -0.172672765967359       0.479617058235394       -1.23514443598813     
 -0.202447439968785       0.467828430845408       -1.21997628103425     
 -0.231423146414092       0.454193498369354       -1.20880061113588     
 -0.259485531427682       0.438766071656509      -0.963270106116057     
 -0.286523845596389       0.421607035711986       -1.16597515677150     
 -0.312431381046820       0.402784109411441       -1.13368656981275     
 -0.337105892572581       0.382371578245605       -1.01462243151973     
 -0.360450001149390       0.360450001149391       -1.03476514302537     
 -0.382371578245605       0.337105892572581       -1.20038905135616     
 -0.402784109411441       0.312431381046821       -1.22316102027785     
 -0.421607035711986       0.286523845596389       -1.21192418097747     
 -0.438766071656509       0.259485531427682       -1.19096206804393     
 -0.454193498369354       0.231423146414092       -1.15812652704567     
 -0.467828430845407       0.202447439968786       -1.11871233632505     
 -0.479617058235394       0.172672765967359       -1.09316146813404     
 -0.489512856212716       0.142216631445343       -1.12117815592464     
 -0.497476770583717       0.111199232851610       -1.24729682582952     
 -0.503477371416743       7.974298168790957E-002  -1.50784691443825     
 -0.507490977081718       4.797202140658968E-002  -1.95112605711559     
 -0.509501747710725       1.601173747310971E-002  -2.66348453222193     
 -0.509501747710725      -1.601173747310959E-002  -2.40390757751968     
 -0.507490977081718      -4.797202140658954E-002  -1.99309387637328     
 -0.503477371416743      -7.974298168790959E-002  -1.78576611322818     
 -0.497476770583717      -0.111199232851610       -1.65483972717346     
 -0.489512856212716      -0.142216631445343       -1.54870597313856     
 -0.479617058235394      -0.172672765967359       -1.43599576585583     
 -0.467828430845408      -0.202447439968785       -1.18721618184933     
 -0.454193498369354      -0.231423146414092       -1.01958060542178     
 -0.438766071656509      -0.259485531427682       -1.12419265272349     
 -0.421607035711986      -0.286523845596389       -1.29231694903555     
 -0.402784109411441      -0.312431381046820       -1.40040124721771     
 -0.382371578245605      -0.337105892572581       -1.43831261293927     
 -0.360450001149391      -0.360450001149390       -1.46000141032801     
 -0.337105892572581      -0.382371578245605       -1.47565547021840     
 -0.312431381046820      -0.402784109411441       -1.48931877907716     
 -0.286523845596389      -0.421607035711986       -1.50116384356706     
 -0.259485531427682      -0.438766071656509       -1.50808207301589     
 -0.231423146414092      -0.454193498369355       -1.50783942971346     
 -0.202447439968785      -0.467828430845408       -1.50402507375116     
 -0.172672765967359      -0.479617058235394       -1.50107950359500     
 -0.142216631445343      -0.489512856212716       -1.49902824610988     
 -0.111199232851610      -0.497476770583717       -1.50050816955333     
 -7.974298168790959E-002 -0.503477371416743       -1.51946384348512     
 -4.797202140658959E-002 -0.507490977081718       -1.52398137335278     
 -1.601173747310963E-002 -0.509501747710725       -1.45642722160259     
  1.601173747310945E-002 -0.509501747710725       -1.41413909146677     
  4.797202140658939E-002 -0.507490977081718       -1.38935969974836     
  7.974298168790946E-002 -0.503477371416743       -1.37183339120650     
  0.111199232851610      -0.497476770583717       -1.35407181231826     
  0.142216631445343      -0.489512856212716       -1.33034284229481     
  0.172672765967359      -0.479617058235394       -1.29517811708673     
  0.202447439968785      -0.467828430845408       -1.24694301081443     
  0.231423146414092      -0.454193498369355       -1.20787850873113     
  0.259485531427682      -0.438766071656509       -1.13349899670630     
  0.286523845596389      -0.421607035711986       -1.13894199206485     
  0.312431381046820      -0.402784109411441       -1.23447832727041     
  0.337105892572581      -0.382371578245605       -1.23843204298008     
  0.360450001149390      -0.360450001149391       -1.27267061103657     
  0.382371578245605      -0.337105892572581       -1.15446084157653     
  0.402784109411441      -0.312431381046821       -1.13953449065708     
  0.421607035711986      -0.286523845596389       -1.15714858001046     
  0.438766071656509      -0.259485531427682       -1.19652299722547     
  0.454193498369354      -0.231423146414093       -1.23930491564797     
  0.467828430845408      -0.202447439968786       -1.28093924750052     
  0.479617058235394      -0.172672765967359       -1.30864416280376     
  0.489512856212716      -0.142216631445343       -1.28716473865968     
  0.497476770583717      -0.111199232851610       -1.17162623207258     
  0.503477371416743      -7.974298168790962E-002 -0.930242634101273     
  0.507490977081718      -4.797202140658962E-002 -0.481740504314774     
  0.509501747710725      -1.601173747310960E-002 -3.112307329157157E-002
