   1.62984696868332      -6.506366708510923E-002 -0.101115865443728     
  0.612453863455695        3.90160192446982      -0.822425292909746     
  -1.89293799773719       0.240593179101994      -0.374189764316121     
  -1.72077297616178       0.603971812035277       0.344378765388690     
 -0.693515866084025      -0.279797089146782      -3.998655567169977E-003
   2.65364749075915       -1.08637731344020       9.707485014141841E-002
  0.594160413890388        3.86466458747929       0.840427834744423     
   1.89430136288341      -2.858456603116191E-003  0.385457385714635     
  -1.67308683442202      -0.102745002947960      -0.329884515657628     
   2.24808792237925       -1.39635527724102       6.640192392225260E-004
 -0.579091322963742       0.283885193561159      -7.117926623101142E-003
   2.56639902593512       -1.30824080784550       0.122506124623142     
  0.976840891281891        1.03212902256504      -2.291466567351151E-002
 -9.153987190593621E-002  0.563757252101252      -0.147703601956453     
 -0.599617776695310       0.300545417511933       1.592682988006959E-003
 -0.501604258103089      -0.244196872419672       9.114093548512550E-003
  -1.26864318083850      -0.238693263947366      -0.124142644512732     
   1.58891425361296       0.610916700178806      -3.772363553655882E-003
   2.83469836976445      -0.892000455100573       0.148635394277348     
   2.79639896029968       -1.14637849604449      -1.816072649442902E-004
   2.25329975428567       -1.36276956816417      -4.289416849734294E-002
  4.522296806938622E-002  0.661496243639533      -0.682298150675014     
  0.406740888568315      -0.685287162782098      -0.848040330949241     
  0.479828105622690       2.320472470960338E-002  0.303710840409858     
  0.385361567032577       0.624318073759142      -5.385596357565629E-003
 -5.488893453199065E-002  0.806121680912462       7.829552347497787E-002
   1.56934083542159      -0.961020630801406       0.717134390976411     
  0.647122178652964      -0.771443879403648       0.425657567152888     
 -0.256906546288329       0.381552603389358      -0.232665524805369     
   1.55304262684008       -1.23364275591608       2.331962376989946E-003
   2.48463877865656       -1.23078640815993      -9.709411349308690E-002
   1.54513429739621       -1.14378282813620      -0.420037954681102     
   2.14849268885599      -8.269697389271001E-002  0.462405013555629     
  0.876172996305720      -0.458101616818389       0.246118605995517     
  -1.38132213634603      -0.184561438313741       3.348105446584251E-003
  0.976145360243916       0.642801118236342      -2.948834261334844E-002
 -0.806167415405099      -8.197400015178066E-002  0.159423228603229     
 -0.740198841646799       0.530811733284472       0.253959836066454     
  3.657548306686129E-002  -1.29172073382306      -4.732005463124023E-002
 -1.947748453779165E-002 -0.433686463015039      -7.958969424241831E-002
 -0.415898014875090      -9.176193394949944E-002 -1.920329399189159E-002
   1.37337581207315      -0.244054600159296      -0.807157513870964     
   3.03942244595840      -0.717671187996944       -1.17059089801001     
   1.01347815559606       0.822619865558358       0.138680809963404     
  0.923623389034563       0.696388448995541      -6.404776089252102E-003
  0.807506008818146        1.13887880037675       0.101993310967582     
 -0.223518578859191       0.510349635305763       0.615615623551617     
 -0.155796413488153       -1.67432580119952       0.194136009619215     
 -0.643171808024826       0.133091793626537       0.278436526353979     
  0.997268945731538        1.00385089141430       1.935524490193827E-003
   2.20324493709161       -1.37709701277289      -4.866020680091607E-002
   2.03492175821802       0.822925936307586      -0.105022271898516     
  -1.42548594411763       0.255306377328285       0.307035466455917     
   2.56439550981860      -0.968405975996642      -4.438331324921431E-003
   1.82329336411756      -0.416515758584923       7.290671353185216E-002
 -0.275094365802165       0.389258504011689       0.379281909873352     
   1.19672040753421        1.44936993900403       0.125917125280527     
  0.690334236619626       0.735109911439667      -0.591098772031691     
   1.22877438167364       0.243519137459387      -2.936566780761302E-005
 -0.627201583502078       0.802687852383151      -5.746540247472543E-002
  9.919616925142906E-002  0.853051486368849      -0.580762261307634     
  0.291521141906366       0.645549771565735      -0.174783705283233     
 -0.517507549194668       0.799359418191400      -0.242922682173587     
   1.51217106760609      -0.339239107775411      -9.363547103277298E-003
   1.05612508293984       0.545239278368416       9.289862270510575E-003
  -1.69872896898870      -7.008539679085908E-002  0.417780812573271     
  -1.28684333297143       9.352387457309411E-002  0.503700142666753     
  -1.54573457686566       0.724284321189827       0.487098117114293     
   1.76569339881918       0.535664473974218       2.175518030053149E-003
   2.31305399651572       -1.35531697961089       0.120525988342794     
   2.05504040613062       0.183733625381401      -0.894692731803989     
  0.520650562562269       0.690947800956696       0.457934760255286     
  0.855358896856381       0.703623355463621      -6.989702836230400E-004
  0.924184245694681       0.742500689034269       0.144361755076373     
  0.223384200108906        1.54499697660246       0.459610186966378     
   1.01319435544319      -0.338226360976622      -0.355599564335027     
  0.533046242184342        1.47334975511160      -0.822615191205587     
   1.57724633917782       0.612843319537318      -3.591433177995619E-004
   1.94074367670898       0.491384923135917      -4.714099061165442E-002
   1.85335074464333       0.795290317453156       -1.05533774482140     
   1.24054490910286       0.765562284947421      -0.658096593632964     
  0.204748557654939        1.99457899160992      -5.759669416177592E-002
  0.959797122038113      -7.400255279546311E-002 -1.793915351292807E-002
  0.215480135573651       0.181330217417901       0.128429305801281     
 -0.587513952559242       0.200646525901000       0.687089608252444     
   1.82776297286861       -1.25636511921809       0.182392137809212     
   1.49084014210859      -0.614419551655096       0.391095667616334     
   2.02520503542824      -7.320623422119080E-002  1.476970256553176E-003
   1.99376429409859       0.828624450961460       3.937724863105808E-002
   1.55636309038172       0.884924709139032        1.87537347088737     
  -1.37385669659499       0.299951130589499      -0.221426551564394     
   1.44472541759002       0.747149227058861       -1.01140973873914     
 -0.194858486835059       0.786818809324541      -1.137692864848381E-002
   1.23366248684587       0.136964926993157      -0.240211217966672     
  0.887281422048547       0.143492792996691       -1.06766328278000     
   2.27452818170041      -0.598145350815927        1.82630909340705     
   1.77254164817658       0.548049532055868       7.138556852118644E-004
   1.06609651734276      -0.243694787826067      -0.120372970832519     
  -1.67625309863152       0.972285763644548      -0.354350089009015     
  -1.73876104838547      -0.399957766275139        2.72147058567463     
 -0.601547241346126       0.344200119358099       -1.01309589113828     
  -1.79576988276913      -0.154303176107463       2.161641276026689E-003
 -0.333147989888149      -0.834634223611763      -0.433048851138692     
   1.40301768907014      -0.699938493467482      -0.538036993035730     
   2.87096038844330      -0.538316086806600        1.75165968314661     
  0.735029492758469        1.63111241973803        1.87749535609673     
   1.46298143738610       -1.25140543460205       7.097821365092703E-003
   1.05452673855088       0.534488209018707      -1.173667029479791E-002
   3.22839802738750        1.09133379873660      -0.390605161696906     
 -0.476992182983885       0.446634641260730       -3.58360136644097     
 -0.236924020491099        1.71673707853927        1.89731210193358     
   2.31422056160757       -1.39068622054050       2.799845655205237E-004
  0.976670710442562      -0.121887693877510       3.827576633325102E-002
   1.64988580838929      -0.151548614454949        1.97778504491821     
 -0.914189032584646        1.42891361787686       -1.14686602752673     
   2.01360308008926      -0.498376543115932       -2.55556421818819     
   1.67772264002676        1.38882313167533       1.873001750702176E-003
 -0.340802300679977       -1.58870750406831      -0.406224028400839     
  0.982038419047739        1.71392820876939       -2.40570442423362     
  -1.02947567690802        1.00325185224528        1.96777813959511     
  -1.94971958747425      -0.378557047187788      -0.615133848502161     
 -0.285836847104864      -0.909353753583744      -6.216550114596788E-003
  -1.75873457086066       5.138789203616059E-003 -0.135214724657560     
  -1.72395176311945        1.07578538015224       0.104283572236283     
 -5.065152801084598E-002   1.84165076283398        3.61726150092351     
 -0.148958550881310      -0.867281416515418        2.17562296131360     
   1.61477542105530       0.612966344692339      -1.598685925025574E-003
   4.84753650524122       0.335970353819108       0.906489331549847     
  0.477442617431699       0.319310557816478        3.68286193328632     
   2.12071828612675       -1.01071926065132       -5.35403104214083     
   10.8867721337510        2.34032788147541       -11.2233524746089     
  0.842398594122244       -1.08147600299436      -4.274688172673918E-002
   1.14898506201158       -1.33260839356597       0.383455644517154     
 -0.610977987491830       0.179806236435846       -1.00818321672217     
 -0.680088084246273        1.80521650072552       -6.70703100231049     
  0.708019857933000       0.855754844844893      -0.236956385916552     
   2.31908789681102       0.197573077308301      -5.300684374434475E-003
  -6.84135927241695       0.914498862732687        13.7393283872965     
  -6.94485140291820        3.72102155510092        7.68467356291863     
  0.351066555775424        2.02675680929802       8.007325380406177E-002
 -0.930406752118252        1.78403830801656       0.122196714158013     
   4.94597844387375      -0.293584350956640        11.1893932858862     
   10.5277148855693        2.05872403962658        14.5130227244873     
  -6.71767299300077        3.33176647891125       -11.4904970093149     
  0.421034294060222      -1.124474580849804E-002  3.692459707129850E-002
  -1.05552145792538       0.670395097840080        3.79976909162064     
   5.32255893119288       9.609764627219969E-002  -5.09929884186164     
   1.52866113025851       0.126722536972215      -0.789088469286378     
  0.580551245479520      -0.303048827055977       0.143785069346820     
  0.203235197244899      -0.569350949159479       0.256453061596234     
  -1.67364765328991       0.332718781943133       -2.99930073126100     
  -1.00152349749098       -1.18428022210836       -4.59507119340280     
   5.22485993097541       4.085808294826770E-002   4.11432804989775     
 -0.281977435641995      -0.188117751635205      -8.716518956806883E-003
  0.167984092684722       0.580161439381456      -9.154444134779209E-002
   1.27700178335193      -4.960366431473470E-002  -1.61114203934200     
  2.818935583143947E-002  -1.07286437868819        1.95641147546800     
  0.230929763849770      -0.999195715360544      -0.572709108749060     
  -1.21981168959580      -0.371933216119584      -7.077823584918162E-002
  0.138286069481562       -1.23448538664126      -3.397836424476441E-002
 -0.534753914708879      -0.506806455572262        2.04939918218744     
   2.41778698459309      -0.878004319056058        2.13775455767771     
  0.333879813490579        1.34641837387813       -1.54717518826371     
   2.62631830438879       -1.05983167208561       3.584239533603277E-003
 -0.575972088276861       0.737727402488300       1.054571743106420E-002
  -1.07205156412551        1.93508141132535       0.857878931191941     
 -0.391061333369556      -0.315402324395554      -0.178258538717625     
   1.51928769267237      -0.210072771832966       0.401707148945864     
  -1.83566883328422       5.940426020725013E-002  3.726756035501156E-002
 -0.648349729271797       0.347305898087229      -0.155584136144595     
 -0.260927315035778      -0.260431265300664       -1.90929819838295     
 -0.510812597932629      -0.279771777740769       0.275426320086273     
  0.439158868395887       0.408810171175323        1.17374650096292     
   3.20568465622531      -0.519673469211659      -7.860776193664068E-004
   1.92261158796195      -0.592743839275675      -5.138144303023968E-002
 -0.321396793580599       0.694625299762919      -0.252724124781409     
 -0.118473854513667       0.695196342583472       0.725890544914889     
   2.66583086634438      -0.990306553778777       6.420860103156423E-004
  -1.28051471480057      -0.291840927225720      -2.345794398997743E-002
  -1.94732755197170       0.166832652547538      -0.111229687090525     
  -1.27746252662215        1.23043399277156       0.768169915531772     
  0.908011486201602      -0.596121101267655       0.833873264124047     
   1.73856116474671       -1.18956874037017      -0.155434390929336     
   1.17880558639836      -0.406051904214370       2.469153929444958E-003
  0.173699568745999        1.32948977276048      -0.153145727965759     
  -1.24170338514816      -7.660282569762739E-002 -0.666311393905041     
 -0.614893684565860        1.01048917976417      -0.149575140819675     
  -1.88807495455224      -0.223049403942326      -1.752307012257465E-002
 -0.651633532233231      -0.314640983565770       3.871132352928438E-002
  -1.50755267082819      -6.188545470468747E-002  0.312553534078778     
   1.04378869705472      -0.253904669774951       0.242284476242304     
  0.531590765887976       0.661829187389340       0.157922334917243     
   1.27256286598256      -0.281410490993588      -6.892625423092166E-004
  0.547689652678661      -0.184427274685545      -0.103455307899517     
   1.16391018744537      -0.419949828917467      -6.397326815292929E-002
 -0.584901025429851       0.197773578665985       0.693668239422831     
 -0.232778356729741       0.220095389919496       1.590718970168506E-002
  -1.18893298214985      -0.376070246871504      -1.082574071198539E-002
 -0.699359397776729      -0.348465233600782      -5.701151534558858E-002
 -0.236401819192606       0.538200963825844      -0.266569023702198     
   1.59849968846383      -0.352920113340770        1.57684722356868     
   1.13147494084063       0.583560537554085      -0.274093511070794     
 -5.472295208072231E-002   2.19370089423049       1.014771019949547E-003
   2.66848969287554      -0.878251317741009       8.849266986825584E-002
   1.09623527403322      -0.104854153271218      -0.126495489253850     
  0.477319693573459       0.912531027191647       -1.62715539120378     
 -0.721902955708981       0.466491322945551      -0.714806504112836     
 -0.649940878706235      -0.333671425134829      -3.127137011281314E-002
 -0.617906266054686      -0.116501040210120       0.106278639143898     
  -1.09149779149541       0.363981016114381       0.825979720679845     
  -2.02249262686250      -0.298632721362406       0.120741661280222     
   1.19654101311141      -0.373768069800586       0.131272633347606     
   1.22264779463062      -0.296747960637571       1.156899408288857E-004
   1.48778408757429      -0.435870027729355      -0.232613303740425     
   1.61213755208170      -0.546237736603037       -1.13145253609201     
  -1.01938559660009        1.46642934309817        1.78905255458052     
  0.251729305467914      -0.391034726883564       0.728354447582216     
  0.438003770265780        1.70176617832635      -1.886684076167742E-002
  0.283047922081357        2.03239312943138      -6.086515188593367E-002
 -0.365303933554016      -0.529281333624199      -0.413555149597892     
   1.74436606101394       0.843023297146847       0.983122143468063     
   1.73560555492410       -1.57786924091297       0.674377907520380     
  0.584945282949435      -0.397963483678213      -1.858199219691453E-003
   2.66510822228821      -0.945195205927102       1.633227040537034E-002
   1.41778529007970      -8.627816878018323E-002 -2.984083830581585E-002
 -7.600244972312539E-002  0.979498300440026       -1.72843307272671     
 -0.574208302492026       4.964741060061018E-002 -0.246600826171123     
  0.630164680957460        1.16655632306588      -3.219858240582344E-002
  0.462009820075591        1.16667223660388       0.143743750725700     
  -1.18416249102246       0.524615050424191       0.792624960176312     
  -1.72460032019034      -0.743634103686327       1.189337851159235E-002
   1.11554604112617      -0.302212364104004      -5.723891275610274E-002
   1.30566670317621      -0.321198181722423      -1.700346642043490E-003
   1.76702516880329      -0.377053339750396      -0.287473671765026     
 -0.357673478471696       6.044615375920703E-002  -1.53209360637625     
 -0.839818821689702        1.36561711817827        1.88249973786688     
  0.269694084095755        1.96187515863960       0.321801773689459     
  0.532130696227601        1.20299269940539      -7.733678041384568E-003
  0.443504389736589        1.33643890851282      -3.325076509514108E-002
  -1.35176959347090       2.926529229246971E-002  0.336679445969433     
  1.520148093999044E-003 -0.216523418729224        1.79465709125604     
  -1.00634460620820        1.24778856416439       0.204032043849384     
   1.22317008455358       0.259548524719978       3.455684283182536E-004
   1.88786369813488      -0.615211359529702       0.182096807788182     
  0.412049025871877        1.61130048115480        1.15333807272173     
  -1.35557675878422        1.92808429708662       -2.63801964781517     
  0.398422278560440        1.91352773180736      -0.736305852402556     
  -1.35639967990038        1.68864416547413      -2.006976407001939E-002
  0.595131189782038        1.36520883247324       7.566203466959448E-002
  -1.21418240526849       0.226250487840003      -0.442437426384050     
  -1.76908460305530       0.927550822440837       0.138267451539479     
   1.13381363071703      -0.218542352092551       0.427521240610674     
   1.20253599278670      -0.439566948998039      -4.851244206491513E-003
  0.883876029718197      -7.071593224060702E-003 -2.246579571891515E-002
 -0.213546660077456      -0.561721610151310      -0.371265785181258     
  -1.55231400092174        1.80192045500955        1.92826290397730     
 -0.924315081032610        1.52756694332593       6.510198082299751E-002
  -1.88187321535848        2.15587736923274      -3.286392153750923E-002
  -1.30421465610709        1.74452127454307      -1.464320377200733E-002
 -0.836203946200026        1.46576123995025      -0.199344135674732     
 -0.631990719104023      -0.701962964520185      -0.383527142926520     
  0.819597266214426      -0.732367391083607      -0.129996947878727     
 -0.253782713126999       0.435439741244844      -2.550620912554803E-003
  -1.13610160572404        1.19288760737944       1.181071367443753E-002
  0.588482542695767      -1.200313324039658E-002   1.59517086359852     
 -0.523344053136205        1.05151640569247      -0.329909300789873     
 -2.577103474945654E-002   1.12841040954536      -0.194481075837218     
  -1.00242610788073        1.31408628351276      -1.384860219280246E-002
 -0.807736178982616        1.52708374226173      -6.311912744164161E-002
 -0.561989890004144        1.33239670176611      -0.815230570587233     
 -0.679842839795338        1.51723925158832       0.383372554403217     
   1.65815298909054       1.059020405048969E-002 -0.244525204276588     
 -0.615989768536121       0.315056715514631      -4.271765248598863E-003
   1.25143608015974       0.157338314236705       9.019904366515273E-002
 -0.585387960340064      -5.611752139297356E-002  4.675471888027831E-002
   2.25329188456266       -4.11751801454646        1.39199174450107     
  8.462487857235192E-002   1.23938316172744      -0.194446854181831     
 -0.371596912722028        1.09958402274728      -2.043093065118503E-002
 -0.437943897731019       0.915231090264592       5.606817664942360E-002
  -1.26884714102885        1.67437706474418      -0.379365461895052     
  0.319254181228474       0.276373389830678       -2.39251397980888     
  2.922416187356698E-002 -0.634159065945612       0.526194828737501     
  0.306864727850884       9.708073849730645E-002 -2.808051854336512E-003
   1.26626703558948       0.206296634598574      -5.196277328566969E-002
  0.187125028579658      -0.367494226633516      -0.983052934532106     
  -2.64430892859425      -0.949861810391851       -3.25388055681613     
  -1.45546142166352      -9.221911430845986E-002 -0.379564954252300     
 -0.852692705651682        2.63740203581762      -2.657683621897902E-002
 -8.817115583414745E-002   1.49972059273771       0.158407263780321     
 -0.882613320227337        1.50899702246204        1.25879615969724     
  -2.43666549936169      -0.901471186283683        3.48242731580530     
   1.06696554915149       0.470713799605199       0.435366271929118     
  0.523238713163247      -0.287360948441415      -4.228933219510697E-003
  0.101485750510500       6.535396870202574E-002  6.685569865145813E-002
  0.608844070172628        1.07021650229188       0.413764649382935     
 -0.282869707960988       0.655344779699342      -0.559996904581367     
 -0.657172272986376      -0.214605991299726      -0.230921860079413     
 -0.504405326803663       0.722437222635471      -2.140597491107646E-002
 -0.646574195906279       0.766967028645324      -4.020601903094546E-002
  -1.29928704136147       0.547183115990518       -1.16436578045920     
 -0.279221276516840       0.780444888821878       0.504677218670849     
   1.35997980633172       0.198655764201218        1.00213610531451     
   1.05052350806502       0.330614688559656      -2.250924949830096E-003
  -1.19795349180630       0.711733534571990      -0.296191184809593     
   1.12470005008535       0.245358661065289       -1.78559928471324     
 -0.760200870248430        1.20041345659193        1.10640423025737     
 -0.833919820503857      -0.275206309077825       0.963618094062314     
 -0.426871822539536       0.776162053980735      -2.769955800511878E-002
 -0.599728549558452       0.925621599167310       9.858765338519423E-002
  -1.14766790596826        1.67972962938620        1.60920969037936     
 -0.226716947106462       0.339755200157755       0.896338762974102     
 -0.877318163328679        1.29036051341547      -0.910737328225671     
  0.400511578686032        1.02585941605440       2.129404532122713E-003
  0.236089067889964      -0.304215483869785        2.05149087280197     
 -6.997801985782343E-002   1.81165976246728       -1.20019929275459     
  9.137462994695475E-002  0.236938771104421       -1.47908663514245     
 -6.697254421351820E-002 -0.469621481540603      -8.141009636191876E-003
 -0.550473163641511       0.102958170730759      -0.214369834049977     
 -0.227908224584104        1.30195051223350       -2.98419579148401     
 -0.487568151071882        1.40537978201111       0.596257902208844     
 -0.424620613024527       0.137363354391722        1.68600817306156     
  0.693751663352936       0.200359816541591      -4.864595190908127E-003
 -0.209093217870418       0.436232423350039      -0.472301065437690     
  0.781344666567509       0.566473555522843       -3.25250532886334     
 -0.950386744175126      -0.453155939428966       0.912376676386430     
  -1.45432759232738      -0.523035300549153        1.56103942499883     
 -0.535001383926950       0.912590550362482      -3.199816963101409E-002
  -1.20720798802326      -0.215177486439068       0.346069190425077     
 -0.976351398314833       5.025236135958512E-002   4.41505640682081     
  0.878235470088410       0.394829034702043        2.03256018765584     
 -0.830429059700458        1.14416952678946       -3.81898326791003     
 -0.125010821790296       0.509920152043391      -1.448654998962672E-003
  0.493305513207658      -0.186586551012539       0.630465136540540     
  -2.31719971620553       0.457324341772034        5.94687892323232     
  0.803855699793654      -0.189263909416051        3.26700681761174     
   3.67157368927268      -4.685267636653154E-002  -4.01354135259829     
 -0.570486501984847       0.822631348601036       4.918431020443498E-002
  -1.13808656560233       0.454460133358860      -0.791822147872558     
  -2.14487205953560       0.244196397538115       -7.99101980434680     
   1.91550089956076      -0.182426047734487       -1.27739807039289     
   3.07065095966327      -6.711301956489747E-002   5.34631578023693     
 -0.184681685780057       0.787906201904750      -9.957194375838452E-004
  0.496237948429184      -0.391762257344740      -5.979995450006736E-002
   1.45452825624446      -2.289366590396073E-002  -1.59053410005088     
  -1.01444447193420       -1.79264377457035       -1.72247139387222     
  -2.02444984680674      -0.197898803865582        1.20792940757247     
 -0.550911693283390       0.706754598961025      -6.285065140338998E-002
 -0.763296057851394       0.738647080158099       2.450385336230120E-002
 -0.344369945286516      -0.810881762683533        3.40924917773798     
  -1.03227709693053       -1.65768866978263        1.88273391406485     
  9.647208315640954E-002 -0.158189392234611       -2.63356275018472     
  9.864277692555037E-002  0.112364361412987       5.987210815053553E-003
  0.728493653342047      -0.251800933048740       0.322144567433072     
 -0.760499103050219       0.354994032876886        2.20433051830869     
 -7.552006148191329E-003  0.226544610874116        2.64203647699916     
   1.60678699983837      -8.405430744655240E-002 -0.609333909585563     
 -0.517810462936894       0.117788880816943       1.597251127989937E-002
 -0.492263090620940      -8.937508553591077E-002 -0.211395772556762     
 -0.297352826294072      -0.615634128802892       -4.03809584583370     
  0.230818120775696       0.114660377403992      -6.054925630622407E-002
   1.35010800877826       4.150528212471102E-002   2.31206372802514     
  0.416359747154621       0.139324522004078      -5.657026354746931E-003
  0.768111023878575      -5.190208418201475E-002  -1.14768031416256     
 -0.498363646970045      -0.114825434237513       -2.61622946866898     
  -1.43184874498588      -7.314600365889656E-002 -0.478110428147792     
 -0.513164058715852       0.298480499434368      -4.856445282133885E-002
 -0.741742194797219       0.304306437924479       0.187609811955209     
  -1.47603062183299       3.520010995246025E-002   3.58549551841959     
 -0.873746319032756      -0.149578732141981        1.50999198827640     
  3.681254117742327E-002 -7.439427907375444E-002  -1.65625497908309     
  0.492776727871425       6.956021283727008E-002  1.403730035253144E-003
  0.476459186279319       4.675517383444188E-003  0.267388069693648     
  0.323190038726693       5.681356324229876E-003   2.38406994641916     
 -2.952300668095668E-006  6.911979566009327E-003  0.960033843893730     
 -0.323170840832712       7.810360336516568E-003  0.509330907315600     
 -0.476418958224238       4.730117863542120E-003  3.632156258882042E-002
 -0.476407696441314      -7.648291159901352E-003 -0.374418262199589     
 -0.323211581786693      -7.631884914741561E-003  -5.56346936964685     
 -8.704997340222425E-005 -5.873556913624835E-003  0.605876872062010     
  0.323190990623965      -8.455121872002216E-003   2.03305443034549     
  0.476474626418326      -7.462583759175725E-003 -4.137028961007801E-003
