   1.94800488054619      -8.516453242150621E-002 -0.101115865443728     
 -0.337600700743362        4.12600054711924      -0.822425292909746     
  -2.00188131222930       0.713849478355631      -0.374189764316121     
  -2.17945554185454      -0.567507674454039       0.344378765388690     
  -1.56687675792489        1.73762854971491      -3.998655567169977E-003
   3.14508510566538       -1.40848748765273       9.707485014141841E-002
 -0.326779276964864        4.08559001961098       0.840427834744423     
   1.95332768256412       8.593299497951788E-002  0.385457385714635     
 -0.512078863037421      -0.612314808463146      -0.329884515657628     
   2.22921805844189       -1.16286117866782       6.640192392225260E-004
  -1.26797154788375        2.00392276310732      -7.117926623101142E-003
   3.35384024193744       -1.64569138268541       0.122506124623142     
   1.16269053857265       0.555714719362473      -2.291466567351151E-002
 -0.425996569230643        1.35636916196794      -0.147703601956453     
  -1.32868719058456        2.08290446429276       1.592682988006959E-003
  -1.45481554640321        1.84316990181345       9.114093548512550E-003
  -1.41685975565115       0.258023852887036      -0.124142644512732     
   1.68190620138655       0.457430652128923      -3.772363553655882E-003
   3.46879420160248       -1.21840093717856       0.148635394277348     
   3.42284205388761       -1.37205476278041      -1.816072649442902E-004
   2.22428942738277       -1.20655221174766      -4.289416849734294E-002
 -0.408493803574960        1.55549672994698      -0.682298150675014     
  0.712601396894705      -0.206508475515384      -0.848040330949241     
 -0.933755717765528       0.864671865600345       0.303710840409858     
 -0.494048449092962        1.49992103616437      -5.385596357565629E-003
 -0.910523819459457        1.62612739529005       7.829552347497787E-002
   1.91935053253278      -0.478051780534191       0.717134390976411     
  0.939307484315395      -0.346951813796884       0.425657567152888     
  -1.36817086117569        2.01140575778039      -0.232665524805369     
   1.73797430916898      -0.714614980436597       2.331962376989946E-003
   3.29384181360346       -1.77779217718682      -9.709411349308690E-002
   1.94495633265748      -0.641849468642576      -0.420037954681102     
   2.65106715192374       -1.16616995115858       0.462405013555629     
  0.294753201590167      -0.163126854524981       0.246118605995517     
 -0.647048070031079        1.12286854937303       3.348105446584251E-003
  0.357662388433883       0.174085463904048      -2.948834261334844E-002
  -1.59499090983125        1.64313796534606       0.159423228603229     
  -1.36589885492991        2.53825058775203       0.253959836066454     
   1.03278485160087      -0.962678530548288      -4.732005463124023E-002
 -0.439804829126625       -1.72468853206882      -7.958969424241831E-002
  6.554270629315970E-002 -0.297557975211944      -1.920329399189159E-002
  0.921972676735796      -0.119271051934667      -0.807157513870964     
   3.63420529866054      -0.682980127985112       -1.17059089801001     
   1.22141026292267       0.573734018518129       0.138680809963404     
   1.04212239826237       0.133558603074449      -6.404776089252102E-003
  0.906962026752080       0.810757678678789       0.101993310967582     
 -0.575910600487225        1.48110350435521       0.615615623551617     
  0.479723777107071       -1.70430665402498       0.194136009619215     
  -1.45645032492425        2.29607650287002       0.278436526353979     
   1.15705547722827       0.525766722147440       1.935524490193827E-003
   2.15343945671308       -1.04156922195915      -4.866020680091607E-002
   2.37734979406950       0.611436929374234      -0.105022271898516     
  -2.51474641277991       0.526059559346929       0.307035466455917     
   2.84774557820941       -1.69949050872579      -4.438331324921431E-003
   1.95964212983675      -5.259120528999245E-002  7.290671353185216E-002
  -1.53267010271226        1.63749977734473       0.379281909873352     
   1.27118604772739        1.04368123247000       0.125917125280527     
  0.998710068829231       0.335571002936485      -0.591098772031691     
   1.07313461910271      -9.718114940012408E-002 -2.936566780761302E-005
 -0.923146648938019        2.48570628451226      -5.746540247472543E-002
 -0.515065338244343        1.54413865360238      -0.580762261307634     
 -0.119202321993789        2.01351945197221      -0.174783705283233     
 -0.943489861729195        1.70491033361395      -0.242922682173587     
   1.55911507589425       3.891633309912521E-002 -9.363547103277298E-003
  0.598643085904276       0.216271932822436       9.289862270510575E-003
  -1.01948627644233      -0.778634399851421       0.417780812573271     
  -2.25824606478168      -0.396714658936072       0.503700142666753     
  -1.53803525723043       0.363627327153211       0.487098117114293     
   2.44724073850443       0.219359777066021       2.175518030053149E-003
   2.28664796701471       -1.30352614093260       0.120525988342794     
   2.13454857384854       3.858805030412407E-002 -0.894692731803989     
  0.294237102670519        1.08145545711651       0.457934760255286     
  0.659105945361688       0.162177524154271      -6.989702836230400E-004
  0.679476694990257       5.713225619363672E-002  0.144361755076373     
   1.48295556434483        1.81519574043577       0.459610186966378     
  0.447596872522970      -0.183474961340645      -0.355599564335027     
   1.06654855425637       0.957450406692363      -0.822615191205587     
   1.13384617417207       0.723677848627569      -3.591433177995619E-004
   2.24517729013604       0.199595752888427      -4.714099061165442E-002
   2.44664676458708       0.953084460157007       -1.05533774482140     
  0.277239364750180        1.84799033670605      -0.658096593632964     
  0.172330041436044        1.74240615848139      -5.759669416177592E-002
   1.02329355042003        1.76094818368268      -1.793915351292807E-002
 -0.452570587391569        1.10234992528086       0.128429305801281     
 -0.497204371570985        1.49026779070580       0.687089608252444     
   1.85351908659983      -0.885242656626102       0.182392137809212     
   1.64806659502593      -1.410541178620765E-002  0.391095667616334     
   2.75084989728767       -1.17640162532477       1.476970256553176E-003
   2.34605186588089       0.663570916024460       3.937724863105808E-002
   2.40576359162476       0.393463371451291        1.87537347088737     
  -1.93845243251638      -0.578561060170809      -0.221426551564394     
   1.45201257297125       0.599071971264254       -1.01140973873914     
  -1.31182115252821        1.95045627640140      -1.137692864848381E-002
  0.948966213519000       3.711345652480087E-003 -0.240211217966672     
  0.489780478335526        1.15504684000175       -1.06766328278000     
   2.72877071803522       -2.07458132513959        1.82630909340705     
  -1.04475860520229        1.34426707047471      -0.272274709394550     
   2.35136311985357       0.172506540152266       7.138556852118644E-004
  0.121176931702559      -0.719269096188185      -0.120372970832519     
  -1.46131691382237      -3.154946229010719E-002 -0.354350089009015     
 -0.719221664536921      -0.531809944162211        2.72147058567463     
  -1.40318535144741       0.931653005127198       -1.01309589113828     
  -2.68895830594377       0.340683992350767       2.161641276026689E-003
  0.226286851872854       0.515786698593692      -0.433048851138692     
   1.73668545091751      -0.303217361772571      -0.538036993035730     
   3.45889179441652      -0.527601721259180        1.75165968314661     
   1.18265949783811        2.30718733828843        1.87749535609673     
   1.68937910403861      -0.756263988462475       7.097821365092703E-003
  0.603990580929342       0.233256931205124      -1.173667029479791E-002
   3.31693893685653       0.799988113192418      -0.390605161696906     
 -0.944917522241670        2.13777151486922       -3.58360136644097     
   1.17886278533804        1.35683340545382        1.89731210193358     
   2.31309195521584       -1.35714253279584       2.799845655205237E-004
 -0.336757584897988        1.07656498340938       3.827576633325102E-002
   1.38734224097608      -0.424783549617182        1.97778504491821     
 -0.893399973630166        2.94014988468751       -1.14686602752673     
   2.43593620492953       -1.00454594542259       -2.55556421818819     
   1.95201853643541        1.15145654209486       1.873001750702176E-003
  0.387578781344873       -1.60957930311597      -0.406224028400839     
   1.39457943053634        2.22497165358282       -2.40570442423362     
  -1.53585722741996        2.34388198643674        1.96777813959511     
 -0.847016991584890      -0.698198134712763      -0.615133848502161     
  0.585049697842721      -0.787157121540160      -6.216550114596788E-003
  -1.80326927190060       0.527127860914275      -0.135214724657560     
  -1.45249661523134       0.417042800583795       0.104283572236283     
  0.736908352735137        1.65574279677380        3.61726150092351     
  0.212329204130891       -1.04412282033194        2.17562296131360     
   1.62569085873057       0.490412113598627      -1.598685925025574E-003
   4.63896460821624       0.224976088082700       0.906489331549847     
   1.43508667351144       0.876510721459007        3.68286193328632     
   2.43970523395600       -1.71345743128361       -5.35403104214083     
   9.51587022071342        3.38602782324255       -11.2233524746089     
   1.25752894643560      -0.702676998051733      -4.274688172673918E-002
   1.51551685601704       -1.02216845337834       0.383455644517154     
 -0.591354050111156        1.78555209299304       -1.00818321672217     
 -0.369411526913237        2.39584991891417       -6.70703100231049     
  0.962140983916253       0.497960519645243      -0.236956385916552     
   2.66469127548577      -0.634109632402573      -5.300684374434475E-003
  -6.61364761066020       0.747399856041534        13.7393283872965     
  -5.44493266047957        3.62882395000898        7.68467356291863     
  0.557288891110088        1.85091597495367       8.007325380406177E-002
 -0.990531766309070        2.61387281192351       0.122196714158013     
   5.12714310870977      -0.234165069481956        11.1893932858862     
   9.54088140530448        2.91247419740015        14.5130227244873     
  -5.75833137621097        3.25201841916250       -11.4904970093149     
  0.333925661973819      -0.385163067922058       3.692459707129850E-002
  -1.23192352395345        1.35742235525924        3.79976909162064     
   5.63634536845847        1.38874538825454       -5.09929884186164     
   1.55081472610583       0.448816185306894      -0.789088469286378     
  0.588744679073701      -0.101275004046934       0.143785069346820     
   1.06053951365233      -0.262573505678947       0.256453061596234     
  -2.04183408238743       0.693387247460537       -2.99930073126100     
 -0.323911390595477       -1.22884873348042       -4.59507119340280     
   5.68346081218689        1.58200626761295        4.11432804989775     
 -0.443870974219376        1.05394507303169      -8.716518956806883E-003
 -0.497151328743893        1.57377806825241      -9.154444134779209E-002
   1.26711465293850      -0.358773000135768       -1.61114203934200     
  5.526858523493350E-002 -0.286594088972878        1.95641147546800     
  2.844376073602017E-002 -0.309530714387620      -0.572709108749060     
  -1.93830568464296       0.143689485065268      -7.077823584918162E-002
  0.901705177660701      -0.296716032951656      -3.397836424476441E-002
  -1.36529122880920        1.16457977758731        2.04939918218744     
   3.03386798868877       -1.73002694527970        2.13775455767771     
   1.21410402750021        1.66040543977363       -1.54717518826371     
   3.19216762993345       -1.37826677736668       3.584239533603277E-003
 -0.729104277426994        1.96439954507451       1.054571743106420E-002
 -0.893271873067499        2.55226800868768       0.857878931191941     
  -1.97787117321137      -0.723483926779435      -0.178258538717625     
   1.80049087847088      -9.204092799052777E-002  0.401707148945864     
  -2.04366609596374       0.899151172736347       3.726756035501156E-002
  -1.26123137565945        2.05367294662166      -0.155584136144595     
 -0.854524493169650       0.852322906524953       -1.90929819838295     
  -1.43137893380771        1.96463650015179       0.275426320086273     
 -0.661511920416903       0.997442151590243        1.17374650096292     
   3.24451149146004      -0.392574812776649      -7.860776193664068E-004
   2.09691551308063      -0.408500926628591      -5.138144303023968E-002
 -0.835969200805483        1.03510092304466      -0.252724124781409     
 -0.762608984964462        1.94584741579249       0.725890544914889     
   3.09164653239812       -1.41460977248433       6.420860103156423E-004
 -0.984489133247826        1.43614848296734      -2.345794398997743E-002
  -2.08162343150604       0.876382676030188      -0.111229687090525     
  -1.17438168776836       0.874138564074657       0.768169915531772     
  0.480995046469032      -0.120524814521027       0.833873264124047     
   1.80528424548693      -0.856270480412897      -0.155434390929336     
  0.754577337006539       7.474734716774319E-002  2.469153929444958E-003
   1.57287524750798        1.66597468029224      -0.153145727965759     
  0.870191105164123       7.735685951229082E-002 -0.666311393905041     
  -1.39668191639825        2.39843907122911      -0.149575140819675     
  -3.15343934011576       0.712693201110377      -1.752307012257465E-002
  -1.31242877300385        2.00934230210122       3.871132352928438E-002
 -0.741781824760621      -0.291482978621394       0.312553534078778     
 -0.367433175925830       0.998230211664549       0.242284476242304     
  0.294053588216107        1.08494531769897       0.157922334917243     
   1.10822015130374       0.196729633826852      -6.892625423092166E-004
  0.900630293058664       -1.13583540578215      -0.103455307899517     
   1.30861948089150       2.656025824967750E-002 -6.397326815292929E-002
 -0.523030949395092        1.36736749004319       0.693668239422831     
  -1.07831375711466       0.782364025900458       1.590718970168506E-002
 -0.829491560855186       0.247087933999521      -1.082574071198539E-002
 -0.609751162042206        1.18373193738495      -5.701151534558858E-002
  -1.15902267117894        1.82020028472203      -0.266569023702198     
   2.16850367698505      -4.790336659481556E-002   1.57684722356868     
  0.905041997589508       0.496995437224788      -0.274093511070794     
  8.306472750275770E-002   1.91943168833833       1.014771019949547E-003
   3.02246394847701       -1.45614276130556       8.849266986825584E-002
 -0.402689066762914       0.865423041408467      -0.126495489253850     
  0.650244320586923        1.13572361834483       -1.62715539120378     
  -1.26873544490172        2.56080044166759      -0.714806504112836     
  -1.31185348458815        1.05636477643147      -3.127137011281314E-002
 -0.308694281976275        1.45483955624134       0.106278639143898     
  -1.80485498558703      -0.698879700481225       0.825979720679845     
  -1.76516790696688      -0.875631982503064       0.120741661280222     
   1.54878041536485      -0.178271593312562       0.131272633347606     
 -0.533959735283578      -0.293958252725084       1.156899408288857E-004
   2.13653198540589       0.152516571864454      -0.232613303740425     
   2.27036706911297      -0.204799913911977       -1.13145253609201     
 -0.657025908803372        2.86252293179712        1.78905255458052     
  0.107795397229822      -0.488454846255749       0.728354447582216     
  0.245023411444480        1.64293121588115      -1.886684076167742E-002
  0.216825760546072        1.74489725624854      -6.086515188593367E-002
  8.353363854965085E-002 -0.239347405903821      -0.413555149597892     
   2.32365511424112        1.05988640406348       0.983122143468063     
   1.97158688877956       -1.22134068452494       0.674377907520380     
  0.798634189753770      -5.804185791755583E-002 -1.858199219691453E-003
   3.09876008417634       -1.37549519979151       1.633227040537034E-002
   1.76982866213742       2.551136657568552E-002 -2.984083830581585E-002
 -2.288364916672284E-002   1.75479901398237       -1.72843307272671     
  -1.05942551094527        1.26080126409296      -0.246600826171123     
  0.838166910740783       0.815166517124521      -3.219858240582344E-002
  0.794653218254451       0.806315644070885       0.143743750725700     
  -1.56973924067060       -1.07680521549552       0.792624960176312     
 -0.623094281332094      -0.362581923225132       1.189337851159235E-002
  0.986165134364811      -0.194989713887904      -5.723891275610274E-002
   1.33705653224837      -0.145194698829321      -1.700346642043490E-003
   1.73612178652532       4.795807465912275E-003 -0.287473671765026     
 -0.729270177954365        1.29290145977184       -1.53209360637625     
 -0.865152446003716        2.19456324603995        1.88249973786688     
  0.319674150310064        1.81059178200903       0.321801773689459     
  0.705722787016439       0.887323192629295      -7.733678041384568E-003
  0.690816125081390        1.01454830813236      -3.325076509514108E-002
  -1.71336941155918       -1.18953328920573       0.336679445969433     
 -0.937744774367337        1.16630146589841        1.79465709125604     
 -0.841676657455128        2.75813358392443       0.204032043849384     
   1.57471880550783      -0.156395264948192       3.455684283182536E-004
   2.16870791238445      -0.475109650270745       0.182096807788182     
   1.27301155863989        1.90231410157585        1.15333807272173     
  -1.82923455641987        2.50243085819585       -2.63801964781517     
  0.414255088403788        1.80021995927629      -0.736305852402556     
  -1.67436572139694        1.72853563846605      -2.006976407001939E-002
  0.723869388795056        1.01979842375724       7.566203466959448E-002
  -2.30132216310008      -0.260344324919578      -0.442437426384050     
  -1.48026540504052       0.171059196530178       0.138267451539479     
   1.03880190641438      -0.139669737620856       0.427521240610674     
  0.654786333956442       0.116266958664592      -4.851244206491513E-003
 -0.424271341392964       0.941382606598041      -2.246579571891515E-002
  0.888671548654959      -0.157958445797345      -0.371265785181258     
  -2.00360065999677        2.45874163315433        1.92826290397730     
 -0.527855476844074        2.77004677689830       6.510198082299751E-002
  -1.97671980530696        2.11609273583056      -3.286392153750923E-002
  -1.68511150217169        1.67938398997995      -1.464320377200733E-002
 -0.819607668789980        2.89514590933948      -0.199344135674732     
  0.201464943627936      -0.324510600661222      -0.383527142926520     
   1.00154818378080      -0.213896640321550      -0.129996947878727     
  -1.28232143255331        1.88519388752323      -2.550620912554803E-003
  -1.71236115507332       0.943683287736900       1.181071367443753E-002
 -0.652289774340390        1.19052669723872        1.59517086359852     
  -1.19783320815527        2.10284546552208      -0.329909300789873     
 -6.518239445789133E-002   1.25002627207983      -0.194481075837218     
 -0.387706994470777        1.71732611749877      -1.384860219280246E-002
  -1.01817490987198        2.54812584808669      -6.311912744164161E-002
 -0.848757870565683        1.78801182126748      -0.815230570587233     
 -0.301325653829431        2.89451498307127       0.383372554403217     
   1.25884005371546      -0.476705610207821      -0.244525204276588     
  -1.64403218380819        1.55686833506521      -4.271765248598863E-003
   1.58001240124381      -8.115835274691062E-002  9.019904366515273E-002
  0.108897049078545        1.26689545929749       4.675471888027831E-002
   2.83901764185300       -4.11037623820899        1.39199174450107     
  0.756463439986127        1.41598916119869      -0.194446854181831     
 -0.813422702583059        1.53565334752149      -2.043093065118503E-002
  -1.08743469249349        1.71107260969029       5.606817664942360E-002
  -2.10984189051914        1.89690642166254      -0.379365461895052     
  0.337940812006967      -0.859286796565626       -2.39251397980888     
 -0.439536500533249       -1.36249653229426       0.526194828737501     
  0.827532539837032      -0.153941506682686      -2.808051854336512E-003
   1.54746286432690      -0.141019230093348      -5.196277328566969E-002
  -1.34030119239428       0.593196944854613      -0.983052934532106     
  -1.61610014979889       -1.93116866202707       -3.25388055681613     
  -1.38068087940770       -1.21553578245881      -0.379564954252300     
 -0.312232669819840        2.97510374235182      -2.657683621897902E-002
   1.49910565359717        1.66013117448537       0.158407263780321     
  -1.01281760993546        2.87450786668058        1.25879615969724     
  -1.38666757746403       -1.82494031111188        3.48242731580530     
  0.888324858135086       0.500706404108710       0.435366271929118     
 -0.456638192968870       0.820444764714082      -4.228933219510697E-003
 -0.240343963375093        1.16190767209657       6.685569865145813E-002
   1.04125780973917       0.512695080679416       0.413764649382935     
 -0.880992938824730        1.68016072196483      -0.559996904581367     
  -1.23562384945385        1.94362681629766      -0.230921860079413     
 -0.664149532307092        1.71636072822052      -2.140597491107646E-002
  -1.43520567374459        2.13440217792354      -4.020601903094546E-002
  -1.66077795175106      -0.746981802071892       -1.16436578045920     
 -0.854661254849356        1.61820071855361       0.504677218670849     
   1.70569062683655       0.122561599106633        1.00213610531451     
   1.60557816639339       0.630225288471489      -2.250924949830096E-003
  -1.17392285854795       0.142732207579189      -0.296191184809593     
   1.17965844069772       0.138670461049542       -1.78559928471324     
  -1.27921853609938        2.20084236535622        1.10640423025737     
  -1.46360034083840        2.50005865241170       0.963618094062314     
 -0.455242546049149        1.55175647835584      -2.769955800511878E-002
 -0.811012424507986        2.04526349557059       9.858765338519423E-002
  -1.58708974036110        1.98895232722521        1.60920969037936     
 -0.815208032813538        1.61455188541973       0.896338762974102     
 -0.765413410774488        2.27250077247053      -0.910737328225671     
  0.926091255508088       0.544332440856898       2.129404532122713E-003
  0.583159935480889       0.723098076516276        2.05149087280197     
   1.36628341744336        1.41183086022614       -1.20019929275459     
  0.401326026342997      -5.180986874880306E-002  -1.47908663514245     
  0.539048431540666        1.12102457936462      -8.141009636191876E-003
  0.728260066141408       0.817098804988287      -0.214369834049977     
   1.02521012270436        1.19656715111885       -2.98419579148401     
 -0.148571459081924        1.66579216750756       0.596257902208844     
  0.733988625443613       0.242200007938085        1.68600817306156     
  0.923971686434538       0.630752768529382      -4.864595190908127E-003
  -1.14753040564134        1.28829632103777      -0.472301065437690     
   1.83572084200756       0.738867069294864       -3.25250532886334     
 -0.674490522134234       4.325224217711864E-002  0.912376676386430     
 -9.152142719100254E-003 -0.538954364646723        1.56103942499883     
 -0.724535529608536        1.91102316780409      -3.199816963101409E-002
 -0.945674262286523       0.464514403670718       0.346069190425077     
  -1.34550063047390      -0.175750931955411        4.41505640682081     
 -0.110885852297366      -0.209663477952609        2.03256018765584     
  -1.22272716866219        2.41734646698682       -3.81898326791003     
 -0.260601097292920        1.15161119400814      -1.448654998962672E-003
  -1.72121689694883       -1.03380310361642       0.630465136540540     
 -0.868811432394286      -0.345255020645735        5.94687892323232     
 -0.799900222933990       0.249894366753272        3.26700681761174     
   3.50693754143508      -0.306368665653830       -4.01354135259829     
 -0.767569917453065        1.98949708996529       4.918431020443498E-002
  -1.55342803155897       -1.12566512624480      -0.791822147872558     
  -3.88097875824022        1.74074720633631       -7.99101980434680     
   2.29642737172301      -0.470379926924321       -1.27739807039289     
   3.09550444083351      -0.398654791793167        5.34631578023693     
  -1.03284331255145        2.51606094288795      -9.957194375838452E-004
  0.381089680407588      -8.262546097076423E-002 -5.979995450006736E-002
   2.35363967953769       0.265134468180837       -1.59053410005088     
  0.169645107331763       -1.49918120136338       -1.72247139387222     
  -1.92696496157661       0.575772006848432        1.20792940757247     
 -0.774247071612805        1.89953102152837      -6.285065140338998E-002
  -1.41495074621553        2.58681723868758       2.450385336230120E-002
  9.392269095242381E-002  -1.50427036559556        3.40924917773798     
 -0.294950225201701       -1.54588908050443        1.88273391406485     
 -4.925579604655450E-002  -1.55791832581138       -2.63356275018472     
  -1.09707161974121       0.799369393989921       5.987210815053553E-003
  0.214198000280997       5.569461910466492E-002  0.322144567433072     
  -1.60908939078262        1.13386733101645        2.20433051830869     
 -0.167077709309098        1.65781767622314        2.64203647699916     
   1.24996608151880      -0.128046567856985      -0.609333909585563     
  -1.50131091919494       0.297716074448189       1.597251127989937E-002
  0.743929880003327       0.629593089492632      -0.211395772556762     
  -1.32565137007926       0.435127450760403       -4.03809584583370     
  -1.47428725460635        1.14235923824692      -6.054925630622407E-002
   1.70493761238882       0.732195157488895        2.31206372802514     
  -1.53324076878634        2.17742860050389      -5.657026354746931E-003
 -0.346515981589813        1.22905121553029       -1.14768031416256     
 -0.614535477903886       0.944072228495546       -2.61622946866898     
  -1.67090365005713      -0.919639838514031      -0.478110428147792     
  -1.34149320630798        2.04778836288367      -4.856445282133885E-002
 -0.908000993237467        1.70620834526329       0.187609811955209     
  -1.32365177244820       -1.02205804390052        3.58549551841959     
  -1.10585659481149        2.30257927516303        1.50999198827640     
  0.798383419564916       0.319041305610159       -1.65625497908309     
  0.847414224111607      -0.210431097579880       1.403730035253144E-003
  0.753927327360158      -0.119406485906118       0.267388069693648     
  -1.19105451041301      -7.698707100840933E-002   2.38406994641916     
  0.348952929565628       1.791868490991649E-002  0.960033843893730     
   1.57715824824843       0.265469759155142       0.509330907315600     
 -0.998115477537090       0.593505615214532       3.632156258882042E-002
  -1.32180149799131       0.248856841602803      -0.374418262199589     
   1.01020597517290      -0.123799023979717      -0.186757504048495     
  0.712208893967250       -1.12935352313106       0.605876872062010     
 -0.165627189889452       0.902730478976734        2.03305443034549     
  5.394694241043746E-003 -0.652124200949092      -4.137028961007801E-003
 -0.249189718067825      -0.293237813486126       -3.63019157743336     
  -1.08213214373462        3.31323052782122       -3.43474513868289     
  -2.97552981336324      -0.267764542044506       0.879795887025752     
 -0.878467698159074        1.60199558709096      -8.750952098202490E-002
  -1.29644898766488      -0.630793224348047       0.760596604223133     
  -4.06396187461467        1.90638554402548        7.23625431197490     
  -1.81627738251770      -0.985959321344555       -1.06790671314563     
 -0.976203230196973        1.35333320870318       -3.64070021716503     
  0.698951840339053       0.815416642412486      -3.698908303634364E-003
 -0.911271095176956      -0.760566560784599       0.845726827482941     
  -2.75359549524926       0.285840592934361        7.86824914567816     
   1.12261926837554       1.400619928094102E-002   3.23549001443310     
   4.49515639935125      -7.902635264356070E-002  -3.65978227388496     
 -0.866513352116481       0.706303168128796       2.829507544328946E-002
  -1.18690511720606       0.635067196294800       -1.09676528349479     
  -1.70330185813676      -0.243848989917763       -11.0447159876814     
   1.64004146538912       0.133354897330672      -5.915399665781217E-002
   4.06703954228111      -0.717771566177110        5.97984605827184     
   1.11238106210886       0.521799506720237      -9.418489741160628E-003
  0.756356563863640       0.527250258308500      -7.073567371656150E-002
   1.81901611986843       0.332968314748021       -3.26159313522783     
  5.791320524742559E-002   1.35396771997221       -2.81330207423791     
  -3.08114094839567       0.162632835698471        1.95413141230479     
  -1.07967681596296       0.840836558452570      -6.368357864467748E-002
  -1.13633983212422       0.520154215720805       0.353163581720000     
  0.234698399896879       0.657463741494407        5.87073899146175     
  -2.41365692383807       0.339790278997988      -0.368033444986018     
 -0.435966790655758      -0.387747885348158       -3.66310245498139     
  0.655665110746985       0.139972222751599       5.960635863618874E-003
  2.820949889538492E-002  0.847688380293051       0.175931910733811     
  -1.52350945411820       0.206471308901373        2.86097509354755     
   1.25990520042070       0.298239589481708        3.29236602944988     
   1.82058010625485       0.983614037899366       -1.09805859502371     
 -0.267327253268224        1.55469013707600       2.583789495733623E-002
  6.060012676757048E-002 -0.157051227017625      -0.322504487245158     
  0.212534229060027        1.10138786038022       -4.76785218265091     
  0.545135767626210        1.10770444535045       -1.44817137336294     
  0.487001338860795        1.26396436308559        2.45760277495484     
  0.470666703286790       0.823640173539936      -4.821534849615091E-003
   2.61480993054452       1.873938906163503E-002  -5.45376094619630     
  0.170163418188945       0.845542022452314       -7.70053713223097     
  -5.26520313874734       7.859485415880729E-003   2.89276370477798     
 -0.339910859044476      -0.443227606354900      -0.152937885604908     
  0.434604301944836       -1.07874506250395        1.40859123838099     
  0.940006581224708      -0.427432554053991        9.81027889492544     
  -2.93871164258803       0.527640961609140       -3.91197529112650     
  -2.29879578529895       0.450289886416617       -5.31158879062842     
   1.89997508546184      -0.772493358363470      -1.031027098171456E-004
   2.05721301704770      -0.599304514620122      -0.523286161921677     
 -0.354645982015472        1.15000149928533        3.69940903050996     
  -3.33267106784430       0.959865072860169        11.1151661900180     
   2.59626535824142      -0.806576643664885      -0.395535454539148     
 -7.398193132231917E-002  -1.36750880085634       0.111782717800460     
  0.518441964425183       -1.15380845995365       -1.15939880358679     
  0.914770899511545      -0.794531925176555       -9.43248300153375     
   5.76484232856220       0.928247999496329        6.09513106049917     
  0.500959419477010       0.866985003187340        3.18163412244290     
   1.19375760355622       -1.02726678323745       7.702680145146085E-004
 -2.470421100441722E-002 -0.250887523120516       -1.15382390664873     
   5.44842133112147       0.119064642385492       -8.20511041980053     
 -0.291925363243489       0.680184552610930       -2.57573011468097     
  -5.16695827558231      -8.574163169428362E-002   8.46352956035731     
 -0.899701291207151      -0.544952673834306       2.596127552306551E-002
 -0.593340688882298      -0.539061195704356        1.42591813849434     
   4.02044831227798      -0.133488576389095        9.81310515341196     
 -0.447715137570920       0.661280281926633       -1.06248173385367     
  -3.68010437503355      -0.121243926726053       -9.42320268476677     
 -0.427509363720934      -0.330310559870686       2.919419816207715E-002
  0.476333338707604       1.222120055801343E-003 -0.937099562450446     
  0.323188215958437       5.692255121308320E-003  0.900054517128339     
 -5.156702155018079E-011  5.680384690868166E-003   7.78659652468721     
 -0.323193366452971       5.676867663550272E-003  -3.14543830427260     
 -0.476400859585032       5.863930603409563E-003  9.062660116285705E-002
 -0.476407960200658      -7.695883793419725E-003 -0.783971502635999     
 -0.323193366451361      -8.451849685508422E-003  -2.89093103268314     
 -3.718182053177892E-012 -8.455142965246319E-003   7.28768557985577     
  0.323180716362453      -8.433676059384297E-003   3.89670812934851     
  0.476493031394787      -8.024513114445611E-003  7.812174770932403E-003
