   1.88635364265338      -0.326108772552418      -0.101115865443728     
  0.167196501533330        4.10816540863443      -0.822425292909746     
  -2.31543345299503       0.333225450701095      -0.374189764316121     
  -1.24852267955009      -9.701131068722013E-002  0.344378765388690     
 -0.988990753809183        1.15243580723383      -3.998655567169977E-003
   3.01963491757958       -1.18291951205992       9.707485014141841E-002
  0.162898366339766        4.06684525358811       0.840427834744423     
   2.09350868918071       1.646397943199068E-002  0.385457385714635     
  -1.39324714057749      -0.774091184946775      -0.329884515657628     
   2.10920711594950       -1.51056833692135       6.640192392225260E-004
 -0.933057380888611        1.29385196765885      -7.117926623101142E-003
   2.93811711544642       -1.60206314534383       0.122506124623142     
   1.15005518168260       0.796170082310529      -2.291466567351151E-002
 -0.263443247270939       0.657497497178837      -0.147703601956453     
  -1.00809571082965        1.39096549522844       1.592682988006959E-003
 -0.996317671290467        1.17916389157689       9.114093548512550E-003
 -0.790959732133310       0.191793072872647      -0.124142644512732     
   1.53733171590884       0.231454761403279      -3.772363553655882E-003
   3.19006005255765      -0.969257379947380       0.148635394277348     
   3.16109486316278       -1.21891126902381      -1.816072649442902E-004
   2.12857381163944       -1.56078237751087      -4.289416849734294E-002
 -8.320338632876652E-002  0.989053661828429      -0.682298150675014     
  0.537889612181240      -0.655852266169679      -0.848040330949241     
  0.736269379672018      -0.379574859838319       0.303710840409858     
  4.635444881196946E-002  0.736059107932706      -5.385596357565629E-003
 -0.328445723214205        1.32633168395840       7.829552347497787E-002
   1.75312566062614      -0.793287217489736       0.717134390976411     
  0.837597363024438      -0.755826724445617       0.425657567152888     
 -0.885368251415451        1.14311290471510      -0.232665524805369     
   1.59611524469521       -1.03762789443177       2.331962376989946E-003
   2.83190511247827       -1.65560717793833      -9.709411349308690E-002
   1.75426507453176      -0.963718907020859      -0.420037954681102     
   2.39647925022460      -0.552122314976159       0.462405013555629     
  0.783544152460302      -0.146671462129151       0.246118605995517     
 -0.220765592756571       0.735577534113043       3.348105446584251E-003
  0.994538127965992       0.343770867700501      -2.948834261334844E-002
  -1.00408378324639        1.12529182734587       0.159423228603229     
  -1.01956682479059        1.53923834234291       0.253959836066454     
  0.468798049734950       -1.16957067914556      -4.732005463124023E-002
 -0.455592910999781       -1.07928058308455      -7.958969424241831E-002
 -0.439613149539906      -0.602417051798776      -1.920329399189159E-002
   1.13532706811035      -0.180726989555856      -0.807157513870964     
   3.49958322458809      -0.599009976488950       -1.17059089801001     
   1.17896787444036       0.618081329142013       0.138680809963404     
   1.04427894442898       0.428976532907377      -6.404776089252102E-003
  0.965349018116402       0.942187894948829       0.101993310967582     
 -0.377618615726328        1.03538324451555       0.615615623551617     
  0.150267408484946       -1.76383035397204       0.194136009619215     
 -0.891713366755460        1.36686375890935       0.278436526353979     
   1.15221230479951       0.760954120984512       1.935524490193827E-003
   2.04467015626724       -1.38085869891153      -4.866020680091607E-002
   2.15744151598679       0.636266958561454      -0.105022271898516     
  -2.08903702526750      -0.364545591420125       0.307035466455917     
   2.85683967256461       -1.13016746504195      -4.438331324921431E-003
   2.08080356590684      -0.103195615873900       7.290671353185216E-002
 -0.971389660472223        1.00273890820278       0.379281909873352     
   1.34350398865748        1.18964897033340       0.125917125280527     
  0.814133519367805       0.639276050362053      -0.591098772031691     
   1.18415359392782      -0.102611771898640      -2.936566780761302E-005
 -0.653203539259584        1.55873110813907      -5.746540247472543E-002
 -1.342229872517264E-002  0.856775316249969      -0.580762261307634     
  4.485399199287715E-002  0.747805802649337      -0.174783705283233     
 -0.459755970714723        1.32968173751458      -0.242922682173587     
   1.70854430583013      -0.279469115459602      -9.363547103277298E-003
  0.975251880030904       0.297444947127893       9.289862270510575E-003
  -1.68751319377156      -0.783080826157389       0.417780812573271     
  -2.07321670439272      -0.562309384390952       0.503700142666753     
  -1.16649356097306       0.420667507851072       0.487098117114293     
   2.09538660340001       0.387016845238653       2.175518030053149E-003
   2.24065994728689       -1.63680563482859       0.120525988342794     
   2.20101932185571       1.134042748262828E-003 -0.894692731803989     
  0.291142035156057       0.798749200812932       0.457934760255286     
  0.974817138281511       0.369395189639248      -6.989702836230400E-004
   1.02081476301283       0.459697446877739       0.144361755076373     
   1.17835892686330        1.64299462415886       0.459610186966378     
  0.850626326254489      -0.106998889880948      -0.355599564335027     
   1.09509357084091        1.13371697389159      -0.822615191205587     
   1.55628462097912       0.215608317417203      -3.591433177995619E-004
   2.07748871668711       0.269816594869419      -4.714099061165442E-002
   2.10654254089642       0.882963781015580       -1.05533774482140     
   1.43403105650680       0.497311857097208      -0.658096593632964     
  0.228062925545393        1.89168674997029      -5.759669416177592E-002
  0.338321053638353      -2.061765132789280E-002 -1.793915351292807E-002
 -0.153133138557892       0.329473517420657       0.128429305801281     
 -0.512413252437889       0.926911883646720       0.687089608252444     
   1.81760023650427       -1.09803243663942       0.182392137809212     
   1.74876997985275      -0.415945625276460       0.391095667616334     
   2.37750697392340      -0.616541531237464       1.476970256553176E-003
   2.13191406374424       0.683245517539704       3.937724863105808E-002
   1.87015574727577       0.578635483271300        1.87537347088737     
  -1.95257679816796      -0.574656621577380      -0.221426551564394     
   1.68808642270446       0.402232476966957       -1.01140973873914     
 -0.430512318984629        1.21652382777660      -1.137692864848381E-002
  0.990009285107532      -6.899590928064890E-002 -0.240211217966672     
  0.886155541641007       0.242684835622597       -1.06766328278000     
   2.61962927645421       -1.37441026317160        1.82630909340705     
 -0.562030723021857       0.681101619217004      -0.272274709394550     
   2.06895177429063       0.382362336409548       7.138556852118644E-004
  0.438175706198158      -0.194808651113379      -0.120372970832519     
  -1.66215196296439       0.862907120608432      -0.354350089009015     
  -1.27458533675809      -0.647015016417146        2.72147058567463     
  -1.58695531605236        1.53807856136231       -1.01309589113828     
  -2.22860773354932      -0.318181847276966       2.161641276026689E-003
  0.770871533154463      -0.460277551268977      -0.433048851138692     
   1.58543541001272      -0.619831913110704      -0.538036993035730     
   3.33885487419452      -0.564982715249988        1.75165968314661     
   1.01767926117834        1.99100129082401        1.87749535609673     
   1.55174324466065       -1.06091471864415       7.097821365092703E-003
  0.970116161859577       0.295129900121165      -1.173667029479791E-002
   3.24946936350691       0.977813768426590      -0.390605161696906     
 -0.687234145582157        1.18225126163841       -3.58360136644097     
  0.636753631874710        1.38173587094254        1.89731210193358     
   2.32632025347728       -1.65520293408781       2.799845655205237E-004
  0.154880576897032       0.612950473116540       3.827576633325102E-002
   1.48700297854911      -0.426216970389657        1.97778504491821     
 -0.812656635740652        2.52047201895375       -1.14686602752673     
   2.26439212030347      -0.785894740743670       -2.55556421818819     
   1.76803100613269        1.19551727713390       1.873001750702176E-003
 -1.291309520484421E-002  -1.69110399177656      -0.406224028400839     
   1.22162196073427        1.91467672535285       -2.40570442423362     
  -1.23740482977228        1.70515577951537        1.96777813959511     
  -1.60436534612194      -0.830990646112175      -0.615133848502161     
  1.668292914367078E-002 -0.702679135193491      -6.216550114596788E-003
  -2.28725034002692      -4.831593048790356E-002 -0.135214724657560     
  -1.67194752573356       0.985026639566344       0.104283572236283     
  0.497613692796234        1.68016117175763        3.61726150092351     
 -0.255360288286689      -0.873860241173688        2.17562296131360     
   1.63252900644911       0.288762324623559      -1.598685925025574E-003
   4.56027572878512       0.286957049207377       0.906489331549847     
   1.33449442803745       0.488909209202861        3.68286193328632     
   2.36904544860155       -1.39726836423725       -5.35403104214083     
   10.3107551241411        3.06424250960235       -11.2233524746089     
   1.04325968949960      -0.982082571885848      -4.274688172673918E-002
   1.32097509796308       -1.23873238758451       0.383455644517154     
 -0.249190850353771        1.34795990581733       -1.00818321672217     
 -0.568771202904252        2.14611721599929       -6.70703100231049     
  0.890025848476700       0.518454981781158      -0.236956385916552     
   2.44360953679111      -0.249685653910034      -5.300684374434475E-003
  -6.71680740537216       0.868250676940811        13.7393283872965     
  -6.15777744363968        3.91468814730600        7.68467356291863     
  0.566417768343373        2.10154758392729       8.007325380406177E-002
  -1.05149743286029        2.50646949030497       0.122196714158013     
   5.08472673303315      -0.248544637058980        11.1893932858862     
   10.1201570686283        2.63794693451389        14.5130227244873     
  -6.20774851516982        3.45850083444618       -11.4904970093149     
 -0.389569619683377      -0.529330246426403       3.692459707129850E-002
  -1.17064898691157       0.992814734955703        3.79976909162064     
   5.12731561654637        1.05390467867627       -5.09929884186164     
   1.68564096184711      -6.327953664538291E-002 -0.789088469286378     
  0.843951270403030      -0.420611777548028       0.143785069346820     
  0.583475475398839      -0.603619998651606       0.256453061596234     
  -2.13577290379504      -0.218098787354175       -2.99930073126100     
 -0.653068811076191       -1.18345081811026       -4.59507119340280     
   4.99186589115480        1.16387074662382        4.11432804989775     
 -0.418097866394936      -0.437116973787700      -8.716518956806883E-003
 -1.243611280652260E-002  0.928241375956838      -9.154444134779209E-002
   1.35071498426017      -0.303827673991749       -1.61114203934200     
  0.220644007252526      -0.814193082274116        1.95641147546800     
  0.148935866698516      -0.581058770828414      -0.572709108749060     
 -0.736693256083802       0.126479137854899      -7.077823584918162E-002
  0.506047776329425      -0.982906040126480      -3.397836424476441E-002
 -0.723400162325882       0.343969794439143        2.04939918218744     
   2.83499439127215       -1.40096402270521        2.13775455767771     
  0.862708258442006        1.39116204201187       -1.54717518826371     
   3.01038628339358       -1.21530703001136       3.584239533603277E-003
 -0.526976541294424        1.47266586485580       1.054571743106420E-002
  -1.13003662306672        2.17652891104890       0.857878931191941     
  -1.24995790549032      -3.913138360860818E-002 -0.178258538717625     
   1.68494848320709      -0.472039967964891       0.401707148945864     
  -2.36840791478575       0.107705753806879       3.726756035501156E-002
 -0.995529791789664        1.48360658778569      -0.155584136144595     
 -0.300400374642474       0.612544402442392       -1.90929819838295     
  -1.02162071315160        1.27325413980678       0.275426320086273     
 -0.198972432680379       0.104883572961748        1.17374650096292     
   3.56058759191453      -0.434037056834661      -7.860776193664068E-004
   2.07168145805144      -0.570643171238309      -5.138144303023968E-002
 -0.215791684198622       0.944022794164675      -0.252724124781409     
 -0.152763605608884        1.03634613815078       0.725890544914889     
   2.99692110959610       -1.10911705225786       6.420860103156423E-004
 -0.937693343363934       0.364076594916741      -2.345794398997743E-002
  -2.42731048068217       0.270817691662525      -0.111229687090525     
  -1.42553311725021        1.26715159004437       0.768169915531772     
  0.991301563029414      -0.332175735490622       0.833873264124047     
   1.76903552833672       -1.07322801364275      -0.155434390929336     
   1.05788064161872      -0.132448311914490       2.469153929444958E-003
  0.995325251933714        1.56280447230421      -0.153145727965759     
 -0.649314577202834       7.119785398718470E-002 -0.666311393905041     
 -0.982011870063169        1.53197414729556      -0.149575140819675     
  -2.22621659197886      -0.249628015302601      -1.752307012257465E-002
 -0.954193076736017        1.28985813813194       3.871132352928438E-002
  -1.57063523628629       0.487354930455650       0.312553534078778     
  0.231654366873287       0.406293858553983       0.242284476242304     
  0.332221298443555       0.915206678194160       0.157922334917243     
   1.08883379246884      -0.103841483199559      -6.892625423092166E-004
  0.662679946566630      -0.179327851321377      -0.103455307899517     
   1.16495765775465      -7.974753978068667E-002 -6.397326815292929E-002
 -3.771889538150280E-002  0.742806914354755       0.693668239422831     
 -0.419631248341334       8.637538906344447E-002  1.590718970168506E-002
 -0.717223804318615       0.142688133419895      -1.082574071198539E-002
 -0.169699987298486        1.10703951737374      -5.701151534558858E-002
  -1.00488037947195       0.905471489318749      -0.266569023702198     
   2.00713886660253      -0.261987332665584        1.57684722356868     
   1.13885789219396       0.506881652871966      -0.274093511070794     
  8.230451412182725E-002   2.01776870859836       1.014771019949547E-003
   2.94264083766233       -1.06271409247161       8.849266986825584E-002
  0.446730164588941       0.192850320907259      -0.126495489253850     
  0.544084989786166       0.861924331958272       -1.62715539120378     
  -1.14415076915687        1.69319390326893      -0.714806504112836     
 -0.546830900226478        1.08619085805753      -3.127137011281314E-002
 -0.408410762978313        1.21987201510249       0.106278639143898     
  -1.73750750793126      -0.394508524085152       0.825979720679845     
  -1.94878670010565      -0.447642873279153       0.120741661280222     
   1.11263010379415      -8.832738441929326E-002  0.131272633347606     
   1.01790151449009       0.152221522046852       1.156899408288857E-004
   1.99197266895462      -0.348494839842666      -0.232613303740425     
   2.01270992630973      -0.430266615099698       -1.13145253609201     
 -0.940736628446427        2.36525622903516        1.78905255458052     
  0.281593927766506      -0.616267210047818       0.728354447582216     
  0.386363138575575        1.88869763769816      -1.886684076167742E-002
  0.297013792207920        1.94805708283784      -6.086515188593367E-002
 -0.743148048721060      -0.345067476246876      -0.413555149597892     
   1.97754584601046       0.961963041899793       0.983122143468063     
   1.81826276490709       -1.48737165970746       0.674377907520380     
  0.767023764768947      -0.559578457197399      -1.858199219691453E-003
   3.00091762959588       -1.07377418294255       1.633227040537034E-002
   1.98168927821285      -4.497265565946451E-002 -2.984083830581585E-002
 -2.223541506011110E-002   1.21054644770359       -1.72843307272671     
 -0.552330722882358       0.439624247009441      -0.246600826171123     
  0.791596100364001       0.916561926194973      -3.219858240582344E-002
  0.726496559921324       0.941423572895896       0.143743750725700     
  -1.44567597204521      -0.514407639449116       0.792624960176312     
 -0.997057206258835      -0.532768497371331       1.189337851159235E-002
  0.877288530297325      -1.535842359013981E-003 -5.723891275610274E-002
   1.17043820276169      -0.134030736165787      -1.700346642043490E-003
   1.92678648194968      -0.132943582835782      -0.287473671765026     
 -0.455799281834586       0.940885011395742       -1.53209360637625     
 -0.672328119164472        1.81790284302064        1.88249973786688     
  0.342789556790928        2.02782506048083       0.321801773689459     
  0.710632316598972        1.00878964908171      -7.733678041384568E-003
  0.665891616997657        1.13285640837431      -3.325076509514108E-002
  -1.85752701640873      -0.517179165273648       0.336679445969433     
 -0.919873463637796       0.952726304501355        1.79465709125604     
 -0.800998837483415        2.33278252413801       0.204032043849384     
   1.25029521400656      -0.173092677381882       3.455684283182536E-004
   2.13034069450008      -0.549971447503734       0.182096807788182     
   1.00357347850205        1.71420341259629        1.15333807272173     
  -1.56318147042338        2.21217110969615       -2.63801964781517     
  0.471714910057183        2.01059932100641      -0.736305852402556     
  -1.57651955578396        1.86225944626845      -2.006976407001939E-002
  0.728998951264851        1.14950136267387       7.566203466959448E-002
  -2.06576008580393      -0.517795721455656      -0.442437426384050     
  -1.74499942874961       0.881618842244974       0.138267451539479     
   1.12886927387970      -0.521550879102865       0.427521240610674     
  0.989828523937470      -0.121954567371208      -4.851244206491513E-003
  0.223683011375844       0.306541055330749      -2.246579571891515E-002
 -0.521169526364945      -0.427848673327764      -0.371265785181258     
  -1.76734714321505        2.12972544995098        1.92826290397730     
  -1.00610235771238        2.06349005048450       6.510198082299751E-002
  -1.93952585939814        2.22576922896850      -3.286392153750923E-002
  -1.56334682343308        1.81046516589495      -1.464320377200733E-002
 -0.807632729475617        2.57438130009229      -0.199344135674732     
 -0.431634169614172      -0.580552344812729      -0.383527142926520     
   1.10109518510434      -0.614886176633746      -0.129996947878727     
 -0.614581084353097        1.02678410217475      -2.550620912554803E-003
  -1.43342485130927        1.49526756164943       1.181071367443753E-002
 -0.140756063056243       0.783328528816295        1.59517086359852     
  -1.12825357045876        1.69367147794157      -0.329909300789873     
  0.153309256811770        1.03784903622322      -0.194481075837218     
 -0.253740719212575        1.66087932989311      -1.384860219280246E-002
  -1.06254246937382        2.52169369954613      -6.311912744164161E-002
 -0.457763400415458        1.50932086865420      -0.815230570587233     
 -0.719888963173497        2.53436160300348       0.383372554403217     
   1.47494914092946      -0.287419079642850      -0.244525204276588     
  -1.33519313935170        1.30973683182962      -4.271765248598863E-003
   1.31617880867712      -0.199402543204202       9.019904366515273E-002
  0.334061304655025       0.425147818017585       4.675471888027831E-002
   2.53305568938881       -4.12524375019313        1.39199174450107     
  0.472657902339359        1.11251488501339      -0.194446854181831     
 -0.422341899671973        1.39556676323148      -2.043093065118503E-002
 -0.395506396441411        1.34718105272907       5.606817664942360E-002
  -2.10094743070606        1.95973781337721      -0.379365461895052     
 -0.208566624909217      -0.632659419091077       -2.39251397980888     
 -0.434417500105321      -0.773090141366336       0.526194828737501     
  0.829070667230934      -0.415261140378012      -2.808051854336512E-003
   1.29111223736995      -0.206206077544120      -5.196277328566969E-002
  0.226053559625398      -0.497284958316624      -0.983052934532106     
  -2.20088859480915       -1.47209257801157       -3.25388055681613     
  -1.91163236005421      -0.535503860531762      -0.379564954252300     
 -0.594692085930746        2.75794213103482      -2.657683621897902E-002
  0.879609615519046        1.56248539774581       0.158407263780321     
 -0.930012069633425        2.47873907599204        1.25879615969724     
  -1.98370473235617       -1.39995607743480        3.48242731580530     
   1.10296034211940       0.438066073445375       0.435366271929118     
  0.697728251292194      -0.297088998844081      -4.228933219510697E-003
 -5.015043035555566E-002  0.244582892816080       6.685569865145813E-002
  0.882995741383675       0.787214674909491       0.413764649382935     
 -0.260526461671650        1.07387990894664      -0.559996904581367     
 -0.927730770117315        1.34490407875641      -0.230921860079413     
 -0.486611226487634        1.21620955682912      -2.140597491107646E-002
 -0.849008236856680        1.42535991149797      -4.020601903094546E-002
  -1.56849665092093      -0.273603584749939       -1.16436578045920     
 -0.331963250260207        1.25196579122120       0.504677218670849     
   1.36651684782420      -0.110586675653265        1.00213610531451     
   1.32747646950039       0.278332393655424      -2.250924949830096E-003
  -1.15974227274444       0.183930108107287      -0.296191184809593     
   1.11594238063135       1.714597024920246E-002  -1.78559928471324     
 -0.825320526184437        1.53382415066584        1.10640423025737     
 -0.724371811366930        1.03052956472247       0.963618094062314     
 -0.456632131236155        1.17405476335068      -2.769955800511878E-002
 -0.793732481172319        1.44338070047842       9.858765338519423E-002
  -1.34635943287289        1.88302422599587        1.60920969037936     
 -0.354259058482183        1.09182753565945       0.896338762974102     
 -0.509159284357309        1.75292407726971      -0.910737328225671     
  0.764052564688393       0.801736573678006       2.129404532122713E-003
  6.153053490378834E-002 -0.433798803018136        2.05149087280197     
   1.12329030785463        1.43320993174590       -1.20019929275459     
 -0.667310125719896       1.492773210087939E-002  -1.47908663514245     
 -0.399210330267365      -5.542228826802820E-002 -8.141009636191876E-003
  0.677657492316853       0.564618410506391      -0.214369834049977     
  0.508559758918790        1.28351807219055       -2.98419579148401     
 -0.185909275559294        1.45070876431092       0.596257902208844     
 -0.609888640088123       8.402474792937475E-002   1.68600817306156     
  0.744745784817657       0.478025265488959      -4.864595190908127E-003
  5.936425038948539E-002  0.816882320636262      -0.472301065437690     
   1.44491382793899       0.507474602261432       -3.25250532886334     
 -0.576114049690875       0.129919679148448       0.912376676386430     
 -0.754077459040843      -0.144913731989660        1.56103942499883     
 -0.503789007305865        1.46414187031229      -3.199816963101409E-002
 -0.861568038434021       0.276440922563897       0.346069190425077     
  -1.02706292304328       0.408109562835567        4.41505640682081     
  0.582757187829501      -0.570559079720548        2.03256018765584     
 -0.849065981503640        1.77323960934792       -3.81898326791003     
  0.222395285484207       0.510063173676184      -1.448654998962672E-003
  0.584120900120005      -0.506959311945723       0.630465136540540     
  -1.30887145380225       0.475540855604140        5.94687892323232     
  0.406487865069271      -0.246700565593559        3.26700681761174     
   3.69058453736508      -0.127968007563338       -4.01354135259829     
 -0.540187287772254        1.49528399886401       4.918431020443498E-002
  -1.48804045332623      -0.557779864888627      -0.791822147872558     
  -1.31356634933586       1.163868405443741E-002  -7.99101980434680     
   2.19308762109292      -0.286977140458571       -1.27739807039289     
   3.13157849613519      -0.124780997413382        5.34631578023693     
 -0.383838566225369        1.28095705170963      -9.957194375838452E-004
  0.739587433145857      -0.601487809764625      -5.979995450006736E-002
   1.84911761397329       0.370547466734982       -1.59053410005088     
 -0.476059194423786       -1.66134077784830       -1.72247139387222     
  -2.18505712636120      -0.238049160937106        1.20792940757247     
 -0.513779559770722        1.43648065922064      -6.285065140338998E-002
  -1.05280678065154        1.68105971622618       2.450385336230120E-002
 -0.334371190936781       -1.15996865489890        3.40924917773798     
 -0.598254435337187       -1.52495257130166        1.88273391406485     
 -0.525521345168842      -0.875188239226374       -2.63356275018472     
 -0.185678014440393       0.586202987711214       5.987210815053553E-003
  0.854058760829584      -0.359420190527258       0.322144567433072     
  -1.41669600858332        1.46838918968490        2.20433051830869     
 -0.165227405447779       0.543945375035855        2.64203647699916     
   1.28326784482633      -0.450580902617451      -0.609333909585563     
 -0.138797216334454      -0.147717771088284       1.597251127989937E-002
  0.786425048009117       0.286741406845408      -0.211395772556762     
 -0.343816263852327      -9.374950709074897E-002  -4.03809584583370     
 -0.816559152762111       0.100190504082277      -6.054925630622407E-002
   1.69277808894581       0.221830540796515        2.31206372802514     
  0.152024283524512      -0.156640730101918      -5.657026354746931E-003
  6.674651442679735E-002  0.626514554180493       -1.14768031416256     
 -4.389086208750295E-003  0.244796028675978       -2.61622946866898     
  -1.81309045805812      -0.430464470210247      -0.478110428147792     
 -0.984977605380661        1.36557734865338      -4.856445282133885E-002
 -0.467536936345703        1.10703342328394       0.187609811955209     
  -1.59241857447697      -0.600484643080963        3.58549551841959     
 -0.858002596297610       0.997519383001092        1.50999198827640     
  0.382621902236501       3.848152848177161E-002  -1.65625497908309     
  0.698944530824066      -0.162803023072487       1.403730035253144E-003
  0.855623157764308      -0.543417715396539       0.267388069693648     
 -0.470990323696514       4.723964874252717E-002   2.38406994641916     
  0.532329003171999      -0.170577232864968       0.960033843893730     
   1.89804097192932      -1.202918268053942E-002  0.509330907315600     
 -0.266662603026773      -5.725238246150760E-002  3.632156258882042E-002
 -9.754959377206987E-002 -0.112204645412761      -0.374418262199589     
 -0.152599833493360      -0.529228023736955       0.605876872062010     
  0.664599803799489       0.260251107869645        2.03305443034549     
  0.676068262860390      -0.519962559664875      -4.137028961007801E-003
  0.636627487463148      -0.179419695464807       -3.63019157743336     
  0.398867030205725      -0.338476175562367       -3.43474513868289     
  -3.34106954822455      -0.125659245597449       0.879795887025752     
 -0.512026270976523        1.33442217545699      -8.750952098202490E-002
  -1.36196481334169       0.779015145438317       0.760596604223133     
  -1.21943699765177      -0.167655657612712        7.23625431197490     
  -1.87539458976469      -0.608977385454105       -1.06790671314563     
 -0.803508753409464       0.800628854195505       -3.64070021716503     
  0.432251960115370       0.749042438911371      -3.698908303634364E-003
  2.868753128195864E-002  0.138448351298847       0.845726827482941     
  -2.52421110519631      -0.208570225027587        7.86824914567816     
  0.170223596872915      -5.218373566372653E-002   3.23549001443310     
   4.74259253760964       0.219436272859734       -3.65978227388496     
 -0.279058410551844       0.449712683001401       2.829507544328946E-002
 -0.668104987760958       0.422689728992308       -1.09676528349479     
  -1.89268983211806       0.269486386767558       -11.0447159876814     
   1.71695779881534      -0.474850520661029      -5.915399665781217E-002
   4.01694215619895      -0.396052549412414        5.97984605827184     
  0.579999072919487       0.113459760899472      -9.418489741160628E-003
  0.326726550602648       9.030105468826236E-002 -7.073567371656150E-002
   1.80241578589584       8.032910851633877E-002  -3.26159313522783     
 -0.110404018158419       0.201500035794338       -2.81330207423791     
  -3.06617926524991       0.160331690565256        1.95413141230479     
 -0.583159855715130       0.244866546809153      -6.368357864467748E-002
 -0.661587008954136       0.244236194410825       0.353163581720000     
  0.246130330307937       0.139922961559185        5.87073899146175     
  -1.63835871145849       0.174808874494794      -0.368033444986018     
  -1.09903415004882       6.485558781936168E-002  -3.66310245498139     
  0.487368517002907       6.823961965222755E-002  5.960635863618874E-003
  0.476461646886099       4.721033110041015E-003  0.175931910733811     
  0.323193367353062       5.680733970478480E-003   2.86097509354755     
 -9.991578954738690E-008  5.691905819397661E-003   3.29236602944988     
 -0.323193367250310       5.680641438397286E-003  -1.09805859502371     
 -0.476407844346775       4.927465269341888E-003  2.583789495733623E-002
 -0.476407846535637      -7.721404195151384E-003 -0.322504487245158     
 -0.323193366684825      -8.454902980012797E-003  -4.76785218265091     
  6.128829290328285E-006 -2.143679389395091E-002  -1.44817137336294     
  0.323193366606286      -8.455059029938240E-003   2.45760277495484     
  0.476474188027504      -7.435011963558599E-003 -4.821534849615091E-003
