   1.89802211445525      -0.168198242974940      -0.101115865443728     
   1.12266691427358        3.12803263763426      -0.822425292909746     
  -1.62468948114488       0.390744822278502      -0.374189764316121     
  -1.69200394346020       0.454726049996504       0.344378765388690     
  -1.24655589868034       5.005826641671187E-002 -3.998655567169977E-003
   1.82272954211682      -0.576884223189014       9.707485014141841E-002
   1.08630184485356        3.10766411710588       0.840427834744423     
   1.69548445404263       4.145660018208728E-002  0.385457385714635     
  -1.82914843309493       0.881935545546337      -0.329884515657628     
   1.89714552738931      -0.756582264573969       6.640192392225260E-004
  0.847679213523571       8.382792225394295E-002 -7.117926623101142E-003
   2.15790091393224      -0.896865691095422       0.122506124623142     
  0.771571594420729        1.19176273523693      -2.291466567351151E-002
  0.187125505437521       0.296619202769228      -0.147703601956453     
  0.495276101298471       0.214563827235800       1.592682988006959E-003
  -1.03086959379107      -0.429836713701389       9.114093548512550E-003
  -1.03615358799706       0.536353739682800      -0.124142644512732     
   1.25277813763270       0.938616007658675      -3.772363553655882E-003
   2.31387767672211      -0.518760215147129       0.148635394277348     
   2.34339786744717      -0.843542661689565      -1.816072649442902E-004
   1.93548947412082      -0.699852817323535      -4.289416849734294E-002
  0.550178371516220       0.672956197248785      -0.682298150675014     
 -0.194219951818137      -0.819621651638005      -0.848040330949241     
  0.927699506073578       0.115736507271237       0.303710840409858     
  0.647370055626219       0.857486049030202      -5.385596357565629E-003
  0.454309383537530       0.857969650903889       7.829552347497787E-002
   1.54099286481580       -1.16057511206415       0.717134390976411     
 -0.116375571574763      -0.677165650103269       0.425657567152888     
  0.687044334963523       0.689637055891683      -0.232665524805369     
   1.44091916064054       -1.17436918962966       2.331962376989946E-003
   1.65574795865496      -0.573035720015459      -9.709411349308690E-002
   1.32882413705104       -1.26557511203445      -0.420037954681102     
   2.25515716513367       0.463704750088881       0.462405013555629     
 -0.139978237352402      -0.528351148134470       0.246118605995517     
  -1.16146728217475       0.471922703223324       3.348105446584251E-003
  0.683131587068315       0.349462068457554      -2.948834261334844E-002
  -1.12534481114906       0.277368468347967       0.159423228603229     
  0.502666645563521       0.123708935054441       0.253959836066454     
  0.488827652875823       0.280520296977240      -4.732005463124023E-002
  0.493219185036970       0.242712768891323      -7.958969424241831E-002
  0.913609993558779       0.195336369865536      -1.920329399189159E-002
   1.76889235173515      -0.197670269288966      -0.807157513870964     
   2.16844556613607      -0.541239226508495       -1.17059089801001     
  0.832114481341934       0.885952969229437       0.138680809963404     
  0.702572418904388       0.900476944510602      -6.404776089252102E-003
  0.240713298098851        1.49705666714855       0.101993310967582     
  0.932427479767484       0.442513629970153       0.615615623551617     
 -0.864212738555363       -1.37416381765465       0.194136009619215     
 -0.480180549673791      -0.745030367716300       0.278436526353979     
  0.828077684722739        1.19101169431627       1.935524490193827E-003
   1.95164587411147      -0.846871553171896      -4.866020680091607E-002
   1.66578501627170        1.04724948719102      -0.105022271898516     
  -1.40110427860420       0.835386551614916       0.307035466455917     
   1.22733952271631      -0.856905745772288      -4.438331324921431E-003
   2.03289406730184      -3.880058591201985E-002  7.290671353185216E-002
  0.801742179135675       9.487719956309715E-002  0.379281909873352     
  0.777677635608949        1.83827845418131       0.125917125280527     
  0.864074474541573       0.778884601951764      -0.591098772031691     
  0.526220570518753      -0.393945193264285      -2.936566780761302E-005
  0.275801326805026       0.241511941280024      -5.746540247472543E-002
  0.893272435275710       0.456564062005473      -0.580762261307634     
  0.543350569410840       0.866197441597909      -0.174783705283233     
 -0.541711909671724       9.239133506695762E-002 -0.242922682173587     
   1.24514780204634      -0.697067374434148      -9.363547103277298E-003
  0.685057862297487       0.368940161629038       9.289862270510575E-003
  -1.77747715010298       0.905017958912781       0.417780812573271     
  -1.02689161592422       0.837325875015862       0.503700142666753     
  -1.98253798339168       0.715169673636957       0.487098117114293     
   1.67623695524083       0.803582267612562       2.175518030053149E-003
   1.97411105125032      -0.756140792464672       0.120525988342794     
   2.03165388121283       0.618640485181129      -0.894692731803989     
  0.836839844889591       0.537602349597686       0.457934760255286     
  0.714880936749274       0.839514514910343      -6.989702836230400E-004
  0.775915852360869       0.948119576685033       0.144361755076373     
 -0.342087275540379        1.58914127994491       0.459610186966378     
 -0.156947222246734      -0.590665907692680      -0.355599564335027     
 -8.235425691048584E-002   1.43371324891495      -0.822615191205587     
   1.26205954529000       0.929809793712113      -3.591433177995619E-004
   1.75940431384674       0.788164670702603      -4.714099061165442E-002
   1.49496540428777       0.866640434209783       -1.05533774482140     
   1.08378438867913        1.01448796082881      -0.658096593632964     
 -0.151036384275746        1.55631941702904      -5.759669416177592E-002
  0.922717684384036       0.127039922812027      -1.793915351292807E-002
  0.754852343570508       0.193959657776876       0.128429305801281     
  -1.02770442304394      -0.302434733633205       0.687089608252444     
   1.81720220098975      -0.860917996743226       0.182392137809212     
   1.09636481202920      -0.917035572079572       0.391095667616334     
   1.63240828133972      -9.768524667630975E-003  1.476970256553176E-003
   1.44920236864276        1.00601324907655       3.937724863105808E-002
   1.44058290546477        1.28697242181447        1.87537347088737     
  -1.32742806622815       0.794380774120341      -0.221426551564394     
   1.38540716052703        1.45462321950943       -1.01140973873914     
  0.203342812840239       0.830690531296314      -1.137692864848381E-002
 -9.199775263287216E-002 -0.528740233457313      -0.240211217966672     
  0.491265355417272      -0.694452344690374       -1.06766328278000     
   2.13047125831373       0.223072940891567        1.82630909340705     
   1.02434538973051       0.250680261483097       0.281847884297642     
   1.66428721012403       0.847619781727972       7.138556852118644E-004
   1.28402011649336      -0.448002046477318      -0.120372970832519     
  -1.88481894431128        1.01600493209956      -0.354350089009015     
  -1.68168039434513       0.109237986133464        2.72147058567463     
  0.782881626906123       3.277630545336230E-002  -1.01309589113828     
  -1.37081848030394       0.200782900614838       2.161641276026689E-003
 -0.393926971663180      -0.762998007259258      -0.433048851138692     
   1.11408313691178       -1.08676529948437      -0.538036993035730     
   2.13154686585408      -0.327172107258108        1.75165968314661     
  0.446240791356299        1.45678851038354        1.87749535609673     
   1.36126743876207       -1.23803678201932       7.097821365092703E-003
  0.694147600767129       0.367945429900331      -1.173667029479791E-002
   3.16002559020503        1.26357539609061      -0.390605161696906     
  0.174577353710044      -2.510237857311343E-002  -3.58360136644097     
 -0.460487074959500       0.567242028523979        1.89731210193358     
   1.91848692712182      -0.742624402679089       2.799845655205237E-004
  0.741837489423438      -0.364610191345124       3.827576633325102E-002
   1.09386803028875      -0.566249532071095        1.97778504491821     
 -0.301171109311607       0.224613361111213       -1.14686602752673     
   1.88304404441724       0.123630178897005       -2.55556421818819     
   1.26168437435744        1.29689631250557       1.873001750702176E-003
  -1.08292581633254       -1.08942703448447      -0.406224028400839     
  0.738282771640676        1.60329186432203       -2.40570442423362     
 -0.700785050741929       0.374384947325077        1.96777813959511     
  -1.48777345918230       0.436602961371838      -0.615133848502161     
 -0.444110199511796      -0.694888058637703      -6.216550114596788E-003
  -1.43853069403044       0.727074980453274      -0.135214724657560     
  -1.95788083590453        1.00259775495227       0.104283572236283     
 -0.699605449787817        2.20158152506097        3.61726150092351     
 -0.652464239411837      -0.941836874049758        2.17562296131360     
   1.26586542693913       0.928110825882984      -1.598685925025574E-003
   5.17828142868580      -0.247940183219446       0.906489331549847     
   1.17536456121623      -9.935981551802807E-002   3.68286193328632     
   1.52613248326561      -0.846494273484843       -5.35403104214083     
   10.8233330733472       0.462959377631651       -11.2233524746089     
  0.285874386927987       -1.29880145520250      -4.274688172673918E-002
  0.756690606466770       -1.51992873305287       0.383455644517154     
  0.938041142073108       9.187137949846477E-003  -1.00818321672217     
 -0.862743787506065        1.82615204176906       -6.70703100231049     
  0.482227996004118        1.15211948360111      -0.236956385916552     
   2.33810476441182       0.638781121343578      -5.300684374434475E-003
  -7.03848191719811       0.961380638863984        13.7393283872965     
  -7.55320586920522        2.69333561260427        7.68467356291863     
 -0.251692132463014        1.39042189298105       8.007325380406177E-002
 -0.314018277173081       0.902996319682203       0.122196714158013     
   4.48563489922978      -0.466844717098555        11.1893932858862     
   10.4092522444379       0.570882878947210        14.5130227244873     
  -7.06814319385521        2.62843462723767       -11.4904970093149     
  0.865463334985394       0.163080795074934       3.692459707129850E-002
 -0.374470735575102      -0.365963765728040        3.79976909162064     
   4.11293197067868      -0.739743504429604       -5.09929884186164     
   1.39867248428162      -0.249715671125208      -0.789088469286378     
  0.398209113013721      -0.364262174407115       0.143785069346820     
 -0.160705308600878      -0.964777456252595       0.256453061596234     
  -1.75346211951569       0.644946545073804       -2.99930073126100     
  -1.73051935145897      -0.924972921771659       -4.59507119340280     
   4.03909611965928      -0.410443892616735        4.11432804989775     
  0.661165911168894       0.113379417497509      -8.716518956806883E-003
  0.602208407493547       0.239799207581887      -9.154444134779209E-002
  0.648942871556433      -0.331118345610342       -1.61114203934200     
 -0.849926569735856      -0.694978156148335        1.95641147546800     
 -0.946042082270704      -0.811866527649117      -0.572709108749060     
  -1.33895984823234       5.121049408065491E-002 -7.077823584918162E-002
 -0.900915640541370      -0.945196975089759      -3.397836424476441E-002
  -1.27924093994497      -0.209395180160872        2.04939918218744     
   1.76320658905773      -0.322476897471389        2.13775455767771     
 -0.185153564789384       0.767845271718231       -1.54717518826371     
   1.59824281044100      -0.556736452805805       3.584239533603277E-003
  0.511369387890987       0.187726070691565       1.054571743106420E-002
 -0.653679348482857        1.18729033907550       0.857878931191941     
  0.357463847105984       0.273201062942092      -0.178258538717625     
   1.36532288119770      -0.389478306855556       0.401707148945864     
  -1.39662208305210       0.688943671859554       3.726756035501156E-002
  -1.08818538942498      -0.327385039107012      -0.155584136144595     
 -0.117517827137621      -0.195125204523048       -1.90929819838295     
  0.103203432379753       0.176478187454883       0.275426320086273     
  0.644160352511499       0.539798109744664        1.17374650096292     
   2.01533719504462      -0.362992712403790      -7.860776193664068E-004
   1.14847325018832      -0.723900620209071      -5.138144303023968E-002
 -5.667786361537061E-002  0.366160025951278      -0.252724124781409     
  0.350533713387464       0.757850057591883       0.725890544914889     
   1.57447480114284      -0.547496147409768       6.420860103156423E-004
  -1.31627657373977       0.129797892420864      -2.345794398997743E-002
  -1.92805804397356       0.364008153326976      -0.111229687090525     
 -0.748515394351665        1.31097707673043       0.768169915531772     
  0.142508829758090      -0.411550842389298       0.833873264124047     
   1.79699784130674      -0.930124953853944      -0.155434390929336     
  0.697193681796468      -0.727262857728778       2.469153929444958E-003
 -0.485272821574076       0.221493982264718      -0.153145727965759     
  -1.18959581760415       0.754267074800611      -0.666311393905041     
 -0.592360851984345       0.106895030589813      -0.149575140819675     
  -1.38303105457860       0.196089352451739      -1.752307012257465E-002
  -1.03218480093421       0.109075860084165       3.871132352928438E-002
 -0.861650985790455      -9.342308859797611E-002  0.312553534078778     
  0.629500008589064      -6.336250457758062E-002  0.242284476242304     
  0.597000639751669      -0.408862436204067       0.157922334917243     
  0.786885218930153      -0.810110162700170      -6.892625423092166E-004
  0.171045640962004       0.175237757093790      -0.103455307899517     
  0.675737866814707      -0.824277060119338      -6.397326815292929E-002
  -1.16109909709605       0.147074179992132       0.693668239422831     
  0.230464101808241       0.928027818358018       1.590718970168506E-002
  -1.07871015220264       0.257515918135432      -1.082574071198539E-002
  -1.17634486609335       0.217997375331057      -5.701151534558858E-002
  0.380227205749282       0.906195719059626      -0.266569023702198     
  0.967466801468877      -0.291484966789669        1.57684722356868     
   1.18569296809699      -0.399348915471744      -0.274093511070794     
 -0.297547900425268       0.778003907234296       1.014771019949547E-003
   1.43981272729540      -0.573444472260513       8.849266986825584E-002
   1.23917389151307      -0.647582194235294      -0.126495489253850     
  0.112639260592749        1.12431439036582       -1.62715539120378     
  -1.07073869293370      -2.175857363592781E-002 -0.714806504112836     
  -1.13559754079118      -9.433169608545455E-002 -3.127137011281314E-002
 -0.964673073830162      -7.357769370298760E-002  0.106278639143898     
 -0.863559535551859       5.294500519673953E-002  0.825979720679845     
  -1.96508606199799       0.311383574293431       0.120741661280222     
  0.713115634419007      -0.793459992195659       0.131272633347606     
  0.704046087099261      -0.682705003528882       1.156899408288857E-004
  0.973204739027011      -0.807244048060488      -0.232613303740425     
  0.877109387273642      -0.726661023869226       -1.13145253609201     
 -0.730066580060494        1.14583279438388        1.78905255458052     
  0.168478289290103       0.672795392977443       0.728354447582216     
 -0.218412191915006        1.31336039914353      -1.886684076167742E-002
 -0.233429463860874        1.35483512076845      -6.086515188593367E-002
  5.876013461062340E-002 -0.188947476170268      -0.413555149597892     
  0.312332997441196      -0.232566945433927       0.983122143468063     
  0.443912993434753       9.551706635726895E-002  0.674377907520380     
  0.249177943022885      -0.705040020039267      -1.858199219691453E-003
   1.45474758760194      -0.522175799954306       1.633227040537034E-002
   1.27945230568468      -0.554998525749272      -2.984083830581585E-002
  2.471331351337602E-002  0.844298547060704       -1.72843307272671     
  -1.28084854643412       0.180164278618903      -0.246600826171123     
 -2.309746146082620E-004   1.28880167469687      -3.219858240582344E-002
 -2.233116397205846E-002   1.31219960063792       0.143743750725700     
 -0.893691298356094       0.807579238473776       0.792624960176312     
 -0.986029552841427       0.136131249018960       1.189337851159235E-002
  0.648208998380139      -0.527458354011099      -5.723891275610274E-002
  0.733688510612218      -0.635002797976454      -1.700346642043490E-003
  0.708936295562322      -0.515531173804668      -0.287473671765026     
  0.178756424730609       0.559028400911428       -1.53209360637625     
 -0.852156197890554       0.547168837872008        1.88249973786688     
 -0.181369870904046        1.41317170806308       0.321801773689459     
 -5.542000801917650E-002   1.21786145992791      -7.733678041384568E-003
 -7.920764909629541E-002   1.31797615677713      -3.325076509514108E-002
  -1.07105299812524       0.389517895384713       0.336679445969433     
  0.704713242486403      -0.139186310898137        1.79465709125604     
 -0.470276093150271        1.39619772075902       0.204032043849384     
  0.622875150745054      -0.449895939423366       3.455684283182536E-004
  0.824009279255783      -0.581165637076578       0.182096807788182     
 -0.233699418272470       0.742260805243346        1.15333807272173     
 -0.484445575176067        1.24508074672271       -2.63801964781517     
 -0.246207428673733        1.05853086320538      -0.736305852402556     
 -0.587071289996611        1.37472227714955      -2.006976407001939E-002
 -0.451460587291081        1.38658026174577       7.566203466959448E-002
 -0.761414070131193       0.155131917951250      -0.442437426384050     
  -1.95636020910042       0.891545641272925       0.138267451539479     
  0.713238254249974      -0.449066515470583       0.427521240610674     
  0.679657054459376      -0.741510202842181      -4.851244206491513E-003
  0.333289736004898      -0.382098078632888      -2.246579571891515E-002
  7.545201854115978E-002 -0.288316292430599      -0.371265785181258     
 -0.524855295596056       0.976422196601712        1.92826290397730     
 -0.536568665405828       0.797405027313091       6.510198082299751E-002
 -0.649612743427880       0.540640106948199      -3.286392153750923E-002
 -0.404051013253054       0.790198057668876      -1.464320377200733E-002
 -0.492686236580023       0.679507322489206      -0.199344135674732     
  -1.71354903779100      -0.180695979880404      -0.383527142926520     
 -0.168688458746871      -0.670884426351372      -0.129996947878727     
  0.418514288256010      -0.316817608879060      -2.550620912554803E-003
 -7.515471147851589E-002 -0.340864678743101       1.181071367443753E-002
  5.950004320256706E-002 -0.395148583895853        1.59517086359852     
 -0.584601696888474       0.645503775065707      -0.329909300789873     
 -7.866401422276841E-002  0.651543246876576      -0.194481075837218     
 -0.648234113730641       0.572719069294050      -1.384860219280246E-002
 -0.668871271444337       0.601407002123141      -6.311912744164161E-002
 -0.617750701250504       0.724179575205595      -0.815230570587233     
 -0.664407508076716       0.776852769883084       0.383372554403217     
   1.27187487533802      -0.227331331487999      -0.244525204276588     
  0.272265492739825      -6.913387211850752E-003 -4.271765248598863E-003
  0.489653607737325      -0.357500347205888       9.019904366515273E-002
  4.308273905375393E-002 -0.152106860229604       4.675471888027831E-002
   1.75172324029971       -4.10247000789908        1.39199174450107     
 -0.136433083019075       0.570307214424093      -0.194446854181831     
 -0.365332481402634       0.330016208050361      -2.043093065118503E-002
 -8.821012118300524E-002  0.478758520045753       5.606817664942360E-002
 -0.236403584489074       0.666973947215880      -0.379365461895052     
  0.828927508236938       0.270405777529544       -2.39251397980888     
  0.234777996155579      -0.161158383989141       0.526194828737501     
  0.505919099535444      -0.388023620923184      -2.808051854336512E-003
  0.376128327726896      -6.203394878697587E-002 -5.196277328566969E-002
  0.376086023034491      -6.431117183427577E-002 -0.983052934532106     
  -3.14190651169066      -8.967085683214263E-003  -3.25388055681613     
 -0.903296375246767       0.165201892094699      -0.379564954252300     
 -0.451431068670914       0.312164763565901      -2.657683621897902E-002
 -0.402867397627159       0.348399404942115       0.158407263780321     
 -0.526005192082658       0.249899614171510        1.25879615969724     
  -2.93139988649572      -7.258191076813789E-003   3.48242731580530     
  0.434326854926437      -8.992097527979992E-002 -4.228933219510697E-003
  0.738405650004831      -0.152731021561117       6.685569865145813E-002
  0.149026535420910      -2.746357330055239E-002  0.413764649382935     
 -0.265011958472879       0.237794595013003      -0.559996904581367     
  0.246700938141248       0.190409867683528      -0.230921860079413     
 -0.439681696477349       4.471501284571020E-002 -2.140597491107646E-002
 -0.394851629617897       2.675196087778035E-002 -4.020601903094546E-002
 -0.238929856754338       0.177431364547196       -1.16436578045920     
 -2.652213791376166E-002  0.228990016827116       0.504677218670849     
  0.436846467898739      -4.771529884656564E-002   1.00213610531451     
  0.494179829056682      -0.144734412063975      -2.250924949830096E-003
  0.476464698953500       4.626708340354618E-003 -0.296191184809593     
  0.323193372245626       5.680667206914152E-003  -1.78559928471324     
  5.557266489313087E-006  6.311339146979161E-003   1.10640423025737     
 -0.323193366447994       5.666145289653177E-003  0.963618094062314     
 -0.476407277029895       4.343142472975688E-003 -2.769955800511878E-002
 -0.476407829001551      -7.725703079975944E-003  9.858765338519423E-002
 -0.323193366450969      -8.564042212004387E-003   1.60920969037936     
  1.182688188035994E-005 -8.992336282801100E-003  0.896338762974102     
  0.323193370033897      -8.455216114316783E-003 -0.910737328225671     
  0.476472467987747      -7.688199400237324E-003  2.129404532122713E-003
