   1.91216566035393      -0.110542436472582      -0.101115865443728     
   1.14470906377370        2.99094127294665      -0.822425292909746     
  -1.50850339621092       0.431011624672749      -0.374189764316121     
  -1.58157204937226       0.533577753782656       0.344378765388690     
  -1.24518529321612       9.181830015916220E-002 -3.998655567169977E-003
   1.61882364301479      -0.503508911809831       9.707485014141841E-002
   1.10653123851969        2.97342192828157       0.840427834744423     
   1.74534230739413       2.281015990722968E-002  0.385457385714635     
  -1.88847609365808       0.852608637791569      -0.329884515657628     
   1.76205065349097      -0.668555331270070       6.640192392225260E-004
  0.950540380454010       0.250669281612810      -7.117926623101142E-003
   2.09439587001407      -0.833617775573624       0.122506124623142     
  0.738984781590295        1.18824827827774      -2.291466567351151E-002
  0.188153107281296       0.218287948317910      -0.147703601956453     
  0.514992284536400       0.227443025249983       1.592682988006959E-003
  -1.16667489120154      -0.340519555100015       9.114093548512550E-003
 -0.958769914024828       0.674444275808659      -0.124142644512732     
   1.20808911556326       0.983233014057618      -3.772363553655882E-003
   2.20249922772729      -0.462170243098901       0.148635394277348     
   2.27623984990336      -0.791145889500224      -1.816072649442902E-004
   1.81213132433418      -0.632204366859103      -4.289416849734294E-002
  0.569079452044574       0.685810206313614      -0.682298150675014     
 -0.297572230341907      -0.886579764825855      -0.848040330949241     
  0.960980021997813       0.221554789519817       0.303710840409858     
  0.603883355350132       0.876437263859678      -5.385596357565629E-003
  0.454445769611859       0.818297866655197       7.829552347497787E-002
   1.60121386555775      -0.975469275606822       0.717134390976411     
 -0.184865584304539      -0.742387842470838       0.425657567152888     
  0.725536200857144       0.684195714587904      -0.232665524805369     
   1.52234483790490       -1.04452853664751       2.331962376989946E-003
   1.42660294524831      -0.558710797098863      -9.709411349308690E-002
   1.51727434941562      -0.908313610491656      -0.420037954681102     
   2.27196712360284       0.502652356151179       0.462405013555629     
 -0.319069880343689      -0.687767674632693       0.246118605995517     
  -1.08682350427003       0.608479218988134       3.348105446584251E-003
  0.651083786356352       0.307525884465234      -2.948834261334844E-002
  -1.10957897456353       0.384344835133252       0.159423228603229     
  0.460777702884509       0.129231661806261       0.253959836066454     
  0.466830162467938       0.280055634111390      -4.732005463124023E-002
  0.494979614968946       0.251893711420789      -7.958969424241831E-002
  0.987562650266945       0.115589132316252      -1.920329399189159E-002
   1.79545663452164      -0.242668826011447      -0.807157513870964     
   2.03443173412964      -0.494709131567743       -1.17059089801001     
  0.766648400151045       0.869845547856493       0.138680809963404     
  0.657004578796521       0.921622640288871      -6.404776089252102E-003
  0.197256065127716        1.52526504982500       0.101993310967582     
  0.886986538378204       0.545240320058248       0.615615623551617     
 -0.980223506193749       -1.32658404297988       0.194136009619215     
 -0.607408056593710      -0.897448485622302       0.278436526353979     
  0.795085659979362        1.19576481049118       1.935524490193827E-003
   1.85541745244716      -0.756277442205582      -4.866020680091607E-002
   1.57521383862269        1.08666320432929      -0.105022271898516     
  -1.41304985575475       0.895159259440283       0.307035466455917     
   1.29494504769078      -0.984408708660888      -4.438331324921431E-003
   2.03063137913861       7.893236472163201E-002  7.290671353185216E-002
  0.835224799986706       0.136553361137529       0.379281909873352     
  0.668009318848516        1.82534610558574       0.125917125280527     
  0.840733732488626       0.789441236096520      -0.591098772031691     
  0.485747040387903      -0.402270946127039      -2.936566780761302E-005
  0.278090797685217       0.220176369192734      -5.746540247472543E-002
  0.841030578842891       0.535799342956486      -0.580762261307634     
  0.517115915537473       0.857994230163683      -0.174783705283233     
 -0.648522160495288       4.804233727296695E-002 -0.242922682173587     
   1.14119830124258      -0.815116708926376      -9.363547103277298E-003
  0.641222549324717       0.313255774560427       9.289862270510575E-003
  -1.83575041271417       0.909331636941820       0.417780812573271     
 -0.940124027626759       0.947350985797925       0.503700142666753     
  -1.97354226220683       0.659964114566038       0.487098117114293     
   1.64411370430448       0.868542448619674       2.175518030053149E-003
   1.87703513635251      -0.686557836299767       0.120525988342794     
   2.03033261593214       0.684664260664615      -0.894692731803989     
  0.730770898899427       0.473022057999107       0.457934760255286     
  0.668566222781706       0.854926906506680      -6.989702836230400E-004
  0.739772953559786       0.950806262184150       0.144361755076373     
 -0.355974024117359        1.56701275112204       0.459610186966378     
 -0.225924488181567      -0.702216853482074      -0.355599564335027     
 -0.130004837943481        1.36746330725937      -0.822615191205587     
   1.21960271256166       0.968651730166279      -3.591433177995619E-004
   1.72799004216291       0.840239208028991      -4.714099061165442E-002
   1.45291527142616       0.902838716757196       -1.05533774482140     
   1.04039645490451        1.04489431553235      -0.658096593632964     
 -0.217347919398801        1.48495368046238      -5.759669416177592E-002
  0.832078464933023       0.102387989981700      -1.793915351292807E-002
  0.859781759761547       0.149793184188690       0.128429305801281     
  -1.10288799248939      -0.251180824212536       0.687089608252444     
   1.57120560474205      -0.703619098503262       0.182392137809212     
   1.03530599196752      -0.987799269314765       0.391095667616334     
   1.64847204985177      -4.008984916298391E-003  1.476970256553176E-003
   1.35256261113108        1.02891556687399       3.937724863105808E-002
   1.42780246968601        1.32996598720733        1.87537347088737     
  -1.31037209636678       0.847213612927455      -0.221426551564394     
   1.41545652792421        1.49906310690595       -1.01140973873914     
  0.180432691720942       0.884725847730957      -1.137692864848381E-002
 -0.193652672515841      -0.650551172377697      -0.240211217966672     
  0.427297386906873      -0.750519048760468       -1.06766328278000     
   2.09203731900859       0.327644942691073        1.82630909340705     
   1.02237296723813       0.344555880491041       0.281847884297642     
   1.61629357206008       0.923489254070706       7.138556852118644E-004
   1.13127200702879      -0.491490377160892      -0.120372970832519     
  -1.90085455933343        1.00685915461250      -0.354350089009015     
  -1.66839092742446       0.182297369506440        2.72147058567463     
  0.861471461332457       5.288537736577602E-002  -1.01309589113828     
  -1.32666162925597       0.266845004824627       2.161641276026689E-003
 -0.524982617323039      -0.894565571424103      -0.433048851138692     
   1.08752705754869       -1.14147084507872      -0.538036993035730     
   2.04950388010380      -0.287352454497297        1.75165968314661     
  0.394059416197418        1.42288133059686        1.87749535609673     
   1.38994004998185       -1.22575585822797       7.097821365092703E-003
  0.642966246792468       0.316421877570178      -1.173667029479791E-002
   3.14884721369322        1.29499054633338      -0.390605161696906     
  0.192979693111103      -0.119036930911849       -3.58360136644097     
 -0.410028312703727       0.371989922544791        1.89731210193358     
   1.80953650188219      -0.661590807202143       2.799845655205237E-004
  0.743902985640630      -0.217759632950628       3.827576633325102E-002
  0.956250897013290      -0.587732432021234        1.97778504491821     
 -0.206338774686365       5.527113053239752E-002  -1.14686602752673     
   1.86678098967711       0.190829285244518       -2.55556421818819     
   1.24648452682661        1.37913888924836       1.873001750702176E-003
  -1.19597055147852      -0.968624571453214      -0.406224028400839     
  0.693199438313523        1.58125658915523       -2.40570442423362     
 -0.687381902138251       0.346171658804531        1.96777813959511     
  -1.43194898926036       0.534199399045558      -0.615133848502161     
 -0.580303432093545      -0.806291640611565      -6.216550114596788E-003
  -1.46354974177269       0.819918251755033      -0.135214724657560     
  -1.96430069320387       0.964150668612313       0.104283572236283     
 -0.844502032460978        2.22322606560973        3.61726150092351     
 -0.794581265095304      -0.924781175788748        2.17562296131360     
   1.22342300954913       0.966398687387482      -1.598685925025574E-003
   5.13412709721693      -0.358670673648352       0.906489331549847     
   1.16633776800043      -9.178608366068156E-002   3.68286193328632     
   1.43205063400355      -0.841412152983163       -5.35403104214083     
   10.6690871270607       0.193339724681429       -11.2233524746089     
  0.231425921798079       -1.33284216746802      -4.274688172673918E-002
  0.719074913416899       -1.54253012944107       0.383455644517154     
   1.02829312564910       0.111683811915138       -1.00818321672217     
 -0.931833095826601        1.83896680947062       -6.70703100231049     
  0.391137665127029        1.16256041481471      -0.236956385916552     
   2.33570704752748       0.685669039373616      -5.300684374434475E-003
  -7.06326210593663       0.958733438338486        13.7393283872965     
  -7.54606834874623        2.53627570199399        7.68467356291863     
 -0.297641255825883        1.30178571533436       8.007325380406177E-002
 -0.260612885134340       0.659029804971763       0.122196714158013     
   4.39064998341854      -0.434838174565461        11.1893932858862     
   10.2797355634771       0.357484804760146        14.5130227244873     
  -7.05091654272969        2.51270379676696       -11.4904970093149     
  0.985864841547624       0.103590516862626       3.692459707129850E-002
 -0.433242427554984      -0.478451809691353        3.79976909162064     
   3.91946284542946      -0.547935894571806       -5.09929884186164     
   1.24190903939247      -0.292968127521588      -0.789088469286378     
  0.394956450864438      -0.416519108266457       0.143785069346820     
 -0.222765714111154       -1.00763131972021       0.256453061596234     
  -1.72476797032611       0.665784729436493       -2.99930073126100     
  -1.81816947937241      -0.877808840105876       -4.59507119340280     
   3.94022430591268      -0.231119699623943        4.11432804989775     
  0.768237823296446       6.767894952334837E-002 -8.716518956806883E-003
  0.619133629323147       0.228659231004627      -9.154444134779209E-002
  0.585992065203990      -0.118630813019095       -1.61114203934200     
 -0.948908150591621      -0.595140100777243        1.95641147546800     
  -1.07483605348361      -0.611782908758506      -0.572709108749060     
  -1.31383925883901       9.058960637863170E-002 -7.077823584918162E-002
  -1.03847604842544      -0.799212872886306      -3.397836424476441E-002
  -1.34965710560762      -0.137559723620985        2.04939918218744     
   1.70343045279550      -0.323379303956507        2.13775455767771     
 -3.925774157982286E-002  0.569521573549623       -1.54717518826371     
   1.35446864831541      -0.610341131040281       3.584239533603277E-003
  0.524756291768857       0.188362028860671       1.054571743106420E-002
 -0.380055981196248       0.958423027058431       0.857878931191941     
  0.351722429900425       0.272941358360768      -0.178258538717625     
   1.23549293295129      -0.425721185755359       0.401707148945864     
  -1.38132298618730       0.773044490199083       3.726756035501156E-002
  -1.17655630146470      -0.239517937256830      -0.155584136144595     
 -7.870023306332319E-002 -0.336827118490161       -1.90929819838295     
 -5.509217192330068E-002 -1.250709335188935E-002  0.275426320086273     
  0.660365801724334       0.557326670185381        1.17374650096292     
   1.39264541930474      -0.793834229353611      -7.860776193664068E-004
   1.03423757335706      -0.799475467995128      -5.138144303023968E-002
 -4.017958924062271E-002  0.199236149870726      -0.252724124781409     
  0.341378046784720       0.771432209595185       0.725890544914889     
   1.33912411589376      -0.606143842080131       6.420860103156423E-004
  -1.28339004664098       0.205571735689933      -2.345794398997743E-002
  -1.82189352554957       0.403619933649210      -0.111229687090525     
 -0.632656949069369        1.26451487953519       0.768169915531772     
  0.263984890539188      -0.412475140196844       0.833873264124047     
   1.64847621809148      -0.761456355837761      -0.155434390929336     
  0.657893517147100      -0.767182275199064       2.469153929444958E-003
 -0.406489871572736       3.467996329643630E-002 -0.153145727965759     
  -1.14653567736620       0.865247304522437      -0.666311393905041     
 -0.716972504219855       0.110814523649878      -0.149575140819675     
  -1.33271527388231       0.254932986165436      -1.752307012257465E-002
  -1.10987625029637       0.148996100481976       3.871132352928438E-002
 -0.924635102761356      -6.144287580764521E-002  0.312553534078778     
  0.520862303449712       3.757620241468303E-002  0.242284476242304     
  0.543595333853455      -0.417017754933435       0.157922334917243     
  0.764676670646867      -0.837647954750007      -6.892625423092166E-004
 -3.832637424228157E-002 -4.141954339325932E-002 -0.103455307899517     
  0.637925549180676      -0.834703116492322      -6.397326815292929E-002
  -1.15006904569647       0.229280279783339       0.693668239422831     
  0.204843873072379       0.972094982398856       1.590718970168506E-002
  -1.07358097005357       0.326633743086065      -1.082574071198539E-002
  -1.13743587257947       0.322450284731711      -5.701151534558858E-002
  0.375808337886601       0.914776559294952      -0.266569023702198     
  0.926806974461925      -0.225535826562828        1.57684722356868     
   1.08087370132647      -0.524414229633587      -0.274093511070794     
 -0.249990581190901       0.545690741920839       1.014771019949547E-003
   1.24449372491590      -0.723991741423338       8.849266986825584E-002
   1.08813861242342      -0.747132121019481      -0.126495489253850     
  4.757527174073742E-002   1.09675544677622       -1.62715539120378     
  -1.09588467421716       3.373414615397233E-002 -0.714806504112836     
  -1.12002720269912      -7.447600539115154E-002 -3.127137011281314E-002
 -0.998094866241467       4.751872844578971E-002  0.106278639143898     
 -0.880039026435142       8.136785391859756E-002  0.825979720679845     
  -1.91609964764326       0.358796900404206       0.120741661280222     
  0.684787862234683      -0.821264798095348       0.131272633347606     
  0.621610880532362      -0.713147503841160       1.156899408288857E-004
  0.884959087719568      -0.804596938814095      -0.232613303740425     
  0.761871942560293      -0.710969207814158       -1.13145253609201     
 -0.650198504973260        1.06186894195857        1.78905255458052     
  9.366138107934072E-002  0.474098474022775       0.728354447582216     
 -0.279993067370608        1.22768242068890      -1.886684076167742E-002
 -0.301797125340443        1.25750228579912      -6.086515188593367E-002
  0.301095763393329      -0.396015685510328      -0.413555149597892     
  0.436786340467002      -0.249251436544869       0.983122143468063     
  0.352414227353116       9.002183166661064E-002  0.674377907520380     
  0.185072198540897      -0.792088932858310      -1.858199219691453E-003
   1.25666113513709      -0.602171036451800       1.633227040537034E-002
   1.10121319806751      -0.672458658355854      -2.984083830581585E-002
  2.674371873675466E-002  0.784563646020543       -1.72843307272671     
  -1.22654881086064       0.295903691805425      -0.246600826171123     
 -9.229596386344920E-002   1.19116587799991      -3.219858240582344E-002
 -8.770383057396378E-002   1.24191317990054       0.143743750725700     
 -0.831417196696688       0.843485154892719       0.792624960176312     
 -0.992414466895151       0.180695243107933       1.189337851159235E-002
  0.586856027821274      -0.535330245446840      -5.723891275610274E-002
  0.624490913982814      -0.653504268457972      -1.700346642043490E-003
  0.601528376345187      -0.492836148849645      -0.287473671765026     
  0.140997365239127       0.433411350674976       -1.53209360637625     
 -0.808799219021940       0.573773316325225        1.88249973786688     
 -0.203698083841591        1.29782596758490       0.321801773689459     
 -8.929254683547622E-002   1.07516327369772      -7.733678041384568E-003
 -0.129063663450295        1.24434323860914      -3.325076509514108E-002
  -1.03738932676106       0.513681158048923       0.336679445969433     
  0.702502539546661      -2.451716345495530E-002   1.79465709125604     
 -0.462050203047795        1.23708393741456       0.204032043849384     
  0.528234986377771      -0.486043103741545       3.455684283182536E-004
  0.700551681630677      -0.539821225366386       0.182096807788182     
 -7.232562699480780E-002  0.504777758637590        1.15333807272173     
 -0.378481199637304        1.05264581310700       -2.63801964781517     
 -0.204042416499231       0.834534508028519      -0.736305852402556     
 -0.539245716920471        1.21500899241328      -2.006976407001939E-002
 -0.476491981792718        1.17236436474764       7.566203466959448E-002
 -0.828158234749490       0.270681377343275      -0.442437426384050     
  -1.96948072627796       0.836497249066199       0.138267451539479     
  0.666493787255222      -0.400592170023321       0.427521240610674     
  0.627023952981399      -0.767723230683236      -4.851244206491513E-003
  0.375757087898951      -0.404605939360214      -2.246579571891515E-002
  0.180693585609999      -0.412154535160104      -0.371265785181258     
 -0.471982280976199       0.794031890394296        1.92826290397730     
 -0.562384399486941       0.678411281220708       6.510198082299751E-002
 -0.583585249952096       0.366101506985347      -3.286392153750923E-002
 -0.416903942777107       0.608517770657781      -1.464320377200733E-002
 -0.414516209786719       0.535025952919390      -0.199344135674732     
  -1.82316965635745      -7.982635904494768E-002 -0.383527142926520     
 -0.362296592419897      -0.787440403884923      -0.129996947878727     
  0.414108722520153      -0.413319007577281      -2.550620912554803E-003
  3.624866310505315E-002 -0.322263639006253       1.181071367443753E-002
  0.112731575291330      -0.437008530554638        1.59517086359852     
 -0.480268959825810       0.515490314834078      -0.329909300789873     
  2.703313419057524E-003  0.479871464606589      -0.194481075837218     
 -0.607706594999197       0.331804233832880      -1.384860219280246E-002
 -0.606162553739185       0.354041093174542      -6.311912744164161E-002
 -0.574646120311762       0.533618507495752      -0.815230570587233     
 -0.648575443181090       0.587179755336890       0.383372554403217     
   1.09490745878303      -0.252806186279478      -0.244525204276588     
  0.308441711345058      -0.425903475394472      -4.271765248598863E-003
  0.494217913063223      -0.371781859054493       9.019904366515273E-002
  0.161933420529973      -0.400482566995992       4.675471888027831E-002
   1.68560419727529       -4.09840671937293        1.39199174450107     
 -0.115770166984042       0.412258919654226      -0.194446854181831     
 -0.432656851808685       0.137061063547620      -2.043093065118503E-002
 -7.428488538121492E-002  0.295829757875730       5.606817664942360E-002
 -0.194874170250049       0.443289135897015      -0.379365461895052     
  0.827717047508570       0.305090170071453       -2.39251397980888     
  0.293764444168911      -0.423738908478006       0.526194828737501     
  0.470599371444677      -0.407880595350560      -2.808051854336512E-003
  0.435406063837761      -3.909881225271480E-002 -5.196277328566969E-002
  0.532769216678475      -0.153882054914281      -0.983052934532106     
  -3.18979222315911       0.120757728255701       -3.25388055681613     
 -0.886263087576734       0.208018177381093      -0.379564954252300     
 -0.481030845234753       0.188539899501479      -2.657683621897902E-002
 -0.467074746967297       0.177650831472461       0.158407263780321     
 -0.637921294909506       0.191878441622131        1.25879615969724     
  -2.97961599050958       0.117990361447806        3.48242731580530     
 -2.031712409847020E-002 -0.184006836380629      -0.458616832825702     
  0.457877686511680      -5.323249543957184E-002 -4.228933219510697E-003
  0.476463853779465       4.634783381049531E-003  6.685569865145813E-002
  0.323193366074415       5.677915578862438E-003  0.413764649382935     
  5.788472480374780E-007  1.584983607244576E-002 -0.559996904581367     
 -0.323193373901562       3.674649259704608E-003 -0.230921860079413     
 -0.476407609649078       4.360073646003395E-003 -2.140597491107646E-002
 -0.476407111697900      -7.681771224707914E-003 -4.020601903094546E-002
 -0.323193365418011      -7.833742127246947E-003  -1.16436578045920     
  1.320534607062571E-005 -4.666076678215018E-003  0.504677218670849     
  0.323193366501220      -8.453521937785032E-003   1.00213610531451     
  0.476475420279167      -7.502883353962844E-003 -2.250924949830096E-003
