   2.43415031470842       0.973104618015750      -0.101115865443728     
  0.981087281981273      -4.642299703639955E-002 -0.822425292909746     
 -0.260912156955563       0.744894716487467      -0.374189764316121     
 -0.206872381731602       0.704342471279229       0.344378765388690     
  -1.12425180060200      -1.935500248624248E-002 -3.998655567169977E-003
   1.38670994821442       0.221912574551283       9.707485014141841E-002
   1.17135289661088       5.414022520947891E-002  0.840427834744423     
  0.817551814472735        1.00196907582062       0.385457385714635     
 -0.826930755362488       0.664748121821949      -0.329884515657628     
   1.18573403000366      -0.424773119727430       6.640192392225260E-004
   1.17744719612547      -0.339040768505449      -7.117926623101142E-003
   1.53245911239419      -0.355472209870411       0.122506124623142     
  0.829552287796845       0.614220014591322      -2.291466567351151E-002
 -3.242067292390260E-002  0.326365485045130      -0.147703601956453     
  0.975460537128172       0.351373801898922       1.592682988006959E-003
  -1.29660361465121       0.633426381932542       9.114093548512550E-003
 -0.583394655626439       0.736312861662782      -0.124142644512732     
  0.722429702793808       0.697068619743895      -3.772363553655882E-003
   1.11575517986551      -0.381443180788279       0.148635394277348     
   1.62730809120001      -0.350838255845875      -1.816072649442902E-004
   1.08334159350700      -0.330615119033470      -4.289416849734294E-002
  0.823366904749328       0.339811290209814      -0.682298150675014     
  -1.28244961530520       0.184424093551228      -0.848040330949241     
   1.30601156513121       0.368929841685964       0.303710840409858     
  0.139622455697527       0.740377865274030      -5.385596357565629E-003
  0.162905082027027       0.764125875264635       7.829552347497787E-002
   1.24320179846666      -0.181691894594852       0.717134390976411     
  -1.27894214761911       0.135870925605759       0.425657567152888     
  0.993795624034601       0.426870918180966      -0.232665524805369     
   1.39661423822018      -0.343724032983953       2.331962376989946E-003
  0.995900823622846      -0.313764449351564      -9.709411349308690E-002
   1.29092146491874      -0.364191925648372      -0.420037954681102     
  0.937431071430044        1.11295048169808       0.462405013555629     
  -1.38604018198295       3.330475315833736E-002  0.246118605995517     
 -0.532644684171567       0.686070264683808       3.348105446584251E-003
  0.888674037311847       0.531245213106071      -2.948834261334844E-002
 -0.628805396689611       0.704757527775599       0.159423228603229     
  0.879005309624615      -9.056265173627187E-002  0.253959836066454     
  0.927524922384414       0.418409163594259      -4.732005463124023E-002
  0.826738577932122       0.428790664006816      -7.958969424241831E-002
   1.12895484257569      -0.129697008548693      -1.920329399189159E-002
   1.22507175561444      -8.021516342581606E-002 -0.807157513870964     
   1.09316798179841      -5.170929185548705E-002  -1.17059089801001     
  0.594259124429882       0.441268068138125       0.138680809963404     
  9.970106477936608E-002  0.880306150990891      -6.404776089252102E-003
 -0.232459667126956        1.36924229205960       0.101993310967582     
   1.13863355256004       0.515317157456972       0.615615623551617     
  -1.47716962695603       0.151499994029966       0.194136009619215     
  -1.32471113775417       0.147259910931182       0.278436526353979     
  0.829333975310886       0.632044756636452       1.935524490193827E-003
   1.39692647470155      -0.298887243534548      -4.866020680091607E-002
  0.541311532089621        1.19493313986735      -0.105022271898516     
 -0.783905241185936       0.146177697325559       0.307035466455917     
  0.478897086418564      -0.564401345686785      -4.438331324921431E-003
  0.844899846045078       0.886123655111188       7.290671353185216E-002
   1.18672812655479       0.262232995345097       0.379281909873352     
  0.457946057049177        1.19070527034253       0.125917125280527     
   1.00811418136341       0.186990975545427      -0.591098772031691     
  0.572471201967904       0.112623697541387      -2.936566780761302E-005
  0.874750346480849       0.420934964842773      -5.746540247472543E-002
   1.13914601421502       0.312546803715370      -0.580762261307634     
  0.116156480412648       0.777658537158606      -0.174783705283233     
  -1.28773718411699      -1.779664824784325E-002 -0.242922682173587     
  0.520996511021256       0.261483455507287      -9.363547103277298E-003
  0.765768873151588       0.453442880217793       9.289862270510575E-003
 -0.862932331872995       0.584308127481276       0.417780812573271     
 -0.481375174318838       0.852137013294501       0.503700142666753     
  -1.01382931758797       0.516208628790710       0.487098117114293     
  0.805487649269906       0.650062043253094       2.175518030053149E-003
   1.33171318955260      -0.471300303832122       0.120525988342794     
  0.955703345220120        1.05390523658363      -0.894692731803989     
  0.823668915896520      -0.102180418514290       0.457934760255286     
  0.102424939737471       0.857447261273173      -6.989702836230400E-004
  0.643363722355502       0.529742742459264       0.144361755076373     
 -0.811740230607405        1.69894768789822       0.459610186966378     
  -1.21735980602647       0.123751601799336      -0.355599564335027     
 -0.343109417130004        1.02289927212855      -0.822615191205587     
  0.724579387665969       0.674752425855809      -3.591433177995619E-004
  0.573431848158758        1.13960115132928      -4.714099061165442E-002
  0.686514315759713       0.916759207354158       -1.05533774482140     
  0.836575214118660       0.773678908701850      -0.658096593632964     
 -0.490498157828353       0.998150599258913      -5.759669416177592E-002
  0.656516955189728      -0.253628170358902      -1.793915351292807E-002
  0.765613695938179      -0.337308500910928       0.128429305801281     
  -1.03237783679781       9.105955110359801E-002  0.687089608252444     
   1.12860115721627      -0.180082236330830       0.182392137809212     
  0.190744497458018      -0.482803652389038       0.391095667616334     
   1.24991740619786        1.17017368077639       1.476970256553176E-003
  0.759122069999880       0.671434937637677       3.937724863105808E-002
 -2.023813550170342E-002   1.37477073214743        1.87537347088737     
 -0.718115470393509       6.141922291866111E-002 -0.221426551564394     
  0.326843396920991        1.31024725092273       -1.01140973873914     
 -0.302200460291304        1.13211248598333      -1.137692864848381E-002
  -1.49340144679174       0.193403512325042      -0.240211217966672     
  0.119181630141988      -0.704058649048640       -1.06766328278000     
   1.09850172613431        1.13124163269680        1.82630909340705     
   1.45448522560039      -4.164546180083292E-002  0.281847884297642     
  0.737534290366897       0.790734512866987       7.138556852118644E-004
  0.360502940407685       0.401034145616425      -0.120372970832519     
 -0.946386098548016       0.199626367526910      -0.354350089009015     
 -0.952676676596752      -0.305364494547866        2.72147058567463     
   1.48722297620448       0.122637568968761       -1.01309589113828     
 -0.523493124314059      -0.281556748414157       2.161641276026689E-003
  -1.38100622285689       0.293517912694859      -0.433048851138692     
  0.447808017353443      -0.785636091612725      -0.538036993035730     
   1.86690511077474      -0.153274525624335        1.75165968314661     
  0.303956850910600       0.940512528414919        1.87749535609673     
  0.708699095411299      -0.745116762730235       7.097821365092703E-003
  0.748360055769556       0.427443211896562      -1.173667029479791E-002
   2.99001435706327        1.75720617153527      -0.390605161696906     
 -0.206243045391849      -0.571160908265030       -3.58360136644097     
  -1.28303943370195      -0.696489524131096        1.89731210193358     
   1.04761985977675      -0.418021318941425       2.799845655205237E-004
  0.593826843180609      -2.493585626281446E-002  3.827576633325102E-002
  0.727134349392241       0.179844982719626        1.97778504491821     
  -1.49481534425123      -0.634236155099955       -1.14686602752673     
   1.09293538852890       0.893351912098036       -2.55556421818819     
  0.637615951010102        1.73921414071472       1.873001750702176E-003
  -1.16047408337764       0.474370682451834      -0.406224028400839     
 -1.006107332564915E-002   1.27870423359083       -2.40570442423362     
  -1.25684580079176      -0.217176743804950        1.96777813959511     
 -0.830651558160902       0.773193847858025      -0.615133848502161     
  -1.24308618874023       0.368930788241735      -6.216550114596788E-003
 -0.842064503255407       0.478409293995422      -0.135214724657560     
  -1.14593933730040       9.107367999719873E-003  0.104283572236283     
  -1.80792924434006       0.953781987929735        3.61726150092351     
  -1.09584793258363       0.211919715580704        2.17562296131360     
  0.706751177263114       0.772682018861728      -1.598685925025574E-003
   3.38958500045487      -0.610532844595968       0.906489331549847     
   2.22958050230719       0.420349143883702        3.68286193328632     
   1.93762290270353       0.907850476678433       -5.35403104214083     
   6.96512190710809       0.123437320925297       -11.2233524746089     
 -0.470220862096523       -1.51973792305568      -4.274688172673918E-002
  0.151489220078263       -1.51777942709448       0.383455644517154     
   1.91029704628903      -0.283348516617831       -1.00818321672217     
  -1.51676934067422        1.13083364103734       -6.70703100231049     
  0.448862990065265       0.876959968579768      -0.236956385916552     
   1.82297958536874        1.35547761363490      -5.300684374434475E-003
  -7.41079758924396       0.807389570590494        13.7393283872965     
  -6.32530045392502       8.005131447047081E-002   7.68467356291863     
 -0.552438395577205      -0.544266530737712       8.007325380406177E-002
 -0.256073176081662      -0.875342010838418       0.122196714158013     
   3.89186063519035      -0.201619139889399        11.1893932858862     
   7.28542577503711       0.241391227165177        14.5130227244873     
  -6.10406545029266       0.614024836178043       -11.4904970093149     
  0.677579189330764      -0.184364789537129       3.692459707129850E-002
  -1.64635617789881      -0.255350829667577        3.79976909162064     
   2.38910330906290      -3.865520395557537E-002  -5.09929884186164     
   1.31200815255720       0.118412261166643      -0.789088469286378     
 -0.321054054418587       0.186895628164847       0.143785069346820     
 -0.352649472750941       0.105585061791779       0.256453061596234     
 -0.564023854452914       0.178435167647585       -2.99930073126100     
  -2.52591991166152      -0.197877858009024       -4.59507119340280     
   2.20814649498495      -2.911335034337814E-002   4.11432804989775     
  0.565124169267934      -7.135838595594045E-002 -8.716518956806883E-003
  0.497329392865752       1.363480530781511E-002 -9.154444134779209E-002
   1.03885531926157       7.381764324268002E-002  -1.61114203934200     
  -1.16874291090864       2.239613394462616E-002   1.95641147546800     
 -0.797043821605059      -8.683107024732775E-002 -0.572709108749060     
 -0.459202428475480      -2.706151952689396E-002 -7.077823584918162E-002
 -0.642223191196737      -2.168847608485296E-002 -3.397836424476441E-002
 -0.613891642804906      -0.107400949361883        2.04939918218744     
   1.14720650562951       5.670366589901634E-003   2.13775455767771     
 -0.354168446870285       5.581435195489644E-002  -1.54717518826371     
  0.468220803546042      -4.468670879380552E-003  3.584239533603277E-003
  0.476486368702105       4.129324993850527E-003  1.054571743106420E-002
  0.323193366741355       5.680825875706511E-003  0.857878931191941     
  1.125864321317174E-007  5.680804051802285E-003 -0.178258538717625     
 -0.323193366544209       7.282530219538185E-003  0.401707148945864     
 -0.476407833437485       4.486158979661240E-003  3.726756035501156E-002
 -0.476407828695421      -7.749860301524769E-003 -0.155584136144595     
 -0.323193396944580      -7.526870137065255E-003  -1.90929819838295     
  1.410547873188223E-014 -6.805363328049885E-003  0.275426320086273     
  0.323193366548215      -8.454953500452287E-003   1.17374650096292     
  0.476478611515248      -7.412198983553251E-003 -7.860776193664068E-004
