   1.71258485176764      -0.325195969551587      -0.101115865443728     
  0.974379787667568        3.50990515199579      -0.822425292909746     
  -1.88460472702331       0.353382407676658      -0.374189764316121     
  -1.94579312891233       0.473879648521545       0.344378765388690     
  -1.19261726562505      -0.217298064177850      -3.998655567169977E-003
   2.24235585572510      -0.781330430516767       9.707485014141841E-002
  0.944665064533160        3.48145667960043       0.840427834744423     
   1.74781787650560       0.172814745389789       0.385457385714635     
  -1.55737658159870       0.582021270307742      -0.329884515657628     
   2.14021176458076       -1.06492407542180       6.640192392225260E-004
  0.555771171713540       1.699838996243634E-002 -7.117926623101142E-003
   2.33804688073626       -1.07410893527497       0.122506124623142     
  0.858529164488551        1.15648058132962      -2.291466567351151E-002
  0.418410401269330       0.549059883837272      -0.147703601956453     
 -9.376619104056239E-003  0.208848408654103       1.592682988006959E-003
 -0.719244809047310      -0.592458432576102       9.114093548512550E-003
  -1.10303899378382       0.209876660780582      -0.124142644512732     
   1.34410555619508       0.829232398108787      -3.772363553655882E-003
   2.55840634445460      -0.775130458615580       0.148635394277348     
   2.50088755624735      -0.978992052064654      -1.816072649442902E-004
   2.18528956844331      -0.951764499802362      -4.289416849734294E-002
  0.441208560489746       0.653027271501251      -0.682298150675014     
  9.045639132624524E-002 -0.660772742450768      -0.848040330949241     
  0.892931193205103      -0.131925498596042       0.303710840409858     
  0.682541767036451       0.777509189974094      -5.385596357565629E-003
  0.367835043985040       0.819114576246392       7.829552347497787E-002
   1.46766718861295       -1.16794135347663       0.717134390976411     
  0.218822169653704      -0.603556599815865       0.425657567152888     
  0.503290043016424       0.570001998977069      -0.232665524805369     
   1.48983601961440       -1.31258338704661       2.331962376989946E-003
   2.17496617484044      -0.828332227447955      -9.709411349308690E-002
   1.36942052604782       -1.27234674744478      -0.420037954681102     
   2.18110010496221       0.275145603191314       0.462405013555629     
  0.233595061499199      -0.631135654849905       0.246118605995517     
  -1.26312035472659       0.120997322119545       3.348105446584251E-003
  0.916209119861329       0.448734307145932      -2.948834261334844E-002
  -1.16643201688627      -1.361894305717329E-002  0.159423228603229     
  6.776648789461676E-002  0.180906716916027       0.253959836066454     
  0.360513577778981       0.282314989683179      -4.732005463124023E-002
  0.189912229531058       0.178052542159099      -7.958969424241831E-002
  0.518688850895771       0.187403897580224      -1.920329399189159E-002
   1.63169271613942      -0.239767810769493      -0.807157513870964     
   2.52885037160585      -0.647923431255862       -1.17059089801001     
  0.953981420544720       0.868634883928421       0.138680809963404     
  0.793351211305549       0.823019536978855      -6.404776089252102E-003
  0.497625276192356        1.30884364297819       0.101993310967582     
  0.413740202437142       3.811166787654243E-002  0.615615623551617     
 -0.554525341614661       -1.51352859758278       0.194136009619215     
 -0.236049847899622      -0.459343065668117       0.278436526353979     
  0.900824526925983        1.13847400107447       1.935524490193827E-003
   2.14435157118031       -1.11144306536290      -4.866020680091607E-002
   1.84936732588459       0.944034856804053      -0.105022271898516     
  -1.32106203435168       0.612503264001100       0.307035466455917     
   1.75606248765424      -0.510831380216487      -4.438331324921431E-003
   1.96031822421773      -0.298697631346311       7.290671353185216E-002
  0.503001090295713      -4.578385158010845E-003  0.379281909873352     
   1.08607437323567        1.73217867637154       0.125917125280527     
  0.860501308598418       0.727923753053605      -0.591098772031691     
  0.848385813845412      -0.289994866980949      -2.936566780761302E-005
 -3.479371334865317E-002  0.277523214924256      -5.746540247472543E-002
  0.396625593083768      -2.846100065739707E-002 -0.580762261307634     
  0.567890596606736       0.821459301077414      -0.174783705283233     
 -0.337186922932491       0.448093526671931      -0.242922682173587     
   1.66317118112809      -0.394184394800540      -9.363547103277298E-003
  0.948461242682831       0.443973237896005       9.289862270510575E-003
  -1.53801312738053       0.577158721343514       0.417780812573271     
  -1.08428822351572       0.412013998143577       0.503700142666753     
  -1.80640912872156       0.848449204022981       0.487098117114293     
   1.70629456702695       0.648622333805695       2.175518030053149E-003
   2.20008417547538      -0.999786073597719       0.120525988342794     
   2.03863060278983       0.436588281313002      -0.894692731803989     
  0.868606905529607       0.529168277726151       0.457934760255286     
  0.781557187785035       0.801399635117690      -6.989702836230400E-004
  0.849593762600208       0.882212617069387       0.144361755076373     
 -0.268954805275813        1.59263134983956       0.459610186966378     
  0.258241242192424      -0.466997161651732      -0.355599564335027     
  0.141092940208301        1.50851003546737      -0.822615191205587     
   1.34648182337451       0.824345741909086      -3.591433177995619E-004
   1.82973461036749       0.659275905061937      -4.714099061165442E-002
   1.60428342806201       0.783456695479916       -1.05533774482140     
   1.16784694772101       0.915545403988149      -0.658096593632964     
  0.107180753558472        1.67516656820109      -5.759669416177592E-002
  0.580490195209658      -0.380959904589340      -1.793915351292807E-002
  0.687068559159930       0.397873632462258       0.128429305801281     
 -0.770486133533756      -0.363530857514894       0.687089608252444     
   1.94226057290949       -1.21105636834546       0.182392137809212     
   1.40962355726474      -0.818791861960470       0.391095667616334     
   1.75744794596759       8.057770666080084E-002  1.476970256553176E-003
   1.75228558656053       0.921893344477674       3.937724863105808E-002
   1.47988047537780        1.11235451359570        1.87537347088737     
  -1.25290252691905       0.584525792928270      -0.221426551564394     
   1.32015794800257        1.22235137971374       -1.01140973873914     
  0.101491146790627       0.703124891560410      -1.137692864848381E-002
  0.794082717690261      -0.443153623173200      -0.240211217966672     
  0.700182012269097      -0.570665628084756       -1.06766328278000     
   2.19792628600406      -7.193213851724939E-002   1.82630909340705     
  0.739388781916331      -3.961934633326966E-002  0.281847884297642     
   1.71779718835297       0.668033521140884       7.138556852118644E-004
   1.57545730457043      -0.217966024030001      -0.120372970832519     
  -1.78241590584299        1.03592737662475      -0.354350089009015     
  -1.64756541797544      -6.788300522393706E-002   2.72147058567463     
  0.461071886791645       0.158068856330788       -1.01309589113828     
  -1.43707118659699       5.079220577056149E-002  2.161641276026689E-003
 -0.119503914547552      -0.480917608323288      -0.433048851138692     
   1.27173052333104      -0.965627481917800      -0.538036993035730     
   2.41156385617343      -0.399468185130452        1.75165968314661     
  0.579035765080282        1.53663407541038        1.87749535609673     
   1.42879257992292       -1.36150977227656       7.097821365092703E-003
  0.955688239507249       0.433947977919227      -1.173667029479791E-002
   3.19444627125628        1.17549440041104      -0.390605161696906     
  4.865706054007629E-002  0.376217801593612       -3.58360136644097     
 -0.691172160214358       0.930505437247999        1.89731210193358     
   2.16175398486655       -1.05137464234088       2.799845655205237E-004
  0.745395971956917      -0.715020114726867       3.827576633325102E-002
   1.54039100723976      -0.401790621209263        1.97778504491821     
 -0.357202740614916        1.00905554696189       -1.14686602752673     
   1.92983269076069      -7.963222302159134E-002  -2.55556421818819     
   1.35289543125138       0.995914717089291       1.873001750702176E-003
 -0.761517140065564       -1.34917839417967      -0.406224028400839     
  0.857879361389823        1.65481796962701       -2.40570442423362     
 -0.557479195219002       0.671937887008948        1.96777813959511     
  -1.71836429433678       0.194637540102038      -0.615133848502161     
 -0.143679409826496      -0.410571206772942      -6.216550114596788E-003
  -1.43243314636959       0.414119583918500      -0.135214724657560     
  -1.87013232968291        1.09244235951231       0.104283572236283     
 -0.340166832227649        2.05602491584831        3.61726150092351     
 -0.261613597952564      -0.885516814836126        2.17562296131360     
   1.35524884845356       0.824880535468156      -1.598685925025574E-003
   5.16893757911349       8.231136471221073E-002  0.906489331549847     
   1.13556984723855      -5.274413589739960E-002   3.68286193328632     
   1.78793096909039      -0.866322076919804       -5.35403104214083     
   11.0567019478751        1.30632188627009       -11.2233524746089     
  0.476859619823856       -1.20485579933101      -4.274688172673918E-002
  0.896427693362584       -1.45459248678929       0.383455644517154     
  0.829112989388151      -5.977041693082702E-002  -1.00818321672217     
 -0.709446828933938        1.80459532296696       -6.70703100231049     
  0.641000286004508        1.07639386541084      -0.236956385916552     
   2.32291644754005       0.487321005952216      -5.300684374434475E-003
  -6.95823934003182       0.953883784859114        13.7393283872965     
  -7.44085519273388        3.17549369676417        7.68467356291863     
  3.472428195920997E-002   1.53180139593798       8.007325380406177E-002
 -0.478752468527324        1.27668813502061       0.122196714158013     
   4.79788667578506      -0.406972412222430        11.1893932858862     
   10.6199865764556        1.23803978601723        14.5130227244873     
  -7.02305039389771        2.96652888591515       -11.4904970093149     
  0.675213511426436      -2.153924323911161E-002  3.692459707129850E-002
 -0.646893774747598      -0.168101994544114        3.79976909162064     
   4.96381543205668      -0.863385784540025       -5.09929884186164     
   1.50306114397151      -1.642588680269010E-002 -0.789088469286378     
  0.368077618790641      -0.468138808287133       0.143785069346820     
 -1.336477392741064E-003 -0.772818820283772       0.256453061596234     
  -1.73466828673219       0.577019439994057       -2.99930073126100     
  -1.45314608306026       -1.05858926057335       -4.59507119340280     
   4.62885595346090      -0.792959972021686        4.11432804989775     
  0.441871284776273       0.320284652823838      -8.716518956806883E-003
  0.530202742529829       0.337400038178345      -9.154444134779209E-002
  0.951611660796904      -0.368081829316951       -1.61114203934200     
 -0.514660529359254      -0.942198331252580        1.95641147546800     
 -0.362693457490035       -1.14804622171239      -0.572709108749060     
  -1.32627929721000      -0.103148586461603      -7.077823584918162E-002
 -0.496572152572602       -1.23106103715876      -3.397836424476441E-002
  -1.02719758703956      -0.445221855812786        2.04939918218744     
   1.90397995042843      -0.447162640391804        2.13775455767771     
 -0.302731469926100        1.27341535194569       -1.54717518826371     
   2.18405130088188      -0.719833473335562       3.584239533603277E-003
 -3.861574753171121E-002  0.262269371212789       1.054571743106420E-002
  -1.15478425596169        1.65231121546083       0.857878931191941     
 -4.587039107293445E-002  0.198810555182064      -0.178258538717625     
   1.51730247671983      -0.180776635673509       0.401707148945864     
  -1.47763800727444       0.369551703209442       3.726756035501156E-002
 -0.686046967736773      -0.479295883807532      -0.155584136144595     
 -0.235790028455752      -0.401500218323966       -1.90929819838295     
  0.186777531070650       0.651696770153782       0.275426320086273     
  0.586543656472106       0.489998064422821        1.17374650096292     
   2.51673166579143      -0.520088751596119      -7.860776193664068E-004
   1.73506611142303      -0.421754844903290      -5.138144303023968E-002
 -0.204249976597690       0.651731266839508      -0.252724124781409     
  0.284465944072969       0.706265465172357       0.725890544914889     
   2.17049613385051      -0.692199154445013       6.420860103156423E-004
  -1.31985830218127      -1.288770715842330E-002 -2.345794398997743E-002
  -2.05503898071276       0.322326664209392      -0.111229687090525     
  -1.14415960345797        1.31365130996176       0.768169915531772     
  0.270498101105809      -0.202194585063581       0.833873264124047     
   1.84114446199177       -1.24056051220800      -0.155434390929336     
  0.879159836587354      -0.711802923175730       2.469153929444958E-003
 -0.228250563876807        1.16177762202436      -0.153145727965759     
  -1.21356492751780       0.354030140453290      -0.666311393905041     
 -0.345796688957343       0.683856505541222      -0.149575140819675     
  -1.47724159004207       7.289351137399404E-002 -1.752307012257465E-002
 -0.821038058493166      -5.018534747965889E-002  3.871132352928438E-002
 -0.736154655858868      -4.645034033114233E-003  0.312553534078778     
  0.661827882528777      -0.331788384388256       0.242284476242304     
  0.868967147560757      -0.212665419062484       0.157922334917243     
  0.992865261618527      -0.669278178563652      -6.892625423092166E-004
  0.600179592087060      -2.464928772902253E-002 -0.103455307899517     
  0.863544777365922      -0.781782710915811      -6.397326815292929E-002
  -1.03947446779988      -0.110986232195200       0.693668239422831     
  0.127548316228406       0.779162670438908       1.590718970168506E-002
  -1.15397622560228       0.154564135202101      -1.082574071198539E-002
  -1.18085519034853      -0.190420604122381      -5.701151534558858E-002
  0.252688583451609       0.804794969620542      -0.266569023702198     
   1.27128522133963      -0.444425607781403        1.57684722356868     
   1.37827639495736      -6.221851713497797E-002 -0.274093511070794     
 -0.467823853373370        1.37003372907789       1.014771019949547E-003
   2.10367953020825      -0.613149139031439       8.849266986825584E-002
   1.64111304351767      -0.343832400417682      -0.126495489253850     
  0.282888285603896        1.09802398716655       -1.62715539120378     
 -0.921405390990416      -0.125528371269774      -0.714806504112836     
  -1.09544309065815      -0.208014244280877      -3.127137011281314E-002
 -0.895996536872560      -0.219290623485803       0.106278639143898     
 -0.805853321962799       0.212213834287865       0.825979720679845     
  -2.06013325229865       0.226838434566344       0.120741661280222     
  0.919585023428351      -0.732872196357618       0.131272633347606     
  0.957550109517822      -0.659862006415482       1.156899408288857E-004
   1.16150645359606      -0.799878993571581      -0.232613303740425     
   1.31128865260498      -0.731612975226096       -1.13145253609201     
 -0.923990765292115        1.17350526702546        1.78905255458052     
  0.310872980310010       0.486698860822957       0.728354447582216     
  8.534760830566923E-003   1.42243799645758      -1.886684076167742E-002
  4.894287789625737E-002   1.53300098278029      -6.086515188593367E-002
 -0.175551213944239      -0.444250372917039      -0.413555149597892     
  0.348918571431387      -4.122851691911497E-002  0.983122143468063     
   1.60304709877620       -1.62647623623563       0.674377907520380     
  0.472010338831901      -0.432928405783433      -1.858199219691453E-003
   2.05028840740979      -0.607323727275875       1.633227040537034E-002
   1.62193632274702      -0.282315228026002      -2.984083830581585E-002
  3.573792780667804E-003  0.965714582985342       -1.72843307272671     
  -1.26029554083175      -0.107538675582478      -0.246600826171123     
  0.280536261116304        1.32278504861123      -3.219858240582344E-002
  0.170865624243638        1.33261797485815       0.143743750725700     
  -1.04423428048622       0.725497836661585       0.792624960176312     
 -0.747041457947694      -6.480913162933895E-002  1.189337851159235E-002
  0.901786459913566      -0.624095984291552      -5.723891275610274E-002
   1.06281095162054      -0.611961924532248      -1.700346642043490E-003
   1.13031881056700      -0.567850330890419      -0.287473671765026     
  0.231443859387808       0.394380621440885       -1.53209360637625     
 -0.885189494447013       0.470907701550477        1.88249973786688     
  4.809754142227771E-002   1.63290605680816       0.321801773689459     
  0.195432379800420        1.30251981480794      -7.733678041384568E-003
  4.277588834056054E-002   1.37957229986039      -3.325076509514108E-002
  -1.13757513487166       0.170394586921841       0.336679445969433     
  0.731148379618153      -7.324921782801080E-002   1.79465709125604     
 -0.465087766474480        1.43937609397991       0.204032043849384     
  0.878679232960725      -0.375084514802308       3.455684283182536E-004
   1.44508873109274      -0.687823832632286       0.182096807788182     
 -0.165276209544811        1.50665116402176        1.15333807272173     
 -0.892370236019773        1.49833931858579       -2.63801964781517     
  0.133723423564839        1.75410423274668      -0.736305852402556     
 -0.776803609463428        1.54501579917327      -2.006976407001939E-002
  0.290457172045420        1.66143055731347       7.566203466959448E-002
 -0.601723390496044       0.678408290058277      -0.442437426384050     
  -1.87953482390346       0.967547485445132       0.138267451539479     
   1.00951950674988      -0.561024758329266       0.427521240610674     
  0.862576988195176      -0.747300349527432      -4.851244206491513E-003
  0.350253321110384      -0.486829439345367      -2.246579571891515E-002
 -0.232468653400613      -0.323145825033968      -0.371265785181258     
 -0.927348060509068        1.40146928148826        1.92826290397730     
 -0.727280003385480        1.17732993632157       6.510198082299751E-002
 -0.944122796717161       0.806422286821296      -3.286392153750923E-002
 -0.537633550271320        1.34098992298469      -1.464320377200733E-002
 -0.779504503612928       0.729142816650972      -0.199344135674732     
  -1.32629678676539      -0.430032155429047      -0.383527142926520     
  0.223679884511392      -0.684625574547893      -0.129996947878727     
  0.500710380518659       5.291449634832318E-002 -2.550620912554803E-003
 -0.439310632581757      -9.090549045162143E-002  1.181071367443753E-002
  0.320641330791048      -0.263570972468388        1.59517086359852     
 -0.851570370049289       0.797764178334556      -0.329909300789873     
 -0.203839156773707        1.01072982111539      -0.194481075837218     
 -0.904022081161923       0.857301198820522      -1.384860219280246E-002
 -0.822646917088305       0.867321900554404      -6.311912744164161E-002
 -0.784504074726960       0.983404763369163      -0.815230570587233     
 -0.588314079322316        1.15515667021960       0.383372554403217     
   1.51466499929213       0.119325648052669      -0.244525204276588     
  3.431569302365384E-002  0.194507061077729      -4.271765248598863E-003
  0.855967981689884      -0.322974342020079       9.019904366515273E-002
 -0.258951528789593      -0.158185212758654       4.675471888027831E-002
   1.95802373059124       -4.11367801791338        1.39199174450107     
 -0.227480226794610        1.09873869713207      -0.194446854181831     
 -0.236530412108182       0.906149859626800      -2.043093065118503E-002
 -0.218739478027628       0.774880764335835       5.606817664942360E-002
 -0.308107083023854        1.24507390555358      -0.379365461895052     
  0.679260840527598       0.264471400409610       -2.39251397980888     
 -3.331593884048258E-002 -0.415894114688490       0.526194828737501     
  0.753027375598081      -0.198380780626545      -2.808051854336512E-003
  0.965484837200711      -0.245150047480292      -5.196277328566969E-002
  0.568080382829577       8.190529026125054E-002 -0.983052934532106     
  -2.97318815546766      -0.401819775989389       -3.25388055681613     
  -1.06608909993478       0.175309214709394      -0.379564954252300     
 -0.509517893306107        1.13172595704301      -2.657683621897902E-002
 -0.302136262811726        1.19147091365582       0.158407263780321     
 -0.441703035760482       0.947137151540152        1.25879615969724     
  -2.76193773762221      -0.386638515123040        3.48242731580530     
  0.897711798269483      -0.239754804629212       0.435366271929118     
  0.886422090826949      -7.379367579704399E-002 -4.228933219510697E-003
  0.638556176358031       1.031604507050636E-002  6.685569865145813E-002
  0.137138538463495        1.13767936218678       0.413764649382935     
 -4.980297030882921E-002  0.627345558524127      -0.559996904581367     
  0.147011558130973       0.195737346515946      -0.230921860079413     
 -0.287468500640274       0.466137313327567      -2.140597491107646E-002
 -0.298232333356407       0.240593246331390      -4.020601903094546E-002
 -0.666596718893269       0.433953548423494       -1.16436578045920     
 -0.134679879406621       0.635280808276826       0.504677218670849     
  0.673684180930191      -0.392677673810081        1.00213610531451     
  0.575072324378437      -0.439132309134431      -2.250924949830096E-003
  0.173226858810824       0.246837127087887      -0.296191184809593     
  0.508660941546187      -0.401683031730867       -1.78559928471324     
 -0.767941260051525       0.416273189085663        1.10640423025737     
 -0.976918498580394       3.442514927711466E-002  0.963618094062314     
 -0.301367792723456       0.536863958040014      -2.769955800511878E-002
 -0.410714207309522       0.533018823107723       9.858765338519423E-002
 -0.627190943010356        1.24934859260993        1.60920969037936     
  0.584301926668385      -6.427517199674895E-003  0.896338762974102     
 -0.856864844254199       0.341885111344124      -0.910737328225671     
  0.313890385886239       0.321204813295659       2.129404532122713E-003
  8.941791739317467E-002  9.938836634360609E-002   2.05149087280197     
 -0.606620984132565       0.700131094601251       -1.20019929275459     
  0.905598957497559       0.142179309394693       -1.47908663514245     
 -0.256646418029607      -0.285214341632004      -8.141009636191876E-003
 -0.282112296248279      -0.134273315741280      -0.214369834049977     
 -0.424728106193072       0.762297613810178       -2.98419579148401     
 -0.848189787590999       0.801297331645524       0.596257902208844     
  0.299489206589566       0.324153047208023        1.68600817306156     
  0.839841105841895      -0.204890808703865      -4.864595190908127E-003
  2.668705981920100E-002  0.566864922546920      -0.472301065437690     
   1.24978614822514       0.146398258151999       -3.25250532886334     
  -1.50960576413381      -0.271243479779236       0.912376676386430     
  -1.86037220777508      -0.120012124515195        1.56103942499883     
 -0.570172802919150       0.441937680568168      -3.199816963101409E-002
  -1.15101528531992       0.429455030916007       0.346069190425077     
 -0.733830754628579      -8.928479186050703E-002   4.41505640682081     
  0.530621220674906      -0.286516385213212        2.03256018765584     
 -0.515384715334288       0.135314281699844       -3.81898326791003     
  0.399060872057740       0.518504039983601      -1.448654998962672E-003
  0.476464875577667       4.637590477984374E-003  0.630465136540540     
  0.323193369201666       5.696420810729856E-003   5.94687892323232     
 -3.250385529396042E-006  8.210186636898865E-003   3.26700681761174     
 -0.323193362380654       5.680749395750802E-003  -4.01354135259829     
 -0.476407709401648       4.899027370247935E-003  4.918431020443498E-002
 -0.476407828862208      -7.681529913821742E-003 -0.791822147872558     
 -0.323193365664815      -8.455143287704699E-003  -7.99101980434680     
 -9.198407051046925E-009 -8.429267352222155E-003  -1.27739807039289     
  0.323193367769143      -8.452836655859962E-003   5.34631578023693     
  0.476479952046000      -6.625725664800122E-003 -9.957194375838452E-004
