   2.05460308655221      -1.928052694177007E-004 -0.101115865443728     
   1.14202747336842        2.71756841275268      -0.822425292909746     
  -1.22370637157636       0.590690379501617      -0.374189764316121     
  -1.26597083814467       0.578954050755622       0.344378765388690     
  -1.23153010780428       7.430745129355751E-002 -3.998655567169977E-003
   1.52083224702623      -0.374235412728240       9.707485014141841E-002
   1.10079622176993        2.70574204383029       0.840427834744423     
   1.93653178564633       0.224732894439806       0.385457385714635     
  -1.90034140577105       0.760749939214254      -0.329884515657628     
   1.61349654422589      -0.654322418561664       6.640192392225260E-004
   1.11422619228345       0.222091067745150      -7.117926623101142E-003
   2.00004435761354      -0.808061459631266       0.122506124623142     
  0.673256580588463        1.15503361086674      -2.291466567351151E-002
  0.214246470634056       0.364516318503196      -0.147703601956453     
  0.566931451479727       0.328381830498347       1.592682988006959E-003
  -1.42098914488331      -0.195100917832088       9.114093548512550E-003
 -0.810321947871550       0.795023251603931      -0.124142644512732     
   1.08019956865812        1.06466962095303      -3.772363553655882E-003
   1.95692988577326      -0.348516679702118       0.148635394277348     
   2.18141414200949      -0.759758054005803      -1.816072649442902E-004
   1.66592615650264      -0.634491822316068      -4.289416849734294E-002
  0.606369866413478       0.723159482255379      -0.682298150675014     
 -0.583256831064186      -0.950460322986799      -0.848040330949241     
   1.16486981664587       0.147756235187367       0.303710840409858     
  0.498540897474664       0.891728773199484      -5.385596357565629E-003
  0.406010555573135       0.755196683847508       7.829552347497787E-002
   1.52228097241057      -0.902055113622087       0.717134390976411     
 -0.468995833833976      -0.880063317998227       0.425657567152888     
  0.873066565401139       0.633381539393557      -0.232665524805369     
   1.40686134282348      -0.926394990844780       2.331962376989946E-003
   1.30669227538202      -0.500627849241669      -9.709411349308690E-002
   1.46757090633903      -0.813869358114645      -0.420037954681102     
   2.27237569048738       0.601116417107252       0.462405013555629     
 -0.724449510363873      -0.734064454682178       0.246118605995517     
 -0.873785272710219       0.752745314664693       3.348105446584251E-003
  0.649995337906221       0.368429385354215      -2.948834261334844E-002
  -1.02233990790993       0.590857457319532       0.159423228603229     
  0.486510289594877       0.214262527158601       0.253959836066454     
  0.480429435148875       0.385615910800758      -4.732005463124023E-002
  0.530514110540562       0.362324285699338      -7.958969424241831E-002
   1.13187788174236       0.127575609322837      -1.920329399189159E-002
   1.79543839773198      -0.383539566849888      -0.807157513870964     
   1.90854223837601      -0.479534605526178       -1.17059089801001     
  0.661553290838614       0.850113568377279       0.138680809963404     
  0.569770248408954       0.937149712671877      -6.404776089252102E-003
  0.145025780846865        1.53884581522306       0.101993310967582     
  0.875095280383745       0.511669092786392       0.615615623551617     
  -1.20050958286826       -1.20803841656061       0.194136009619215     
 -0.966401981774718       -1.00985072308158       0.278436526353979     
  0.723254984365608        1.17965081060556       1.935524490193827E-003
   1.73219343658961      -0.737073469197064      -4.866020680091607E-002
   1.30290354605746        1.18384929167602      -0.105022271898516     
  -1.42993751876386       0.983373673437787       0.307035466455917     
   1.16134968990308      -0.919807719117437      -4.438331324921431E-003
   2.07858611211276       0.330793617440063       7.290671353185216E-002
  0.933309848197567       8.879643683578252E-002  0.379281909873352     
  0.468076718666121        1.75490704472768       0.125917125280527     
  0.835551418184922       0.770836364290231      -0.591098772031691     
  0.538219174393919      -0.171486927638340      -2.936566780761302E-005
  0.388287106309679       0.334239405191744      -5.746540247472543E-002
  0.773538586017539       0.462790852647291      -0.580762261307634     
  0.458903508884876       0.828358703824215      -0.174783705283233     
 -0.750793500108648      -7.836624041678554E-002 -0.242922682173587     
   1.01792010077975      -0.721193025007528      -9.363547103277298E-003
  0.639194690340780       0.395680440416355       9.289862270510575E-003
  -1.89206442387734       0.841072241010679       0.417780812573271     
 -0.716720322426734        1.02603100865069       0.503700142666753     
  -1.91493084257420       0.616893280572476       0.487098117114293     
   1.48378990069300        1.02037133092775       2.175518030053149E-003
   1.77460164005882      -0.691884874065046       0.120525988342794     
   2.02992522537463       0.868052551147925      -0.894692731803989     
  0.719716280084479       0.416578092117798       0.457934760255286     
  0.573151035997270       0.880912615050016      -6.989702836230400E-004
  0.677791692416712       0.924863717474849       0.144361755076373     
 -0.398041150853390        1.54918189055973       0.459610186966378     
 -0.676272974081264      -0.801481115466412      -0.355599564335027     
 -0.231598300626916        1.21999946558809      -0.822615191205587     
   1.10188236886026        1.02080146774276      -3.591433177995619E-004
   1.59512160822530       0.973315091908742      -4.714099061165442E-002
   1.31453750354422       0.972868778784468       -1.05533774482140     
  0.938430161070202        1.07125590620832      -0.658096593632964     
 -0.331133554361740        1.34340710863854      -5.759669416177592E-002
   1.02853268527945       0.154099730919438      -1.793915351292807E-002
  0.985255766937089       9.642618787669859E-002  0.128429305801281     
  -1.24194683296335      -0.165953788857629       0.687089608252444     
   1.41520448679122      -0.664257715163770       0.182392137809212     
  0.896796176606385      -0.934166194684614       0.391095667616334     
   1.88434668480560       0.258145547671344       1.476970256553176E-003
   1.16758670233399        1.05743216238023       3.937724863105808E-002
   1.36689854961335        1.37976857810413        1.87537347088737     
  -1.25991131843482       0.934338800225500      -0.221426551564394     
   1.44795273377379        1.51438548669073       -1.01140973873914     
  5.414733428368421E-002  0.972141522524360      -1.137692864848381E-002
 -0.385918378883515      -0.879338074982964      -0.240211217966672     
  0.369659554088047      -0.765726342651732       -1.06766328278000     
   2.03756414677740       0.632469014129336        1.82630909340705     
   1.06868825937340       0.315355584426205       0.281847884297642     
   1.39076058136092        1.07950055122098       7.138556852118644E-004
  0.826690266772242      -0.537308152322240      -0.120372970832519     
  -1.88451569994635       0.962680561187942      -0.354350089009015     
  -1.54982174546088       0.313338905209378        2.72147058567463     
   1.01980342970164       1.488946298184843E-002  -1.01309589113828     
  -1.18613286791470       0.395983897589730       2.161641276026689E-003
 -0.810245153734644       -1.02873638586532      -0.433048851138692     
  0.955988150673986       -1.09961870602474      -0.538036993035730     
   2.03095706388004      -0.219392052689894        1.75165968314661     
  0.286990203490449        1.35493708455117        1.87749535609673     
   1.26343896313559       -1.16089668880480       7.097821365092703E-003
  0.636124726245805       0.402984555964480      -1.173667029479791E-002
   3.13134317930603        1.37198704229466      -0.390605161696906     
  0.157483776369611      -5.813070774768933E-002  -3.58360136644097     
 -0.405274316190127       5.096620151858408E-002   1.89731210193358     
   1.68268169684014      -0.633606289758237       2.799845655205237E-004
  0.808796663235978      -3.445076706529645E-002  3.827576633325102E-002
  0.777861742957808      -0.445575090787939        1.97778504491821     
 -0.175371949881908      -0.273669708107770       -1.14686602752673     
   1.84358962460775       0.488200554885776       -2.55556421818819     
   1.18136067387735        1.50976588739168       1.873001750702176E-003
  -1.38680887813689      -0.684131364062810      -0.406224028400839     
  0.595201281361977        1.53072650781068       -2.40570442423362     
 -0.734572682524204       0.179878751429105        1.96777813959511     
  -1.27738630394552       0.627044653543576      -0.615133848502161     
 -0.898755609028784       -1.03477519927483      -6.216550114596788E-003
  -1.54327528443529       0.941575043376856      -0.135214724657560     
  -1.85689756038422       0.907795919706238       0.104283572236283     
  -1.16969078423172        2.19869819615827        3.61726150092351     
  -1.03421378446764      -0.827274994476975        2.17562296131360     
   1.10693086410815        1.01633919449998      -1.598685925025574E-003
   4.98798502008001      -0.570799263626007       0.906489331549847     
   1.42433597352270      -8.907146608812541E-002   3.68286193328632     
   1.47287607929715       0.308015927795480       -5.35403104214083     
   10.2459220779943      -0.293216330235197       -11.2233524746089     
  0.133199545788306       -1.34668053590600      -4.274688172673918E-002
  0.617883983085195       -1.52655614728615       0.383455644517154     
   1.57840009308075       1.320742727110361E-002  -1.00818321672217     
  -1.11150625551510        1.82845954631427       -6.70703100231049     
  0.163884090321261        1.21918672695097      -0.236956385916552     
   2.35455077517832       0.810612499325456      -5.300684374434475E-003
  -7.11163574475681       0.938304412817832        13.7393283872965     
  -7.47283138702382        2.22631147468538        7.68467356291863     
 -0.262805972883202       0.978964604227198       8.007325380406177E-002
  6.815548201592100E-002  0.384196140785719       0.122196714158013     
   4.26596380532035      -0.359197944700988        11.1893932858862     
   9.93196519947541      -2.832908854015262E-002   14.5130227244873     
  -6.97583931696845        2.26902378171245       -11.4904970093149     
   1.13191795124794       0.139901894127044       3.692459707129850E-002
 -0.551206713595416      -0.639645666004199        3.79976909162064     
   3.68131166583639      -0.166570400250366       -5.09929884186164     
   1.18775928558365      -0.196409794643404      -0.789088469286378     
  0.462230747021106      -0.240228004510480       0.143785069346820     
  0.198135364891168      -0.441572208071693       0.256453061596234     
  -1.61897196608306       0.695222254126258       -2.99930073126100     
  -1.96378831130258      -0.782259252009657       -4.59507119340280     
   3.77647666376055       9.266562370912709E-002   4.11432804989775     
  0.892053967437416      -7.836597515562274E-003 -8.716518956806883E-003
  0.733938360941434       0.296016692460811      -9.154444134779209E-002
  0.668054344331105       0.104504524627996       -1.61114203934200     
  -1.03763594291245      -0.448219125215733        1.95641147546800     
  -1.17185847969991      -0.342258547418961      -0.572709108749060     
  -1.29379615352679       4.937322129061883E-002 -7.077823584918162E-002
  -1.22300387357346      -0.491102778985565      -3.397836424476441E-002
  -1.49375206984350      -6.407606282517950E-003   2.04939918218744     
   1.67521437273941      -0.404187401256563        2.13775455767771     
  5.327921987533306E-002  0.459936462437268       -1.54717518826371     
   1.23201652752731      -0.567285287844352       3.584239533603277E-003
  0.554007688828870       0.225370164772647       1.054571743106420E-002
 -0.161433509690280       0.510837913211269       0.857878931191941     
  0.368368733943090       0.396898759539277      -0.178258538717625     
   1.19050006937480      -0.378771887732400       0.401707148945864     
  -1.38627636705037       0.883130207257980       3.726756035501156E-002
  -1.38024984008029      -0.135317309928449      -0.155584136144595     
  0.207495354463458      -0.212352551075609       -1.90929819838295     
  3.078213428058136E-002 -0.225671483624838       0.275426320086273     
  0.716345805648518       0.575383606254499        1.17374650096292     
   1.25572218162859      -0.740941475248244      -7.860776193664068E-004
  0.937188687449952      -0.726730279121700      -5.138144303023968E-002
 -2.835738561506453E-002 -0.147901650563057      -0.252724124781409     
  0.278955777342315       0.809669375469434       0.725890544914889     
   1.21495475028575      -0.560560854294833       6.420860103156423E-004
  -1.19421001698489       0.329330986205201      -2.345794398997743E-002
  -1.44338100942701       0.485318624915211      -0.111229687090525     
 -0.500465435159132        1.08364885771822       0.768169915531772     
  0.215928320596383      -4.065451663221471E-002  0.833873264124047     
   1.49720535192887      -0.720265285081370      -0.155434390929336     
  0.641477790556973      -0.601517293715355       2.469153929444958E-003
  0.100341049194631      -0.397800376423741      -0.153145727965759     
 -0.140125052310753       0.943768376884600      -0.666311393905041     
 -0.875997992816810      -2.410419802624002E-002 -0.149575140819675     
  -1.21679405805790       0.350237099871921      -1.752307012257465E-002
  -1.15605852559686       0.273892866654172       3.871132352928438E-002
  -1.02253291177333       3.828358810718885E-003  0.312553534078778     
  0.448567304300516       0.157342704931193       0.242284476242304     
  0.516811033848736      -0.248846719843174       0.157922334917243     
  0.704990250172722      -0.713747204800698      -6.892625423092166E-004
  9.634290077657617E-002 -0.283138213068210      -0.103455307899517     
  0.645422474993479      -0.620458330942111      -6.397326815292929E-002
  -1.05793067520611       0.352136316822368       0.693668239422831     
  5.230504451508879E-002   1.05771226017807       1.590718970168506E-002
 -0.999732177416628       0.505634900227821      -1.082574071198539E-002
  -1.06643440648414       0.512970659901885      -5.701151534558858E-002
  0.342987056871119       0.890355040997311      -0.266569023702198     
  0.997567589893143      -0.204804316885442        1.57684722356868     
  0.881733014504317      -0.542121089819627      -0.274093511070794     
 -0.237752044865977       9.125957208226626E-002  1.014771019949547E-003
   1.10642834527783      -0.653006853488854       8.849266986825584E-002
  0.937192933809656      -0.669172008260996      -0.126495489253850     
 -0.139282856544331       0.966795237097172       -1.62715539120378     
  -1.12103001617588       0.139341245270857      -0.714806504112836     
  -1.08934546962011       3.582521794321503E-002 -3.127137011281314E-002
  -1.06920955955783       0.222595912535690       0.106278639143898     
 -0.943903539827338       0.107058612336808       0.825979720679845     
  -1.65122433148930       0.479718290450982       0.120741661280222     
  0.657582658657108      -0.568009648164571       0.131272633347606     
  0.608264501496672      -0.633046251619876       1.156899408288857E-004
  0.717024699931837      -0.611930908531384      -0.232613303740425     
  0.606539460231815      -0.494499507182506       -1.13145253609201     
 -0.574650554245750       0.832984647617303        1.78905255458052     
  5.125039904715507E-002  0.368666387874761       0.728354447582216     
 -0.347841814910646       0.862893969986901      -1.886684076167742E-002
 -0.358116100632427       0.905430244461035      -6.086515188593367E-002
  0.413755971750523      -2.471175921192495E-002 -0.413555149597892     
  0.593830241603032      -4.386071152068506E-002  0.983122143468063     
  0.323453100347701       0.260795898404611       0.674377907520380     
  0.153329951816089      -0.480361564347626      -1.858199219691453E-003
   1.12421767474267      -0.543690515299753       1.633227040537034E-002
  0.751114350275899      -0.522990046918424      -2.984083830581585E-002
 -4.099873921664103E-002  0.692258500158433       -1.72843307272671     
  -1.04109120573885       0.457678483026455      -0.246600826171123     
 -0.159651639064951       0.892861765072277      -3.219858240582344E-002
 -0.242666299747358       0.870577203162874       0.143743750725700     
 -0.136766306273499       0.931227629672286       0.792624960176312     
 -0.990058131099148       0.255708354052825       1.189337851159235E-002
  0.489296859725820      -0.488182694166610      -5.723891275610274E-002
  0.583129780800599      -0.596077619966781      -1.700346642043490E-003
  0.469474252571650      -0.359885633196512      -0.287473671765026     
  7.923562268304195E-002  0.294132939855563       -1.53209360637625     
 -0.732424032199367       0.504109526832452        1.88249973786688     
 -0.241332476482990       0.918783147986093       0.321801773689459     
 -0.119789697448492       0.856226345479814      -7.733678041384568E-003
 -0.179654175674365       0.884894255031469      -3.325076509514108E-002
 -0.884978779501954       0.682632401165960       0.336679445969433     
  0.820648064358417       0.141171266733720        1.79465709125604     
 -0.469783264401698       0.672951868291589       0.204032043849384     
  0.443848289876886      -0.487733262670015       3.455684283182536E-004
  0.538736625186216      -0.329922904536558       0.182096807788182     
 -9.478563229590430E-002  5.025719225752558E-002   1.15333807272173     
 -0.257510706756768       0.619146784393806       -2.63801964781517     
 -0.117500729205246       0.386971645878624      -0.736305852402556     
 -0.510087162507812       0.730182215653323      -2.006976407001939E-002
 -0.512983774918321       0.696919096128054       7.566203466959448E-002
 -0.789822023243358       0.344059443436247      -0.442437426384050     
  -1.84823778022105       0.686979412425550       0.138267451539479     
  0.666417795381397      -0.229743256977269       0.427521240610674     
  0.596537033090928      -0.671042830047929      -4.851244206491513E-003
  0.507072413091130      -0.203979791408546      -2.246579571891515E-002
  0.306187697392959      -3.783280386582000E-002 -0.371265785181258     
 -0.386424825812918       0.403876589961903        1.92826290397730     
 -0.238263119845085       0.390989526227492       6.510198082299751E-002
 -0.468590364531615       0.204316743117295      -3.286392153750923E-002
 -0.545978247966621       0.337243013290607      -1.464320377200733E-002
 -0.406488061347502       0.241687065719254      -0.199344135674732     
  -1.94899506273443       0.107462464276219      -0.383527142926520     
  0.323779184808368      -0.233552008514490      -0.129996947878727     
  0.523968119308986      -0.221448911642045      -2.550620912554803E-003
  0.382951210396495      -9.496383325272922E-002  1.181071367443753E-002
  0.326852168434610      -0.249016987480105        1.59517086359852     
 -0.513916560923233       0.250946665416587      -0.329909300789873     
  6.888545813760710E-002  0.168825553342860      -0.194481075837218     
 -0.433838194173717       0.182172495012604      -1.384860219280246E-002
 -0.462867497727855       0.164219187091123      -6.311912744164161E-002
 -0.609825170931154       0.146612010149939      -0.815230570587233     
 -0.776072609055241       0.441207283817831       0.383372554403217     
   1.19392992226004      -0.248533026469048      -0.244525204276588     
  0.480033522567660      -0.108369831239487      -4.271765248598863E-003
  0.476463011473291       4.682445341973338E-003  9.019904366515273E-002
  0.323193368997876       8.120250105816938E-003  4.675471888027831E-002
  8.854095902209794E-005  6.353114629170450E-003   1.39199174450107     
 -0.323193369959192       3.100151920213605E-003 -0.194446854181831     
 -0.476407828528601       4.347954792908833E-003 -2.043093065118503E-002
 -0.476407829011498      -7.727385617505569E-003  5.606817664942360E-002
 -0.323193370148870      -1.858374850168911E-002 -0.379365461895052     
  1.698666196647164E-007 -7.914677819182283E-003  -2.39251397980888     
  0.323193365972759      -9.979740540323256E-003  0.526194828737501     
  0.476474999920461      -7.593858484476809E-003 -2.808051854336512E-003
