   1.98514939349707      -1.665217414137291E-003 -0.101115865443728     
 -0.430577732162326        4.08086691291213      -0.822425292909746     
  -1.68734674296210       0.222719279331104      -0.374189764316121     
  -2.17149747445276      -0.476857980462462       0.344378765388690     
  -1.59162078195239        1.81196812077046      -3.998655567169977E-003
   3.19394486947509       -1.51018786379430       9.707485014141841E-002
 -0.415982720613147        4.04048108448371       0.840427834744423     
   1.90489903895247       0.171418982790424       0.385457385714635     
 -0.439664404961413      -0.266621303670884      -0.329884515657628     
   2.25386815809908       -1.13599873069621       6.640192392225260E-004
  -1.28985281583097        2.23073846446594      -7.117926623101142E-003
   3.44560743033748       -1.68319881625701       0.122506124623142     
   1.09770481394814       0.549254425974604      -2.291466567351151E-002
 -0.482053782415722        1.47939488829376      -0.147703601956453     
  -1.28068533299783        2.29586018148039       1.592682988006959E-003
  -1.44930334727293        2.01003778934062       9.114093548512550E-003
  -1.65903912638579       0.434435267986954      -0.124142644512732     
   1.74748081590672       0.612751816940728      -3.772363553655882E-003
   3.57483658808674       -1.31477585279875       0.148635394277348     
   3.52284194247352       -1.45099450614899      -1.816072649442902E-004
   2.25148131786642       -1.18702197454040      -4.289416849734294E-002
 -0.523612135724949        1.55876842424639      -0.682298150675014     
  0.724308608896001      -0.274273751322802      -0.848040330949241     
 -0.874866596193606        1.12220521337103       0.303710840409858     
  -1.22204603515299        1.74764253423678      -5.385596357565629E-003
  -1.01181216021357        1.64787614796726       7.829552347497787E-002
   1.99336993087151      -0.400040422140799       0.717134390976411     
  0.160678645797149      -0.359724973439827       0.425657567152888     
  -1.39576036127329        2.25459804744983      -0.232665524805369     
   1.81193104305389      -0.661114091190328       2.331962376989946E-003
   3.39762329115561       -1.79521081509990      -9.709411349308690E-002
   2.00984351863838      -0.559873496772547      -0.420037954681102     
   2.68326703667525       -1.34365543320670       0.462405013555629     
  0.465401397696884      -0.234820388245974       0.246118605995517     
 -0.458161468564364        1.13265075685833       3.348105446584251E-003
  0.219834132338175       0.144483070973280      -2.948834261334844E-002
  -1.60875582646304        1.65174621326415       0.159423228603229     
  -1.36768438080837        2.86506133101268       0.253959836066454     
  0.920158531063514       -1.13120796931581      -4.732005463124023E-002
 -0.359006740585854       -1.69156045655651      -7.958969424241831E-002
  0.823380059830012       0.203955135994224      -1.920329399189159E-002
  0.875987967349666      -0.199316201743839      -0.807157513870964     
   3.73015128409298      -0.844558768400137       -1.17059089801001     
   1.16487821820867       0.600694117553457       0.138680809963404     
  0.925783073405119       9.116490813298470E-002 -6.404776089252102E-003
  0.785871421189139       0.826455247874930       0.101993310967582     
 -0.696344543136687        1.47716213684005       0.615615623551617     
  0.507216298387128       -1.69748929062427       0.194136009619215     
  -1.44373595169263        2.59279904189726       0.278436526353979     
   1.08409323211369       0.523050700825147       1.935524490193827E-003
   2.18050840436903      -0.996778307419918      -4.866020680091607E-002
   2.41093385082479       0.547302680481748      -0.105022271898516     
  -2.49178292960218       0.895819795851823       0.307035466455917     
   2.87360375343413       -1.94123374873675      -4.438331324921431E-003
   1.99213106860573       2.636390936579540E-002  7.290671353185216E-002
  -1.55379287935538        1.72765145650487       0.379281909873352     
   1.17430947678318       0.906840933316033       0.125917125280527     
  0.965974443897729       0.273493172097069      -0.591098772031691     
   1.13555339682845      -0.108746994891121      -2.936566780761302E-005
 -0.770344192196652        2.52530268254667      -5.746540247472543E-002
 -0.745353843556385        1.62761640838436      -0.580762261307634     
 -0.163803361815063        1.98536186590604      -0.174783705283233     
  -1.02335068724214        1.82676203343899      -0.242922682173587     
   1.56816517449220       0.118509978561139      -9.363547103277298E-003
  0.555103574308669       0.201576416014877       9.289862270510575E-003
 -0.882881526154626      -0.810953293220076       0.417780812573271     
  -2.26789747864585      -0.289840593493556       0.503700142666753     
  -1.70386333638178       0.414869581945533       0.487098117114293     
   2.60283654024233       0.139391955916026       2.175518030053149E-003
   2.34567080516434       -1.31260688214550       0.120525988342794     
   2.02458235892181       7.316685774736539E-002 -0.894692731803989     
  0.260267408345968       0.534289006161057       0.457934760255286     
  0.674985757648530       0.154546043878321      -6.989702836230400E-004
  0.693781093549970       9.765096674268356E-002  0.144361755076373     
   1.52421080708854        1.80727597270813       0.459610186966378     
  0.620159619044938      -0.216192102473753      -0.355599564335027     
  0.943843819246647       0.878587156163845      -0.822615191205587     
   1.06540564686732       0.683720844356575      -3.591433177995619E-004
   2.28491269798479       0.251512132071557      -4.714099061165442E-002
   2.52463055885701       0.926010863778430       -1.05533774482140     
  0.291475455419999        1.74468475206339      -0.658096593632964     
  0.183224471930396        1.69706974852989      -5.759669416177592E-002
   1.07100387195343        1.80734222200039      -1.793915351292807E-002
 -0.317792738673958       0.953135622738925       0.128429305801281     
 -0.705250786861731        1.58779746789475       0.687089608252444     
   1.88459986497635      -0.869304282098758       0.182392137809212     
   1.67665084088323       0.101891315052970       0.391095667616334     
   2.80319393593678       -1.31820249293465       1.476970256553176E-003
   2.39364830925037       0.606631200009315       3.937724863105808E-002
   2.57374003480863       0.317597354113863        1.87537347088737     
  -2.02871868349524      -0.531421410559219      -0.221426551564394     
   1.52286627169255       0.700210258987901       -1.01140973873914     
  -1.34812302649960        2.18198625999070      -1.137692864848381E-002
  0.924159422619140      -0.113069101263140      -0.240211217966672     
  0.696605028946514        1.16607196942506       -1.06766328278000     
   2.75439623696026       -2.19358975017788        1.82630909340705     
  -1.10754996344247        1.96149611825915      -0.272274709394550     
   2.35107452034613       0.190905415264567       7.138556852118644E-004
  0.259397698187921      -0.647464659049282      -0.120372970832519     
  -1.45398262058033      -0.418276891345164      -0.354350089009015     
 -0.567174423279768      -0.328373310034516        2.72147058567463     
  -1.20426853553876       0.986690020854247       -1.01309589113828     
  -3.14753125282771        1.04651421894779       2.161641276026689E-003
  0.330638884672564       0.387087522435330      -0.433048851138692     
   1.79655984853500      -0.215602806085258      -0.538036993035730     
   3.44208132118115      -0.603735135732535        1.75165968314661     
   1.22434353034260        2.34578224355381        1.87749535609673     
   1.76652036793562      -0.714533059076325       7.097821365092703E-003
  0.553438384676863       0.213748526701660      -1.173667029479791E-002
   3.31021992434075       0.706547675968614      -0.390605161696906     
 -0.874494211508145        2.16535670469850       -3.58360136644097     
   1.22237074433290        1.30807004404333        1.89731210193358     
   2.41097714216305       -1.36861476678745       2.799845655205237E-004
 -2.269947408302353E-002   1.23198031433308       3.827576633325102E-002
   1.47242720265136      -0.399735778479331        1.97778504491821     
 -0.920024590165086        2.99623535693649       -1.14686602752673     
   2.47250555766550       -1.09075334071595       -2.55556421818819     
   2.02865721584724        1.11971402219711       1.873001750702176E-003
  0.427697065855735       -1.59175898178455      -0.406224028400839     
   1.42743756419948        2.26105518638463       -2.40570442423362     
  -1.58871281050711        2.43826497869131        1.96777813959511     
 -0.665907162836559      -0.599445711886898      -0.615133848502161     
  0.746094403172298      -0.677560763461092      -6.216550114596788E-003
  -1.76615494739322       0.521145638313042      -0.135214724657560     
  -1.61569275637069       0.685222811491283       0.104283572236283     
  0.785950348763419        1.59422276386336        3.61726150092351     
  0.238283637545068      -0.995563900735111        2.17562296131360     
   1.69974793859751       0.585708245351246      -1.598685925025574E-003
   4.60847977198918       0.234184917075688       0.906489331549847     
   1.42829831869680       0.891299405700305        3.68286193328632     
   2.46266731096218       -1.80375279715685       -5.35403104214083     
   9.30771508555533        3.39528909031118       -11.2233524746089     
   1.47828353123658      -0.759178152793688      -4.274688172673918E-002
   1.58378994203519       -1.04354519632266       0.383455644517154     
 -0.651872279531280        1.83252477380932       -1.00818321672217     
 -0.310221250016437        2.40876360656154       -6.70703100231049     
  0.950382142161021       0.449378387897369      -0.236956385916552     
   2.72560019465193      -0.836607960207939      -5.300684374434475E-003
  -6.60184114653284       0.696696833230620        13.7393283872965     
  -5.31714964266929        3.51391259234144        7.68467356291863     
  0.543422827674263        1.67911600383984       8.007325380406177E-002
 -0.921249369436158        2.60956870172650       0.122196714158013     
   5.08141226321963      -0.107050799872076        11.1893932858862     
   9.38868871417049        2.92645515425775        14.5130227244873     
  -5.68506439359204        3.17165151532460       -11.4904970093149     
  0.454651446469283      -0.391030620667812       3.692459707129850E-002
  -1.25199971435322        1.61626849679273        3.79976909162064     
   5.72240296282675        1.34362078082616       -5.09929884186164     
   1.52778557060577       0.601506044750946      -0.789088469286378     
  0.647664452821559      -5.302117822094287E-002  0.143785069346820     
  0.943896951665218      -6.023086309220935E-002  0.256453061596234     
  -1.97983914604585       0.720285909660110       -2.99930073126100     
 -0.279332259390607       -1.16105799829378       -4.59507119340280     
   5.83170506042206        1.54173100160468        4.11432804989775     
 -0.238996505612330       0.949105083364365      -8.716518956806883E-003
 -0.540534493817980        1.59730945807281      -9.154444134779209E-002
   1.33876234906593      -0.271624113203548       -1.61114203934200     
  0.118826625108210      -0.478087978876810        1.95641147546800     
  0.223561457772122      -0.674194196769094      -0.572709108749060     
  -1.85580274751140       0.152737307268312      -7.077823584918162E-002
  0.469560342130880      -0.480100029588548      -3.397836424476441E-002
  -1.22466153674042        1.25372701800264        2.04939918218744     
   3.09515383663442       -1.83772639090803        2.13775455767771     
   1.27327178478720        1.65631756603780       -1.54717518826371     
   3.24421153810336       -1.46717057638030       3.584239533603277E-003
 -0.817742644163218        2.16486938015438       1.054571743106420E-002
 -0.794444837210641        2.62546450429649       0.857878931191941     
  -2.00649039414481      -0.711913939503127      -0.178258538717625     
   1.83131822072228       7.670429949798815E-003  0.401707148945864     
  -1.81558150629296       0.909267876443702       3.726756035501156E-002
  -1.25076189823476        2.28458893638167      -0.155584136144595     
 -0.840934399342798       0.969093560399609       -1.90929819838295     
  -1.44924808717594        2.20202193290928       0.275426320086273     
 -0.356628524919123        1.17415524391966        1.17374650096292     
   3.20322610724922      -0.258888689556035      -7.860776193664068E-004
   2.13825172973334      -0.326760841334012      -5.138144303023968E-002
 -0.719358639629442        1.12594109002623      -0.252724124781409     
 -0.770222113499675        2.01057153589610       0.725890544914889     
   3.13302586759667       -1.54039558397318       6.420860103156423E-004
 -0.691960280740264        1.63193482091116      -2.345794398997743E-002
  -1.84683337377955       0.931465226808223      -0.111229687090525     
  -1.04971429879024       0.932393677744421       0.768169915531772     
  0.580077703621631      -0.138877233056739       0.833873264124047     
   1.84216560625738      -0.841203452209403      -0.155434390929336     
  0.766087148262663       0.157176990099119       2.469153929444958E-003
   1.62717243632344        1.65710209859794      -0.153145727965759     
  0.858207950220732       8.748746261029536E-002 -0.666311393905041     
  -1.46317154570701        2.76078874688340      -0.149575140819675     
  -2.86614369750837       0.958223818036121      -1.752307012257465E-002
  -1.33213303209217        2.22327013659925       3.871132352928438E-002
 -0.920191969244282       0.183208453736528       0.312553534078778     
 -0.173101875531162       0.995858701257980       0.242284476242304     
 -2.673833802593129E-002  0.515336380465158       0.157922334917243     
   1.12745209356769       0.213235307790219      -6.892625423092166E-004
  0.839592993123598       -1.10028441632813      -0.103455307899517     
   1.33713260454735       0.153888829387633      -6.397326815292929E-002
 -0.558641843243112        1.40315299736873       0.693668239422831     
 -0.997324561898658       0.841873313070153       1.590718970168506E-002
 -0.887836368034760      -0.573485805040500      -1.082574071198539E-002
 -0.574935338123844        1.40988086277367      -5.701151534558858E-002
  -1.23058057179487        1.99124784188519      -0.266569023702198     
   2.13861855702577       1.272511351958101E-002   1.57684722356868     
  0.937203652970974       0.702294021173062      -0.274093511070794     
  0.121139186315333        1.87614987426767       1.014771019949547E-003
   3.05052896183730       -1.59615372244598       8.849266986825584E-002
 -0.266561489389174       0.848153646958093      -0.126495489253850     
  0.636285650367398       0.998869697491371       -1.62715539120378     
  -1.14078185414821        2.76003970578676      -0.714806504112836     
  -1.05131403896412        1.17923765988488      -3.127137011281314E-002
 -0.328663745604344        1.51645034402186       0.106278639143898     
  -1.86143354744391      -0.709723251930518       0.825979720679845     
  -1.75864031263718      -0.931996550976475       0.120741661280222     
   1.60006858962343      -8.154420038644250E-002  0.131272633347606     
 -0.489358887309734       0.195675766624822       1.156899408288857E-004
   2.16191793226362       0.201356136346668      -0.232613303740425     
   2.31441405707591      -0.153383692080169       -1.13145253609201     
 -0.587501618198140        2.88426387180278        1.78905255458052     
  0.169447179249203      -0.433172168810120       0.728354447582216     
  0.275256013550599        1.55691109130751      -1.886684076167742E-002
  0.223409167166499        1.67042421319734      -6.086515188593367E-002
 -8.108344234257034E-002 -0.246638534210673      -0.413555149597892     
   2.40806442491353        1.04170645303273       0.983122143468063     
   2.02406828724718       -1.20096643226795       0.674377907520380     
  0.781286154488875      -1.701046107559095E-002 -1.858199219691453E-003
   3.13565864395191       -1.50320417485425       1.633227040537034E-002
   1.79552293256885       0.123326015830575      -2.984083830581585E-002
 -8.196373160631754E-002   1.86590305176230       -1.72843307272671     
  -1.23456037664090        1.55964354271483      -0.246600826171123     
  0.705792127008491       0.855427566927619      -3.219858240582344E-002
  0.659633627268187       0.843339303133090       0.143743750725700     
  -1.41802737306516       -1.17891060359915       0.792624960176312     
 -0.708574280384577       0.147581762631219       1.189337851159235E-002
  0.837875534835737      -0.216568471183189      -5.723891275610274E-002
   1.39504196187161      -7.205923661466827E-002 -1.700346642043490E-003
   1.74770035162468       0.149014279773869      -0.287473671765026     
 -0.819092398075801        1.23109962884429       -1.53209360637625     
 -0.742824785044194        2.14267195399292        1.88249973786688     
  0.296579065591353        1.68404902069912       0.321801773689459     
  0.505155649945226       0.951911665200623      -7.733678041384568E-003
  0.440314760981502       0.932235703716006      -3.325076509514108E-002
  -1.65662291497667       -1.26832196291281       0.336679445969433     
  -1.02179435196635        1.26883710531337        1.79465709125604     
 -0.799081197060048        2.79614889752461       0.204032043849384     
   1.61881194970186      -4.821956800538171E-002  3.455684283182536E-004
   2.20480612604810      -0.395023248872177       0.182096807788182     
   1.31672393401394        1.88990603354372        1.15333807272173     
  -1.88371911469655        2.61882631510750       -2.63801964781517     
  0.426802327014716        1.65960476089347      -0.736305852402556     
  -1.67033549554094        1.75485619633371      -2.006976407001939E-002
  0.512494782627441       0.947250290618824       7.566203466959448E-002
  -2.28847519241707      -0.131539596180640      -0.442437426384050     
  -1.29681340935879       0.383449586982451       0.138267451539479     
   1.00354710095785      -0.209363600566063       0.427521240610674     
  0.659843304191513       0.132583797257150      -4.851244206491513E-003
 -0.250292717560584       0.883802201654695      -2.246579571891515E-002
  0.690389141625441      -0.135902000248400      -0.371265785181258     
  -2.04689193778529        2.60778582394127        1.92826290397730     
 -0.340121717453658        2.87869449539865       6.510198082299751E-002
  -1.97344655029975        2.15415745271649      -3.286392153750923E-002
  -1.68818334797773        1.69497646484062      -1.464320377200733E-002
 -0.847484090395042        2.80177414396720      -0.199344135674732     
  0.280749733959091      -0.321198449788813      -0.383527142926520     
  0.807896898424630      -0.216899717626152      -0.129996947878727     
  -1.34033135493021        2.10161479987438      -2.550620912554803E-003
  -1.52700130008965       0.914026158768926       1.181071367443753E-002
 -0.690517871559618        1.15068512209843        1.59517086359852     
  -1.16253910688756        2.32976251660802      -0.329909300789873     
 -0.109186430983638        1.51380159783605      -0.194481075837218     
 -0.451090306128159        1.67125688012278      -1.384860219280246E-002
 -0.924988149827335        2.52791977448767      -6.311912744164161E-002
 -0.902938437437995        1.86648916969819      -0.815230570587233     
 -0.180613308633226        2.90562821689487       0.383372554403217     
   1.39170101346849      -0.414935618236251      -0.244525204276588     
  -1.63504221708475        1.56791741860660      -4.271765248598863E-003
   1.63791060231328      -4.316248838401593E-004  9.019904366515273E-002
  8.971380176632905E-002   1.25360818385107       4.675471888027831E-002
   2.91492004798688       -4.11611927283812        1.39199174450107     
  0.918637495126278        1.38491046556982      -0.194446854181831     
 -0.721223717522763        1.57916165117840      -2.043093065118503E-002
  -1.16098752210355        1.87926152959705       5.606817664942360E-002
  -2.10225815665733        1.93776637809501      -0.379365461895052     
  0.374134676608636      -0.768946349975469       -2.39251397980888     
 -0.532798321671391       -1.20322715487438       0.526194828737501     
  0.753373793446799      -0.133353412745739      -2.808051854336512E-003
   1.58549379767869      -5.351322166982778E-002 -5.196277328566969E-002
  -1.19406170712990       0.652792062746422      -0.983052934532106     
  -1.49018825087135       -2.02791301850022       -3.25388055681613     
  -1.19381051057944       -1.29529174143091      -0.379564954252300     
 -0.248170618113081        2.98122128220500      -2.657683621897902E-002
   1.56577340800180        1.63847791576460       0.158407263780321     
  -1.03457138080886        2.95107280518185        1.25879615969724     
  -1.25566702058384       -1.91149223166406        3.48242731580530     
  0.905182161973674       0.633116133074520       0.435366271929118     
 -0.376972339171984       0.845641045037994      -4.228933219510697E-003
 -0.324266435701154        1.48085443665994       6.685569865145813E-002
   1.00409336311369       0.464441427714093       0.413764649382935     
  -1.04140890395605        1.73273759861696      -0.559996904581367     
  -1.27757855083129        2.14464121449771      -0.230921860079413     
 -0.789321285650079        1.82499534510667      -2.140597491107646E-002
  -1.43813840172835        2.32057560134240      -4.020601903094546E-002
  -1.70154127962881      -0.850034340453376       -1.16436578045920     
 -0.950924595498846        1.49089118375669       0.504677218670849     
   1.63993083519420       0.270769268464074        1.00213610531451     
   1.75817121162869       0.698315269460398      -2.250924949830096E-003
  -1.41651927404725       4.563398875200636E-002 -0.296191184809593     
   1.12620897945271       0.188002127932918       -1.78559928471324     
  -1.32042121022298        2.41511015953576        1.10640423025737     
  -1.53748732943125        2.68884397458224       0.963618094062314     
 -0.603928970312833        1.65371770057578      -2.769955800511878E-002
 -0.891509143274545        2.04815014011958       9.858765338519423E-002
  -1.59448929577390        2.07707445486871        1.60920969037936     
 -0.878884733930160        1.74343446954290       0.896338762974102     
 -0.768163017768398        2.43290941612573      -0.910737328225671     
  0.907790249045200       0.557977537194260       2.129404532122713E-003
  0.536178829054613       0.764367267148342        2.05149087280197     
   1.35422710589685        1.41698135900465       -1.20019929275459     
  0.633045823226030       0.208386015750006       -1.47908663514245     
   1.15626758728159        1.34152986138718      -8.141009636191876E-003
  0.563151334758251       0.898302831271462      -0.214369834049977     
   1.05998504549502        1.11279332044634       -2.98419579148401     
 -0.603855216904700        2.72343329490165       0.596257902208844     
  0.618198502471629       0.352626431668998        1.68600817306156     
  0.864296739488787       0.631905914373443      -4.864595190908127E-003
  -1.05924148804297        1.77220672257425      -0.472301065437690     
   1.88091331023347       0.915193621510472       -3.25250532886334     
 -0.702453747866712       0.268009481078260       0.912376676386430     
  5.813040736629398E-002 -0.612786829298397        1.56103942499883     
 -0.671950439782221        2.05193137991806      -3.199816963101409E-002
  -1.11372101038862       0.406775522594983       0.346069190425077     
  -1.30432176206079      -0.553458397818234        4.41505640682081     
 -9.579612000842605E-003 -0.454171352917658        2.03256018765584     
  -1.29385229648079        2.54429340651476       -3.81898326791003     
 -0.326248799889160        1.50190561863926      -1.448654998962672E-003
  -1.77459610145973       -1.18829091453373       0.630465136540540     
 -0.892759081148174      -0.295289682412119        5.94687892323232     
 -0.937605225939075       0.305974721473203        3.26700681761174     
   3.47826595043541      -0.456405707262241       -4.01354135259829     
 -0.920176782308076        2.03715608935686       4.918431020443498E-002
  -1.36527561118056       -1.21009792834008      -0.791822147872558     
  -3.77376142177112        1.91570482020872       -7.99101980434680     
   2.30769239894350      -0.496066822741859       -1.27739807039289     
   3.08741150115400      -0.563182430190207        5.34631578023693     
 -0.961728197070147        2.50266733172457      -9.957194375838452E-004
  0.450291043253340       0.213451878629762      -5.979995450006736E-002
   2.53642215270665       0.219753538163363       -1.59053410005088     
  0.229649884350306       -1.18592872065988       -1.72247139387222     
  -1.94828959527827       0.461304809014152        1.20792940757247     
 -0.682029285012197        1.93817690750597      -6.285065140338998E-002
  -1.48905264255838        2.78972990074517       2.450385336230120E-002
  0.181908523187849       -1.40989810246885        3.40924917773798     
 -0.288588783487229       -1.46047586649146        1.88273391406485     
  3.409009950557411E-002  -1.60397947172205       -2.63356275018472     
 -0.996682405467412       0.871535074084292       5.987210815053553E-003
  0.348259083143608      -0.385406889652003       0.322144567433072     
  -1.49294291115693        1.11547503736426        2.20433051830869     
 -0.114248333274552        1.53744967928478        2.64203647699916     
   1.33495732933965       3.030369250130027E-002 -0.609333909585563     
  -1.76888616473021       0.406970310356727       1.597251127989937E-002
  0.719189840941803       0.708158586078516      -0.211395772556762     
  -1.45498226009520       0.440451454650333       -4.03809584583370     
  -1.32379110185277        1.16025179584551      -6.054925630622407E-002
   1.76522834853194        1.01367480903436        2.31206372802514     
  -1.52943649737255        2.29921142437569      -5.657026354746931E-003
 -0.702780519166401        1.37291276739132       -1.14768031416256     
 -0.433884171126980        1.02860206501500       -2.61622946866898     
  -1.73504467288363       -1.05424026828865      -0.478110428147792     
  -1.31547531865617        2.25745738284524      -4.856445282133885E-002
 -0.968728699224304        1.83148932309110       0.187609811955209     
  -1.23330010793792       -1.09230109580140        3.58549551841959     
  -1.16419308979563        2.38911622190133        1.50999198827640     
  0.680313730791991       0.424478253351433       -1.65625497908309     
  0.651714886260598      -0.285298044700739       1.403730035253144E-003
  0.782836855306309      -0.133651273885885       0.267388069693648     
  -1.35538506553474      -0.124302060777195        2.38406994641916     
 -0.178148569471172       0.779134720098437       0.960033843893730     
   1.50278838870109       0.443621947142311       0.509330907315600     
  -1.10259285542149       0.547680841201729       3.632156258882042E-002
  -1.58756055983008       0.239050735620481      -0.374418262199589     
  0.937716557052336      -0.306247277020440      -0.186757504048495     
  0.702288205705811       -1.05620519304106       0.605876872062010     
 -0.135944279129087        1.02134844157848        2.03305443034549     
  0.189717389070221      -0.639304473050897      -4.137028961007801E-003
 -0.231654967847537      -0.420253649632067       -3.63019157743336     
  -1.03919972806423        3.35111490282161       -3.43474513868289     
  -2.83996920174707      -0.278793090154518       0.879795887025752     
 -0.845496075122236        1.48505386225214      -8.750952098202490E-002
  -1.27243887962966      -0.815206165350852       0.760596604223133     
  -3.93110207693758        2.10282590520826        7.23625431197490     
  -1.84403363845754       -1.07454791366919       -1.06790671314563     
  -1.01745927604097        1.49206524231456       -3.64070021716503     
  0.514814890431786       0.983574716544363      -3.698908303634364E-003
 -0.767864491700957      -0.664688001974327       0.845726827482941     
  -2.75538125400468       0.423955579240995        7.86824914567816     
   1.06462333892639       7.184264803441687E-002   3.23549001443310     
   4.45662877231365      -9.388546776294804E-003  -3.65978227388496     
 -0.997821865483919       0.769414664103678       2.829507544328946E-002
  -1.12865982063338       0.546482313428542       -1.09676528349479     
  -1.67410069829837      -0.397680161655730       -11.0447159876814     
   1.58083202293662       0.185331569099789      -5.915399665781217E-002
   4.21179462968023      -0.769565229980771        5.97984605827184     
   1.04744944176921       0.527785877926773      -9.418489741160628E-003
  0.737921571106272       0.568765659529316      -7.073567371656150E-002
   1.78778629758920       0.425620831399774       -3.26159313522783     
  0.151443310941336        1.42943923197356       -2.81330207423791     
  -2.94970460879563       7.370740154303701E-002   1.95413141230479     
 -0.985457766904068       0.957146747363743      -6.368357864467748E-002
  -1.22841163555451       0.340919064988297       0.353163581720000     
 -9.105374747186223E-002  0.462428725129585        5.87073899146175     
  -2.55695386408600       0.772912333092077      -0.368033444986018     
 -0.515349804479301      -6.537128858627916E-002  -3.66310245498139     
  0.667576577811388       0.147304027599345       5.960635863618874E-003
 -0.145141804925194        1.21063097156733       0.175931910733811     
  -1.56406893246978       0.131850982082672        2.86097509354755     
   1.26013678353865       0.338780761717743        3.29236602944988     
   1.89144241629839        1.04752528686258       -1.09805859502371     
 -0.213097844922817        1.51914835226462       2.583789495733623E-002
  0.207588555818629      -0.160122290285164      -0.322504487245158     
  0.225161291102207       0.967724877376110       -4.76785218265091     
  0.407942192905323        1.03138216450042       -1.44817137336294     
  0.665804935500281        1.16718097300876        2.45760277495484     
  0.552672213503848       0.374094718590995      -4.821534849615091E-003
   2.62862168446738      -0.115544939858757       -5.45376094619630     
 -0.201495474086244       0.732269547589122       -7.70053713223097     
  -5.52168729561828      -0.286941881775645        2.89276370477798     
 -0.574273906204324      -0.462368181254925      -0.152937885604908     
  0.499826438510759      -0.922931714519162        1.40859123838099     
   1.21512247609511      -0.422895078333746        9.81027889492544     
  -2.95318753286001       0.595138033962451       -3.91197529112650     
  -2.27741418686931       0.633784751238533       -5.31158879062842     
   1.92828535019412      -0.721665628384653      -1.031027098171456E-004
   2.11799809346664      -0.558849572546524      -0.523286161921677     
 -0.463229271892639        1.25089254842051        3.69940903050996     
  -3.28816802630301        1.01454979940343        11.1151661900180     
   2.68123025447700      -0.987520513058617      -0.395535454539148     
 -2.084709179782850E-002  -1.42194531744112       0.111782717800460     
  0.609202303073848       -1.01614140198049       -1.15939880358679     
   1.16919429386394      -0.791200298585610       -9.43248300153375     
   5.76986529785763       0.936618506869504        6.09513106049917     
  0.208458939377345       0.712235557633819        3.18163412244290     
   1.21719504643558       -1.12924584221997       7.702680145146085E-004
  7.232510935602006E-002 -0.386168779979391       -1.15382390664873     
   5.38323252700691       0.263903364809218       -8.20511041980053     
 -0.307592028852840       0.640929097750130       -2.57573011468097     
  -4.96545929649476       9.903387206335867E-002   8.46352956035731     
 -0.642369780204190      -0.603543885654518       2.596127552306551E-002
 -0.555793515903379      -6.354187014495621E-002   1.42591813849434     
   3.97843573452548      -0.189393575054764        9.81310515341196     
 -0.516072688200350       0.792346741780908       -1.06248173385367     
  -3.56758075983299      -8.927949841640870E-002  -9.42320268476677     
 -2.494012081210573E-002 -7.057112436421886E-002  2.919419816207715E-002
  8.508446684544074E-002  7.899842107490099E-002 -0.937099562450446     
  -1.60819011286993      -0.281299583579429       0.900054517128339     
  -3.04652599197663      -0.154994731835462        7.78659652468721     
   1.03649163012326       0.161465497071341       -3.14543830427260     
 -0.307872292848656       0.280221007942291       9.062660116285705E-002
 -8.701914422067414E-002  0.248709148618246      -0.783971502635999     
  -1.74498576658906       0.144554003167328       -2.89093103268314     
   3.36492911570793      -0.168749018901496        7.28768557985577     
  0.988033974198391      -0.185852935617273        3.89670812934851     
  6.828936813548148E-002  1.561317162578142E-002  7.812174770932403E-003
  0.476461579250047       4.726046646106001E-003  0.843894118260886     
  0.323194867512404       5.678553169725712E-003 -2.093089305872332E-002
  2.343085743216824E-010  5.680747268077643E-003  -8.70348921247845     
 -0.323193365306815       5.680607857871243E-003   1.69605356995028     
 -0.476407824904834       3.192968542288837E-003 -5.770474723115314E-002
 -0.476407907861574      -7.756059194789543E-003  0.750600847980998     
 -0.323193366127163      -8.455274102484919E-003   1.61902063936446     
  2.072890152402254E-010 -8.455074259458982E-003  -7.81572844911753     
  0.323194957926080      -8.455522135056159E-003 -0.629940005178903     
  0.476483669702694      -7.800718410620396E-003  6.127186000705417E-004
