   1.98616586519720      -5.116914730754676E-002 -0.101115865443728     
   1.14904795202854        2.85507648515338      -0.822425292909746     
  -1.36220440143072       0.517036761865046      -0.374189764316121     
  -1.46532755129200       0.548792346408146       0.344378765388690     
  -1.23770879198328       8.146864925939637E-002 -3.998655567169977E-003
   1.55144979798781      -0.446657799683917       9.707485014141841E-002
   1.10920764099545        2.84039212825175       0.840427834744423     
   1.86134505447407       9.749259873898330E-002  0.385457385714635     
  -1.90180927253513       0.791463957314399      -0.329884515657628     
   1.69531973503387      -0.665379650280849       6.640192392225260E-004
   1.04082510044106       0.297895493891231      -7.117926623101142E-003
   2.04627885617311      -0.820318767384768       0.122506124623142     
  0.700844189690286        1.17534134748544      -2.291466567351151E-002
  0.233849343330424       0.271120177482521      -0.147703601956453     
  0.565534680410873       0.249932844017121       1.592682988006959E-003
  -1.28837469472162      -0.267760923179772       9.114093548512550E-003
 -0.891349340324721       0.757209881606777      -0.124142644512732     
   1.14213991015558        1.02671940710149      -3.772363553655882E-003
   2.09533108310096      -0.421861921435443       0.148635394277348     
   2.22967336099071      -0.777978807092783      -1.816072649442902E-004
   1.74893356620658      -0.634774128478311      -4.289416849734294E-002
  0.589276372709866       0.696011426465386      -0.682298150675014     
 -0.414441571072995      -0.931745624974114      -0.848040330949241     
   1.07579604482562       0.212247742534022       0.303710840409858     
  0.552052368061991       0.886025712006277      -5.385596357565629E-003
  0.434571764348866       0.773927828199931       7.829552347497787E-002
   1.56051607099345      -0.938945883579734       0.717134390976411     
 -0.278408528659150      -0.814479261629498       0.425657567152888     
  0.784576251543105       0.661799585614016      -0.232665524805369     
   1.46082610822865      -0.984343171760828       2.331962376989946E-003
   1.36791443676943      -0.534325859575848      -9.709411349308690E-002
   1.48800260503160      -0.859347679460206      -0.420037954681102     
   2.28443500547533       0.548578935267068       0.462405013555629     
 -0.532490758681969      -0.753973670488977       0.246118605995517     
 -0.991582196849430       0.712923162208928       3.348105446584251E-003
  0.674301765301703       0.280248585323559      -2.948834261334844E-002
  -1.08112534424432       0.491605049756104       0.159423228603229     
  0.496830691431589       0.161533053093507       0.253959836066454     
  0.486977679025215       0.316342745124315      -4.732005463124023E-002
  0.531695475566868       0.283650950431907      -7.958969424241831E-002
   1.12034524779456       0.118017485988848      -1.920329399189159E-002
   1.84189366375637      -0.249505833581748      -0.807157513870964     
   1.96184181914990      -0.487076128161351       -1.17059089801001     
  0.709906000212926       0.847499325665614       0.138680809963404     
  0.609544337505289       0.931675006791775      -6.404776089252102E-003
  0.162794567084343        1.53803761875272       0.101993310967582     
  0.841652283908482       0.527149731020642       0.615615623551617     
  -1.08785025598321       -1.26996948093726       0.194136009619215     
 -0.775282576432483      -0.991098251363245       0.278436526353979     
  0.754479346459616        1.19180514644274       1.935524490193827E-003
   1.79580441852512      -0.746856785705315      -4.866020680091607E-002
   1.44163172660662        1.13641587670836      -0.105022271898516     
  -1.42350109455430       0.943105329426852       0.307035466455917     
   1.22739165678505      -0.955987509487948      -4.438331324921431E-003
   2.06133965842844       0.209886429762775       7.290671353185216E-002
  0.959580972399523       0.166637028405799       0.379281909873352     
  0.560184341928585        1.79711466555027       0.125917125280527     
  0.818602460706817       0.783405541331168      -0.591098772031691     
  0.506609883418091      -0.318276525411065      -2.936566780761302E-005
  0.349367371436972       0.273930575262368      -5.746540247472543E-002
  0.772112017541985       0.468790725511286      -0.580762261307634     
  0.488500044649696       0.840158523339401      -0.174783705283233     
 -0.694136015873231      -2.920420259397791E-002 -0.242922682173587     
   1.07867719809740      -0.778082834571372      -9.363547103277298E-003
  0.654276808807657       0.299880641191029       9.289862270510575E-003
  -1.87711878760953       0.870879390558528       0.417780812573271     
 -0.800156379035832        1.00730342232650       0.503700142666753     
  -1.94598960456209       0.622675518281909       0.487098117114293     
   1.57499943739242       0.952556403023337       2.175518030053149E-003
   1.82775922030245      -0.687284317039378       0.120525988342794     
   2.03028174541309       0.777511247356281      -0.894692731803989     
  0.705850729922618       0.403446642315510       0.457934760255286     
  0.618215401466416       0.866731254875594      -6.989702836230400E-004
  0.699950729211228       0.939617161664395       0.144361755076373     
 -0.375794387678597        1.55137306029702       0.459610186966378     
 -0.435159144238208      -0.791628356997973      -0.355599564335027     
 -0.182608229244735        1.28937186782804      -0.822615191205587     
   1.15660493937436        1.00187825725384      -3.591433177995619E-004
   1.67107169579912       0.915943299147343      -4.714099061165442E-002
   1.38260048792128       0.946897681643605       -1.05533774482140     
  0.983956768951531        1.06467153629444      -0.658096593632964     
 -0.280551330923305        1.40952004225904      -5.759669416177592E-002
  0.991447612948671       0.219791997916510      -1.793915351292807E-002
   1.00912787190068       0.224373875196247       0.128429305801281     
  -1.16620601649120      -0.211146680276731       0.687089608252444     
   1.49645064910870      -0.686685718920596       0.182392137809212     
  0.961839491629900      -0.964790878788131       0.391095667616334     
   1.76480939332340       7.831123482597402E-002  1.476970256553176E-003
   1.25090364357200        1.05096168097156       3.937724863105808E-002
   1.40022716780313        1.36528497167404        1.87537347088737     
  -1.28444155184430       0.889612843404520      -0.221426551564394     
   1.43605965960473        1.52288181943949       -1.01140973873914     
  0.133805819222111       0.934311145081586      -1.137692864848381E-002
 -0.248987005253811      -0.762965005102574      -0.240211217966672     
  0.383086904175443      -0.765468067239856       -1.06766328278000     
   2.06772708641169       0.476585211352337        1.82630909340705     
   1.01086198547353       0.391985383744362       0.281847884297642     
   1.52299420366023        1.01304960535882       7.138556852118644E-004
   1.01850955194373      -0.527973373366310      -0.120372970832519     
  -1.89632800004843       0.983257136252457      -0.354350089009015     
  -1.62578491092459       0.250762022528393        2.72147058567463     
  0.985712291764841       5.186642925023931E-002  -1.01309589113828     
  -1.26603444529872       0.328060384507001       2.161641276026689E-003
 -0.659749113890096      -0.980415995031792      -0.433048851138692     
   1.01862755736403       -1.12320537712379      -0.538036993035730     
   2.03745508114117      -0.248980715681351        1.75165968314661     
  0.335289260859954        1.38882872438119        1.87749535609673     
   1.32571283214772       -1.19538525660513       7.097821365092703E-003
  0.650237807806414       0.307279679425150      -1.173667029479791E-002
   3.14064071303433        1.33350425252672      -0.390605161696906     
  0.208689159787448      -9.906979949323810E-002  -3.58360136644097     
 -0.428068888122715       0.210923332755553        1.89731210193358     
   1.76325339652360      -0.649380047742502       2.799845655205237E-004
  0.789708932760806      -0.106008433473721       3.827576633325102E-002
  0.874696883766319      -0.537535511222207        1.97778504491821     
 -0.186452266270161      -8.938981666703708E-002  -1.14686602752673     
   1.87764151926077       0.327223446065738       -2.55556421818819     
   1.21532978110326        1.45226631796847       1.873001750702176E-003
  -1.29277205736134      -0.831672881339264      -0.406224028400839     
  0.640925695801561        1.55822227426774       -2.40570442423362     
 -0.707448009857523       0.280946911962850        1.96777813959511     
  -1.38709586407688       0.571847148261913      -0.615133848502161     
 -0.725932406807279      -0.952135554000705      -6.216550114596788E-003
  -1.49991645770386       0.896051310863880      -0.135214724657560     
  -1.90754773248803       0.937625894184968       0.104283572236283     
  -1.00565799862971        2.22305862051817        3.61726150092351     
 -0.913569307490760      -0.884832877994577        2.17562296131360     
   1.16070858063584       0.998953384507625      -1.598685925025574E-003
   5.07089113136065      -0.467058425762271       0.906489331549847     
   1.29519682235150      -8.148791316973512E-002   3.68286193328632     
   1.40055950896764       0.322835536607111       -5.35403104214083     
   10.4763416442934      -6.054572335262512E-002  -11.2233524746089     
  0.180270781963545       -1.33675387953963      -4.274688172673918E-002
  0.666093373469804       -1.53418316550083       0.383455644517154     
   1.34539066061756       6.584924413984702E-002  -1.00818321672217     
  -1.01920232039558        1.84025388086781       -6.70703100231049     
  0.274206534923361        1.18209819758984      -0.236956385916552     
   2.34924593557464       0.750783935997547      -5.300684374434475E-003
  -7.08739040435871       0.950686513975672        13.7393283872965     
  -7.51932298689125        2.38056006632269        7.68467356291863     
 -0.269781929257002        1.18929859604828       8.007325380406177E-002
 -0.121633293125576       0.600983371304068       0.122196714158013     
   4.31998713493292      -0.396096935055168        11.1893932858862     
   10.1204373482252       0.156409948541800        14.5130227244873     
  -7.01993954890716        2.39301603016601       -11.4904970093149     
   1.09268811713655       0.122402752648182       3.692459707129850E-002
 -0.477010466537718      -0.558131194133673        3.79976909162064     
   3.78604267008600      -0.350108147310303       -5.09929884186164     
   1.19477880293284      -0.221296983019392      -0.789088469286378     
  0.437509970841954      -0.355761038734563       0.143785069346820     
  0.142328035286301      -0.448901384408451       0.256453061596234     
  -1.68332386092283       0.678077872017492       -2.99930073126100     
  -1.89227021424840      -0.831441154815993       -4.59507119340280     
   3.86132202449193      -6.315249666391168E-002   4.11432804989775     
  0.891358079975326      -5.625396535574893E-004 -8.716518956806883E-003
  0.718377708031549       0.213818440982719      -9.154444134779209E-002
  0.640150184443691      -2.999241705364605E-002  -1.61114203934200     
 -0.999153940155263      -0.514452254912647        1.95641147546800     
  -1.12684691050661      -0.456376223440919      -0.572709108749060     
  -1.28817754925460       7.160740055491427E-002 -7.077823584918162E-002
  -1.14654063415680      -0.645351238095505      -3.397836424476441E-002
  -1.41566290439453      -7.817311272356160E-002   2.04939918218744     
   1.70774143177188      -0.341237456946704        2.13775455767771     
  2.971781669562362E-002  0.504113489294933       -1.54717518826371     
   1.29493898132039      -0.594826397094210       3.584239533603277E-003
  0.574921702964053       0.194921564307390       1.054571743106420E-002
 -0.269289512521504       0.681411948305785       0.857878931191941     
  0.372113669901159       0.328620795666215      -0.178258538717625     
   1.20808756508276      -0.401991622889024       0.401707148945864     
  -1.37623248270915       0.831216983547014       3.726756035501156E-002
  -1.25645455275047      -0.184135418452252      -0.155584136144595     
  2.855827290653523E-002 -0.336096305467853       -1.90929819838295     
 -7.774302141094291E-002 -6.382624122474390E-002  0.275426320086273     
  0.678561129419309       0.551208502401536        1.17374650096292     
   1.32426904336864      -0.773517108091444      -7.860776193664068E-004
  0.977912274987730      -0.774048697345775      -5.138144303023968E-002
 -7.740760047347195E-002  7.606927822246332E-002 -0.252724124781409     
  0.319693570254570       0.793376068488275       0.725890544914889     
   1.27878381603879      -0.589326711945637       6.420860103156423E-004
  -1.24505563146290       0.267573800902386      -2.345794398997743E-002
  -1.62719616989752       0.457795783949442      -0.111229687090525     
 -0.558617775153794        1.18877333341522       0.768169915531772     
  0.310524848288012      -0.444045597626163       0.833873264124047     
   1.58327607000241      -0.746362512444092      -0.155434390929336     
  0.714982979101235      -0.700978236896481       2.469153929444958E-003
  3.847659569799849E-003 -0.356519348488157      -0.153145727965759     
  -1.09603633381001       0.950095764360841      -0.666311393905041     
 -0.789556086081852       1.606893970761258E-002 -0.149575140819675     
  -1.27539304118954       0.306029844472965      -1.752307012257465E-002
  -1.15587208134460       0.209644216586291       3.871132352928438E-002
 -0.976076841101142      -4.270569411313857E-002  0.312553534078778     
  0.522981068789023       5.675270765383991E-002  0.242284476242304     
  0.516446294277602      -0.357005503692316       0.157922334917243     
  0.736362742467543      -0.782205781304198      -6.892625423092166E-004
 -4.339407433394366E-002 -0.163288903621082      -0.103455307899517     
  0.690369100556909      -0.704390555597525      -6.397326815292929E-002
  -1.11586696134230       0.293443881566560       0.693668239422831     
  0.139033142038865        1.02962036264667       1.590718970168506E-002
  -1.04279568299042       0.404104853196019      -1.082574071198539E-002
  -1.11893716303421       0.432856894628183      -5.701151534558858E-002
  0.360904385026197       0.915241879264190      -0.266569023702198     
  0.966853571875599      -0.202671753944714        1.57684722356868     
   1.01324897046471      -0.568179647049551      -0.274093511070794     
 -0.262583484897483       0.320818705457272       1.014771019949547E-003
   1.17644423930484      -0.696355678090824       8.849266986825584E-002
   1.00805611992309      -0.720365427683741      -0.126495489253850     
 -2.663723673696804E-002   1.05177189677458       -1.62715539120378     
  -1.11273940106589       8.029358301029818E-002 -0.714806504112836     
  -1.10766899601031      -4.564758718133650E-002 -3.127137011281314E-002
  -1.03013989800690       0.136946060686033       0.106278639143898     
 -0.914101740296579       7.263158131933203E-002  0.825979720679845     
  -1.85051831807956       0.410357272298505       0.120741661280222     
  0.705452350715876      -0.711001519575073       0.131272633347606     
  0.629039729243132      -0.700058081368320       1.156899408288857E-004
  0.802512924999417      -0.709751816094756      -0.232613303740425     
  0.680501199481758      -0.626341652288400       -1.13145253609201     
 -0.609313218747887       0.940755805547751        1.78905255458052     
  9.269492126552958E-002  0.447059691462627       0.728354447582216     
 -0.326324403911235        1.07252519183243      -1.886684076167742E-002
 -0.342803484727004        1.10621213681351      -6.086515188593367E-002
  0.307435468311805      -0.222258308351150      -0.413555149597892     
  0.521208942576502      -0.166411829323412       0.983122143468063     
  0.347096839766271       0.166029901667920       0.674377907520380     
  0.121997415821431      -0.477491090429736      -1.858199219691453E-003
   1.19238057979600      -0.579183421945207       1.633227040537034E-002
  0.992465838599116      -0.671997629596524      -2.984083830581585E-002
  2.091615770228039E-003  0.730980605364486       -1.72843307272671     
  -1.14095262292120       0.384603615351818      -0.246600826171123     
 -0.183512632086421        1.03791941338769      -3.219858240582344E-002
 -0.167610155689486        1.07868145560677       0.143743750725700     
 -0.807826143715304       0.913719548698897       0.792624960176312     
 -0.997967470856964       0.216402018992244       1.189337851159235E-002
  0.536226837001631      -0.506465690629374      -5.723891275610274E-002
  0.585963984861600      -0.664113749419188      -1.700346642043490E-003
  0.535601698669387      -0.442099963708932      -0.287473671765026     
  0.125001052044427       0.370591650623300       -1.53209360637625     
 -0.785890861086928       0.564034690342115        1.88249973786688     
 -0.245956422035491        1.15239900941250       0.321801773689459     
 -8.095211497106702E-002  0.956154509446515      -7.733678041384568E-003
 -0.189374286564691        1.10016665794811      -3.325076509514108E-002
 -0.975061979020420       0.623907378307878       0.336679445969433     
  0.793890277594510       3.811157938412546E-002   1.79465709125604     
 -0.467656770327603       0.930291915447301       0.204032043849384     
  0.480323075542863      -0.502170651063145       3.455684283182536E-004
  0.619202716165976      -0.449816811217192       0.182096807788182     
 -3.989305787461313E-002  0.340674799372132        1.15333807272173     
 -0.322641140258382       0.837376642517539       -2.63801964781517     
 -0.146578434426781       0.614342163100150      -0.736305852402556     
 -0.495663875181383       0.949304412025222      -2.006976407001939E-002
 -0.510913917700204       0.885495068528985       7.566203466959448E-002
 -0.771419635758703       0.342334980873174      -0.442437426384050     
  -1.91499780973159       0.754603167172671       0.138267451539479     
  0.666447849834581      -0.330185210739519       0.427521240610674     
  0.617754568252911      -0.736241886698176      -4.851244206491513E-003
  0.448731560778054      -0.331155590450221      -2.246579571891515E-002
  0.332665460350918      -0.257262063230580      -0.371265785181258     
 -0.435351614606995       0.609290677901515        1.92826290397730     
 -0.289836687945769       0.690714561171149       6.510198082299751E-002
 -0.513177659494227       0.301551441598039      -3.286392153750923E-002
 -0.498864314265293       0.458798609570716      -1.464320377200733E-002
 -0.400782128294027       0.375596829056844      -0.199344135674732     
  -1.89749970180018       1.682391369913425E-002 -0.383527142926520     
 -0.560459672038709      -0.604766194427145      -0.129996947878727     
  0.462678821669512      -0.335301400903666      -2.550620912554803E-003
  0.254512126237901      -0.273892401025708       1.181071367443753E-002
  0.162314478490148      -0.459018857020317        1.59517086359852     
 -0.486769691523056       0.372422696268972      -0.329909300789873     
  6.679341529785625E-002  0.294924328625004      -0.194481075837218     
 -0.522782439236368       0.280279094455583      -1.384860219280246E-002
 -0.562740844129367       0.244234935715674      -6.311912744164161E-002
 -0.585440309829766       0.313806504902841      -0.815230570587233     
 -0.640930357290487       0.361712624902734       0.383372554403217     
   1.07442485659308      -0.287678613070926      -0.244525204276588     
  0.406244529912811      -0.306861417497961      -4.271765248598863E-003
  0.500076596670570      -0.261960582110924       9.019904366515273E-002
  0.324767330463096      -0.145242565810682       4.675471888027831E-002
   1.41018116041886       0.323554439869454        1.39199174450107     
 -0.165032532629124       0.297232795612122      -0.194446854181831     
 -0.471322869070684      -3.568351227011169E-002 -2.043093065118503E-002
 -0.314995275381304      -3.134330527161069E-002  5.606817664942360E-002
 -0.202684473806752       0.249292510178775      -0.379365461895052     
  0.883736190326733       0.310635876955894       -2.39251397980888     
  0.320318192380689      -0.194385879926907       0.526194828737501     
  0.481405137815452      -0.284506901636726      -2.808051854336512E-003
  0.476462660879655       4.631569077421082E-003 -5.196277328566969E-002
  0.323182129200157       5.716984305911142E-003 -0.983052934532106     
  1.241040580481519E-007 -3.221888370863439E-003  -3.25388055681613     
 -0.323193377522716       5.140711002693336E-003 -0.379564954252300     
 -0.476407827774443       4.404875320985367E-003 -2.657683621897902E-002
 -0.476408211847339      -7.485069796447689E-003  0.158407263780321     
 -0.323191873379393      -8.327016244838954E-003   1.25879615969724     
 -8.638514194771661E-006 -9.749548128604135E-003   3.48242731580530     
  0.323153487288201      -8.397870252674923E-003 -0.458616832825702     
  0.476472606918345      -7.583432375198334E-003 -4.228933219510697E-003
