   2.36774720202596       0.672767518535456      -0.101115865443728     
  0.785429001775237       0.881628121559403      -0.822425292909746     
 -0.296666486161925       0.672744633758497      -0.374189764316121     
 -0.244353983844414       0.608682173177548       0.344378765388690     
  -1.17184840672349       0.436441599657678      -3.998655567169977E-003
   1.50276137059397       1.859566833092045E-002  9.707485014141841E-002
  0.776848325345672       0.880213695610462       0.840427834744423     
   1.10330743152774       0.987123221571765       0.385457385714635     
  -1.19910249886827       0.845652460309926      -0.329884515657628     
   1.13121362758635      -0.337530363096429       6.640192392225260E-004
   1.30458980716236      -0.258569985647067      -7.117926623101142E-003
   1.64065527803959      -0.523748062216674       0.122506124623142     
  0.717714611251830       0.761519139351484      -2.291466567351151E-002
  3.289804929200068E-003  0.246830948807531      -0.147703601956453     
  0.896309772173965       0.472464975666824       1.592682988006959E-003
  -1.56899275156689       0.593115640240216       9.114093548512550E-003
 -0.547590326027313       0.792740507794816      -0.124142644512732     
  0.625686217846196       0.916124034253511      -3.772363553655882E-003
   1.19344573463597      -0.447012973478046       0.148635394277348     
   1.76171593343716      -0.504891790230790      -1.816072649442902E-004
   1.12494303513848      -0.453246055344858      -4.289416849734294E-002
  0.599141951795110       0.550093679314115      -0.682298150675014     
  -1.69238015857202      -4.051144592597675E-002 -0.848040330949241     
   1.35582683377688       0.243598052194650       0.303710840409858     
  0.176686774952295       0.640969816589766      -5.385596357565629E-003
  0.242804133405926       0.655268070640943       7.829552347497787E-002
   1.32704444727641      -0.666642864556578       0.717134390976411     
  -1.77044266604605       0.135237088376753       0.425657567152888     
   1.02825633718210       0.414111577519272      -0.232665524805369     
   1.45123663356181      -0.546195469365497       2.331962376989946E-003
   1.04053525149946      -0.367053957490967      -9.709411349308690E-002
   1.36742133031357      -0.531589391353252      -0.420037954681102     
   1.78182442557412        1.16936698723378       0.462405013555629     
  -1.60163860309681      -0.250609225739725       0.246118605995517     
 -0.464206154782309       0.729990483430813       3.348105446584251E-003
  0.835243537098086       0.584422085429510      -2.948834261334844E-002
 -0.626573537420445       0.769849180063221       0.159423228603229     
  0.796601611028070       0.326629819015717       0.253959836066454     
  0.851985053090678       0.491622040694939      -4.732005463124023E-002
  0.778349969145906       0.554725271472672      -7.958969424241831E-002
  0.996140054986234      -0.143827082181188      -1.920329399189159E-002
   1.04375980728544      -0.315911176426642      -0.807157513870964     
   1.32649553281466      -0.446879779636172       -1.17059089801001     
  0.489475737492209       0.520699341839074       0.138680809963404     
  0.210963920863769       0.771998569066648      -6.404776089252102E-003
 -4.801129974477940E-002   1.39438751762800       0.101993310967582     
   1.11724932379779       0.443467932798807       0.615615623551617     
  -1.80114634192942      -0.227542483656443       0.194136009619215     
  -1.70373866819627      -0.252216720072338       0.278436526353979     
  0.725003487101636       0.781047323888084       1.935524490193827E-003
   1.51206446835624      -0.481682402129700      -4.866020680091607E-002
  0.746908446319082        1.23756044353638      -0.105022271898516     
 -0.960190915315604       0.625687487129995       0.307035466455917     
  0.701612530522900      -0.672752319033501      -4.438331324921431E-003
   1.13546335532984       0.947429652907251       7.290671353185216E-002
   1.06417670651722       0.209799027342534       0.379281909873352     
  0.402109896405039        1.15673016654018       0.125917125280527     
   1.04433189581249       0.334045781437640      -0.591098772031691     
  0.717811201593470      -9.518196979357529E-003 -2.936566780761302E-005
  0.769724993824363       0.513748709343212      -5.746540247472543E-002
   1.09577623624966       0.250983827445467      -0.580762261307634     
  0.196876709352655       0.690998398525857      -0.174783705283233     
  -1.28914875684196      -0.336071661533722      -0.242922682173587     
  0.517940826260515       0.128089739354236      -9.363547103277298E-003
  0.731043731818435       0.631528402412588       9.289862270510575E-003
  -1.21356333913788       0.795622473877627       0.417780812573271     
 -0.477457339745492       0.913588195882434       0.503700142666753     
  -1.30465046602900       0.612607882754300       0.487098117114293     
  0.684583210289129       0.862950258408425       2.175518030053149E-003
   1.43363252803574      -0.333900451963423       0.120525988342794     
   1.70243500950387        1.06250557076428      -0.894692731803989     
   1.08923264940341       0.256626895760796       0.457934760255286     
  0.227105098275595       0.754401790253079      -6.989702836230400E-004
  0.567648888348073       0.690024313581095       0.144361755076373     
 -0.652151090787762        1.65921538855577       0.459610186966378     
  -1.53693962746635      -0.253207942184922      -0.355599564335027     
 -0.298996225826902        1.05497351498684      -0.822615191205587     
  0.634368505269040       0.869084794101416      -3.591433177995619E-004
  0.706916848854135        1.17804124753303      -4.714099061165442E-002
  0.851613594635105        1.00713901076604       -1.05533774482140     
  0.798492553069063       0.856090824588849      -0.658096593632964     
 -0.479355824782214        1.10421798977969      -5.759669416177592E-002
  0.849146645841523      -0.268669247568566      -1.793915351292807E-002
  0.914530354613393      -0.343447477190937       0.128429305801281     
  -1.34317428097823       0.453179695810496       0.687089608252444     
   1.05201540877623      -0.468223972995573       0.182392137809212     
  0.458128805500861      -0.654787979067769       0.391095667616334     
   1.38189483481968        1.23363803270362       1.476970256553176E-003
  0.652232096435592       0.897048741076712       3.937724863105808E-002
  0.616195520202039        1.30885243212493        1.87537347088737     
 -0.845096710272093       0.502525345113495      -0.221426551564394     
  0.604992016193697        1.17194702756496       -1.01140973873914     
 -0.137486208238784        1.08101050953915      -1.137692864848381E-002
  -1.82085618273619      -6.251231424002986E-002 -0.240211217966672     
  0.199385012155864      -0.805297342531794       -1.06766328278000     
   1.50434138858056        1.05339536308510        1.82630909340705     
   1.17497961825157      -9.644112387447575E-002  0.281847884297642     
  0.681262050259641        1.05266939009679       7.138556852118644E-004
  0.335857847392993       0.356172627418286      -0.120372970832519     
  -1.27631646898201       0.596473552013318      -0.354350089009015     
 -0.860688754927639       8.935062688287429E-002   2.72147058567463     
   1.38644966334269      -8.891170630818838E-002  -1.01309589113828     
 -0.453122876094348       0.141993369538124       2.161641276026689E-003
  -1.56261469614359      -8.143707838700956E-002 -0.433048851138692     
  0.566797264394463      -0.908231003233353      -0.538036993035730     
   2.11743757784148      -0.238671280961910        1.75165968314661     
  0.282509953079380        1.00354443188505        1.87749535609673     
  0.848489072265579      -0.873021396485538       7.097821365092703E-003
  0.712512169095063       0.631531200482047      -1.173667029479791E-002
   3.04382144573375        1.64496402143771      -0.390605161696906     
 -4.598791801493666E-002 -0.415468102218948       -3.58360136644097     
 -0.874339778750746      -0.717376598559337        1.89731210193358     
   1.14647258044826      -0.518810668574480       2.799845655205237E-004
  0.771748084165596      -7.759005136460448E-002  3.827576633325102E-002
  0.619569972949649       0.283849333738810        1.97778504491821     
  -1.04796812456496      -0.829970882423655       -1.14686602752673     
   1.27122158113257       0.825287022769565       -2.55556421818819     
  0.816027123101973        1.71499415394060       1.873001750702176E-003
  -1.56480078198468       0.361255841079745      -0.406224028400839     
  0.375561940602107        1.28970273268821       -2.40570442423362     
  -1.02327445505779      -0.193821716748375        1.96777813959511     
 -0.912589259984465       0.828207656262872      -0.615133848502161     
  -1.48195886923554      -0.154351615369817      -6.216550114596788E-003
  -1.06098395027392       0.747632293863688      -0.135214724657560     
  -1.09180586617114       0.686901028793591       0.104283572236283     
  -1.92462771590808        1.31360130679795        3.61726150092351     
  -1.47535856505205       0.116009573367754        2.17562296131360     
  0.647370302382227        1.03165564155922      -1.598685925025574E-003
   3.81468582224696      -0.882449725528913       0.906489331549847     
   2.04298425489637       0.190861618943871        3.68286193328632     
   1.87707220851180       0.698906022916883       -5.35403104214083     
   7.63052044266335      -0.622854341349737       -11.2233524746089     
 -0.313149311664857       -1.47065361590515      -4.274688172673918E-002
  0.255915263249346       -1.52071098942723       0.383455644517154     
   2.25738189467491      -0.239180158118293       -1.00818321672217     
  -1.56895633273971        1.34095419176473       -6.70703100231049     
  0.463357249600055        1.14283230418801      -0.236956385916552     
   2.08977038853989        1.25186375161603      -5.300684374434475E-003
  -7.33106661166332       0.879407723756781        13.7393283872965     
  -6.47201991677912       0.495832505537639        7.68467356291863     
 -0.310655624541264      -4.868455592005649E-002  8.007325380406177E-002
 -0.295777980038880      -0.608736789665213       0.122196714158013     
   3.99456968358080      -0.216941488142332        11.1893932858862     
   7.82937128895596      -0.323939655829549        14.5130227244873     
  -6.23293793958053       0.991640811697668       -11.4904970093149     
  0.881055780744036      -0.162155742576412       3.692459707129850E-002
  -1.42923809799845      -0.564692084163541        3.79976909162064     
   2.66151861274002       0.357124889746378       -5.09929884186164     
   1.28776785081549       6.542193182665226E-002 -0.789088469286378     
  8.524939577272030E-002  0.170300970892677       0.143785069346820     
  1.041329658653939E-002 -0.275276598103932       0.256453061596234     
 -0.704724930988078       0.498793999940037       -2.99930073126100     
  -2.40874027711443      -0.346024532790270       -4.59507119340280     
   2.54378244584611       0.509861768345917        4.11432804989775     
  0.755239417105440      -0.103465230519055      -8.716518956806883E-003
  0.634597283298961      -4.153211245235248E-002 -9.154444134779209E-002
   1.05671518280526       0.111642363780359       -1.61114203934200     
  -1.30920267912582      -0.129304916153975        1.95641147546800     
  -1.12288209984602       0.179128469150932      -0.572709108749060     
  -1.10417173005259       0.497957595363057      -7.077823584918162E-002
  -1.09601420018690       0.288711797293012      -3.397836424476441E-002
 -0.976152166534676       0.365789112114374        2.04939918218744     
   1.25711784669590      -0.290729820644484        2.13775455767771     
 -0.208327454581108       0.259738732658982       -1.54717518826371     
  0.578749232715236      -2.453066555171722E-002  3.584239533603277E-003
  0.651645814503642      -6.076114190468062E-003  1.054571743106420E-002
 -0.226572453082930       0.325551448804654       0.857878931191941     
  0.259317785952956       0.480907744702562      -0.178258538717625     
  0.618524473658616      -0.179874263677916       0.401707148945864     
 -0.696838208999270       0.329624598290508       3.726756035501156E-002
  -1.21429596656819       0.603231418488465      -0.155584136144595     
 -5.290633170242781E-003 -6.049031421091194E-002  -1.90929819838295     
  0.289879922207170      -0.109055586444947       0.275426320086273     
  0.882889585753289       0.127252647071556        1.17374650096292     
  0.590686620205669      -1.860090133341126E-002 -7.860776193664068E-004
  0.508924863032045      -6.032759964422390E-002 -5.138144303023968E-002
  0.405188989581061       5.075242321803908E-002 -0.252724124781409     
 -0.280907934867679       5.200699678926367E-002  0.725890544914889     
  0.573823909680662      -2.201585992409905E-002  6.420860103156423E-004
 -0.468427815495808       0.199891006887221      -2.345794398997743E-002
 -0.537051008503374       0.229401887623877      -0.111229687090525     
 -0.311649977376068       0.247075199197759       0.768169915531772     
  0.411302042453237      -4.137084938268841E-002  0.833873264124047     
  0.260278667607647      -8.784622108706959E-003 -0.155434390929336     
  0.479291452104601      -1.867199066066649E-002  2.469153929444958E-003
  0.267559907813396      -3.301240062373759E-002 -0.153145727965759     
 -0.217873518024513      -5.341496537359853E-002 -0.666311393905041     
 -0.537659705718513       0.176810104681087      -0.149575140819675     
 -0.473687976338920       0.112498001740932      -1.752307012257465E-002
 -0.514626697132019       0.102790269118122       3.871132352928438E-002
 -0.503738819531088       0.223177356459046       0.312553534078778     
 -0.190853777489887      -6.875042994913082E-002  0.242284476242304     
  0.211843755183122      -5.333960839758760E-002  0.157922334917243     
  0.480993694007184      -3.806401711748032E-002 -6.892625423092166E-004
  0.476451445231012       4.609835301710907E-003 -0.103455307899517     
  0.323193317545210       5.123118426977851E-003 -6.397326815292929E-002
  2.524075811399192E-008  5.911819331598604E-003  0.693668239422831     
 -0.323158260317371       6.023555795601376E-003  1.590718970168506E-002
 -0.476407811489719       4.417253480713881E-003 -1.082574071198539E-002
 -0.476407827720897      -7.698200210594599E-003 -5.701151534558858E-002
 -0.323191725181466      -8.204795103826480E-003 -0.266569023702198     
 -6.707425827073693E-008 -7.588955974488816E-003   1.57684722356868     
  0.323193342965438      -8.269328373865849E-003 -0.274093511070794     
  0.476474336171320      -7.573397316490703E-003  1.014771019949547E-003
