   1.91825422841467      -0.352422104323077      -0.101115865443728     
  5.628215141405737E-002   4.12927799496489      -0.822425292909746     
  -2.30703312203689       0.558971902806210      -0.374189764316121     
  -2.39133956148505      -0.610783169959104       0.344378765388690     
  -1.19338878011362        1.43703413744262      -3.998655567169977E-003
   3.05600211052091       -1.24386846952802       9.707485014141841E-002
  5.580744372595538E-002   4.08763964008533       0.840427834744423     
   2.12327467473739      -5.193750430821813E-002  0.385457385714635     
  -1.18659730496463      -0.768950190207546      -0.329884515657628     
   2.08125541950955       -1.43526374201029       6.640192392225260E-004
  -1.04871723918004        1.57919898556424      -7.117926623101142E-003
   3.07038197327088       -1.65473208014608       0.122506124623142     
   1.18208704630303       0.757524938444990      -2.291466567351151E-002
 -0.124467841367924       0.529237656164656      -0.147703601956453     
  -1.10682041221823        1.60934150553006       1.592682988006959E-003
  -1.16668002343561        1.44146961220595       9.114093548512550E-003
 -0.606260713225507       0.186778964347643      -0.124142644512732     
   1.56512871904858       0.168990428044031      -3.772363553655882E-003
   3.26383022298762       -1.04400045093710       0.148635394277348     
   3.22782140612653       -1.26106935968211      -1.816072649442902E-004
   2.08371164417227       -1.50707703762283      -4.289416849734294E-002
 -9.267927589574322E-002   1.16994985752979      -0.682298150675014     
  0.632642189844929      -0.715586406140795      -0.848040330949241     
  0.559873132830346      -0.398912196118687       0.303710840409858     
 -6.693533201415526E-002  0.936057753091839      -5.385596357565629E-003
 -0.417095291268132        1.47002024754684       7.829552347497787E-002
   1.77971017527277      -0.781507337432140       0.717134390976411     
  0.833450323995589      -0.711087118918022       0.425657567152888     
  -1.08986780768523        1.48872460093456      -0.232665524805369     
   1.60162788869275       -1.00696172147300       2.331962376989946E-003
   2.95388507862965       -1.75043194044217      -9.709411349308690E-002
   1.79299060082008      -0.945406891201390      -0.420037954681102     
   2.47741355414067      -0.714769272313697       0.462405013555629     
  0.718193342323744      -0.254364683447822       0.246118605995517     
 -0.163996164269763       0.688291980956227       3.348105446584251E-003
   1.12150668489100       0.270484750419372      -2.948834261334844E-002
  -1.19230249441294        1.37544182494226       0.159423228603229     
  -1.11078805093054        1.77847826863431       0.253959836066454     
  0.512874699121229       -1.13115941723669      -4.732005463124023E-002
 -0.495314700245454       -1.37470019215424      -7.958969424241831E-002
 -0.506089546421070      -0.476769831409783      -1.920329399189159E-002
   1.04828467989997      -0.194893490108578      -0.807157513870964     
   3.57453671482950      -0.598151067634057       -1.17059089801001     
   1.19802447236496       0.554873582106249       0.138680809963404     
   1.15674451959438       0.328080583913673      -6.404776089252102E-003
  0.991013770232455       0.917942139442004       0.101993310967582     
 -0.255391215730491        1.09799855358390       0.615615623551617     
  0.199355569285586       -1.77080620811174       0.194136009619215     
 -0.924742745636561        1.57057196936853       0.278436526353979     
   1.17715229551728       0.721987453848000       1.935524490193827E-003
   2.05138472597052       -1.30325049997017      -4.866020680091607E-002
   2.21362052199035       0.577419422847121      -0.105022271898516     
  -2.18765823187901      -0.233382829770895       0.307035466455917     
   2.86109324342584       -1.25570079579396      -4.438331324921431E-003
   2.08620708475921      -0.164165559819285       7.290671353185216E-002
  -1.09996340036154        1.12452737677862       0.379281909873352     
   1.40486840269931        1.11304335931293       0.125917125280527     
  0.873224260058743       0.606095151086161      -0.591098772031691     
   1.14609756847329      -0.229905117602186      -2.936566780761302E-005
 -0.699246159215309        1.73769239117593      -5.746540247472543E-002
 -9.139084771834732E-002   1.06321881025848      -0.580762261307634     
  1.989275735857321E-002  0.963400769205674      -0.174783705283233     
 -0.514797625259110        1.37658689502680      -0.242922682173587     
   1.62508837421644      -0.297048526747992      -9.363547103277298E-003
   1.10929373383786       0.210825695802443       9.289862270510575E-003
  -1.53236509982140      -0.812572106362888       0.417780812573271     
  -2.12536703459603      -0.445470249487664       0.503700142666753     
 -0.888121072765108       0.409580149825593       0.487098117114293     
   2.18983237444145       0.272402117985484       2.175518030053149E-003
   2.16170443287343       -1.63808058657183       0.120525988342794     
   2.24662259690695      -9.850009655228852E-002 -0.894692731803989     
  0.307691247015368       0.861097981452477       0.457934760255286     
   1.09880296721568       0.305702785717946      -6.989702836230400E-004
   1.08625665729078       0.364865999644491       0.144361755076373     
   1.29985046330565        1.67622875965971       0.459610186966378     
  0.795532010224982      -0.130387232373600      -0.355599564335027     
   1.13916473766498        1.09249892285061      -0.822615191205587     
   1.59714771663381       0.136677903287967      -3.591433177995619E-004
   2.15297547993027       0.136178084704919      -4.714099061165442E-002
   2.18003935101562       0.865933285864716       -1.05533774482140     
  0.297522240947651        2.01296838747206      -0.658096593632964     
  0.262599022140758        1.82091193186467      -5.759669416177592E-002
  0.661350586903310        1.28716560374433      -1.793915351292807E-002
  8.977059906967974E-002  0.655625707703299       0.128429305801281     
 -0.558414414477276        1.23653572724884       0.687089608252444     
   1.80794110783691       -1.09790769853702       0.182392137809212     
   1.71744982590948      -0.379039706865906       0.391095667616334     
   2.53376707714466      -0.802166672298358       1.476970256553176E-003
   2.18383324460263       0.638037006100803       3.937724863105808E-002
   2.00547352663109       0.485526014439696        1.87537347088737     
  -1.96426886108599      -0.464881272709408      -0.221426551564394     
   1.72965458966061       0.359343732731808       -1.01140973873914     
 -0.502092882712031        1.20617762861743      -1.137692864848381E-002
  0.935666164061513      -4.107730228062774E-002 -0.240211217966672     
  0.969979512107767       0.271070122820437       -1.06766328278000     
   2.66308378312135       -1.68000251517687        1.82630909340705     
 -0.614998522945173       0.841433952091393      -0.272274709394550     
   2.17034579618115       0.262115074808195       7.138556852118644E-004
  5.955985082290621E-002  2.881255345835013E-002 -0.120372970832519     
  -1.55410508436159       0.738065409994112      -0.354350089009015     
  -1.16799051480012      -0.564628551411948        2.72147058567463     
  -1.62854414760943        1.44154906445129       -1.01309589113828     
  -2.24147283655861      -2.901498028786065E-002  2.161641276026689E-003
  0.655560024771904      -0.442836996591880      -0.433048851138692     
   1.61692028447870      -0.626900577344800      -0.538036993035730     
   3.42620840957577      -0.574881010972362        1.75165968314661     
   1.08848837319857        2.07149464758847        1.87749535609673     
   1.55553348176069       -1.03444324296361       7.097821365092703E-003
   1.10562273343058       0.208713256261190      -1.173667029479791E-002
   3.25500899694440       0.928675349199799      -0.390605161696906     
 -0.791444693540043        1.41390875206693       -3.58360136644097     
  0.888109264709547        1.33967868119022        1.89731210193358     
   2.24105738131160       -1.69945863015542       2.799845655205237E-004
  0.161414778606238       0.617320053184249       3.827576633325102E-002
   1.42328757636922      -0.505737868185616        1.97778504491821     
 -0.806654766471332        2.71489348465052       -1.14686602752673     
   2.31471188642812      -0.874812202444754       -2.55556421818819     
   1.81917924271124        1.13301996022301       1.873001750702176E-003
  4.775691643146929E-002  -1.69503465750596      -0.406224028400839     
   1.30259672297353        1.98475802524064       -2.40570442423362     
  -1.26307634186795        1.95765085444530        1.96777813959511     
  -1.43362166323165      -0.814177917815432      -0.615133848502161     
 -5.423234536770101E-002 -0.728457182817943      -6.216550114596788E-003
  -2.42042793910100       0.303592428470260      -0.135214724657560     
  -1.58502671309123       0.880586775254273       0.104283572236283     
  0.599175639045500        1.65285384334032        3.61726150092351     
 -0.324115913184041      -0.907600913008374        2.17562296131360     
   1.52586894072477       0.199573903678788      -1.598685925025574E-003
   4.53358044865930       0.366263070210010       0.906489331549847     
   1.36395157336326       0.720314077253137        3.68286193328632     
   2.39086993088614       -1.53283136930971       -5.35403104214083     
   10.1265133545521        3.17878896504450       -11.2233524746089     
   1.05108813466704      -0.955113946091684      -4.274688172673918E-002
   1.33488813877387       -1.22426478886611       0.383455644517154     
 -0.230086900816749        1.42693708367099       -1.00818321672217     
 -0.499246537368894        2.23137427180191       -6.70703100231049     
  0.927567456153085       0.472014420639886      -0.236956385916552     
   2.48430378268950      -0.429404860791670      -5.300684374434475E-003
  -6.68595230544679       0.857255638198685        13.7393283872965     
  -5.95263494953637        3.89171275597031        7.68467356291863     
  0.614575737659447        2.05293540309843       8.007325380406177E-002
  -1.10370560730068        2.49312481650401       0.122196714158013     
   5.08176788639679      -0.241439094806820        11.1893932858862     
   9.98702703343240        2.73064325948127        14.5130227244873     
  -6.07425248940576        3.44344797044081       -11.4904970093149     
 -0.299919360489258      -0.462054997899717       3.692459707129850E-002
  -1.19216881641048        1.04971638675863        3.79976909162064     
   5.23235948608982        1.19435859060872       -5.09929884186164     
   1.62788932712296      -4.206934636669593E-002 -0.789088469286378     
  0.771224284661145      -0.451708316050845       0.143785069346820     
   1.08223072356716      -0.633015988427288       0.256453061596234     
  -2.29047604685332       0.155316932925670       -2.99930073126100     
 -0.640411352635967       -1.19891902509927       -4.59507119340280     
   5.12964691127059        1.33527295751066        4.11432804989775     
 -0.330854040643195      -0.340227112556190      -8.716518956806883E-003
 -2.151569842539549E-002   1.04371215705878      -9.154444134779209E-002
   1.30203133717938      -0.383347677990795       -1.61114203934200     
  0.199580481036629      -0.787204754654204        1.95641147546800     
  4.109209882525447E-002 -0.511412610440214      -0.572709108749060     
 -0.583362835095821       8.062142340433689E-002 -7.077823584918162E-002
  0.538234632380941      -0.931100517473155      -3.397836424476441E-002
 -0.825630045367902       0.548057677654828        2.04939918218744     
   2.90000302044519       -1.48781266858538        2.13775455767771     
   1.01499941348881        1.45073386123648       -1.54717518826371     
   3.06321556266042       -1.27416384741124       3.584239533603277E-003
 -0.538434451119462        1.67099709552904       1.054571743106420E-002
  -1.08799148008109        2.27430969336199       0.857878931191941     
  -2.16961954570926      -0.693414468657070      -0.178258538717625     
   1.70892283255036      -0.458814977934387       0.401707148945864     
  -2.50762174248232       0.369684789231898       3.726756035501156E-002
  -1.08720904322996        1.69123714560471      -0.155584136144595     
 -0.355931638735464       0.654627217873729       -1.90929819838295     
  -1.15383788843563        1.49558698457559       0.275426320086273     
 -0.261681766382275       0.726930200867039        1.17374650096292     
   3.57959723666993      -0.479509174590648      -7.860776193664068E-004
   2.08827322788042      -0.623327591477431      -5.138144303023968E-002
 -0.254180174448948        1.06131618014824      -0.252724124781409     
 -0.165785420181114        1.20514604325023       0.725890544914889     
   3.03278838429214       -1.19156808539583       6.420860103156423E-004
 -0.694923222237304       0.689269606670538      -2.345794398997743E-002
  -2.49248217035291       0.485576293539417      -0.111229687090525     
  -1.40766476169820        1.23275316886099       0.768169915531772     
  0.865425805003233      -0.298506606914039       0.833873264124047     
   1.74929583532267       -1.07528571274271      -0.155434390929336     
  0.970260452018020      -0.101857216988430       2.469153929444958E-003
   1.22944402971274        1.59643157799225      -0.153145727965759     
 -0.276654615551314      -0.378981411347081      -0.666311393905041     
  -1.06847819751917        1.76132152821156      -0.149575140819675     
  -2.27523195512466       2.805778419119662E-002 -1.752307012257465E-002
  -1.07865417438752        1.57215093530542       3.871132352928438E-002
  -1.34005632058011       0.140426759862225       0.312553534078778     
  0.247187199279241       0.424164170507029       0.242284476242304     
  0.336307967493714       0.995969126940487       0.157922334917243     
   1.03010436607745      -0.121387518683828      -6.892625423092166E-004
  0.571850496145681       -1.24510370806169      -0.103455307899517     
   1.10160560622108      -0.183542808750923      -6.397326815292929E-002
 -5.606131945620293E-002   1.02447563768343       0.693668239422831     
 -0.795059998605574       0.642976064066708       1.590718970168506E-002
 -0.559731346977077       6.395738616621190E-002 -1.082574071198539E-002
 -0.239821836481518        1.24566775569245      -5.701151534558858E-002
 -0.831168480673316        1.09657198391531      -0.266569023702198     
   2.06646255184834      -0.299378083779120        1.57684722356868     
   1.16818507012740       0.429869547704277      -0.274093511070794     
  0.130562579888604        1.95629182937108       1.014771019949547E-003
   2.97041943316228       -1.17306675303739       8.849266986825584E-002
  0.650582112096835       0.273805755690075      -0.126495489253850     
  0.574151278405560       0.880894933422199       -1.62715539120378     
  -1.19027573518805        2.23046547094614      -0.714806504112836     
 -0.638189390419743        1.14473240742552      -3.127137011281314E-002
 -0.481300399628639        1.24525354738629       0.106278639143898     
  -1.85986443868652      -0.485395642459519       0.825979720679845     
  -1.95253511572166      -0.414114020237461       0.120741661280222     
   1.02752299184654      -0.111383486228287       0.131272633347606     
   1.12151635476346       0.131531525177063       1.156899408288857E-004
   2.21157663282733      -0.371635256371828      -0.232613303740425     
   2.04831928284822      -0.451461146063597       -1.13145253609201     
 -0.818185430159693        2.52995586341804        1.78905255458052     
  0.107666336511406      -0.600624246741341       0.728354447582216     
  0.358159372510005        1.82659400750582      -1.886684076167742E-002
  0.336435098965678        1.88444575649561      -6.086515188593367E-002
 -0.588306451218393      -0.221000169665812      -0.413555149597892     
   2.05365866065625       0.945959924011234       0.983122143468063     
   1.82818069872532       -1.45825967925140       0.674377907520380     
  0.678831404904505      -0.507057868635339      -1.858199219691453E-003
   3.03771413408813       -1.15670591328328       1.633227040537034E-002
   1.97681864754485      -0.162058316305594      -2.984083830581585E-002
  2.455532308707054E-002   1.27501080026061       -1.72843307272671     
 -0.667797099063532       0.619908797626233      -0.246600826171123     
  0.843622780557347       0.870296097893807      -3.219858240582344E-002
  0.789661748682535       0.878423939533698       0.143743750725700     
  -1.47627313121842      -0.555009177868782       0.792624960176312     
 -0.902643843100736      -0.375350104935866       1.189337851159235E-002
  0.915443291382038       1.143240032585924E-002 -5.723891275610274E-002
   1.17330271557067      -0.250973911342104      -1.700346642043490E-003
   1.87532815007299      -0.246180612851863      -0.287473671765026     
 -0.455391321034250        1.12312796179636       -1.53209360637625     
 -0.709525816614134        1.87505425812830        1.88249973786688     
  0.377029339754943        2.00835891635381       0.321801773689459     
  0.770188979728990       0.952658344484716      -7.733678041384568E-003
  0.752235905121910        1.06786816766197      -3.325076509514108E-002
  -1.81358417268637      -0.638518811337464       0.336679445969433     
 -0.747789012978569        1.19339862636503        1.79465709125604     
 -0.642725058584954        2.64779771839897       0.204032043849384     
   1.25885449578802      -0.282496809563361       3.455684283182536E-004
   2.16420759885192      -0.623048927198691       0.182096807788182     
   1.13686454754074        1.75934835423283        1.15333807272173     
  -1.60363399075489        2.28322243844663       -2.63801964781517     
  0.484651462602963        1.98385966396708      -0.736305852402556     
  -1.60855706417392        1.84599117281289      -2.006976407001939E-002
  0.819933074664974        1.11328896341713       7.566203466959448E-002
  -2.13829695412429      -0.398878714862025      -0.442437426384050     
  -1.62208835338238       0.800280379093584       0.138267451539479     
   1.07385619260862      -0.473455623345710       0.427521240610674     
  0.868018772160745      -0.105717117048326      -4.851244206491513E-003
  0.192489151865480       0.279041564672641      -2.246579571891515E-002
 -0.407558457089000      -0.295815601817827      -0.371265785181258     
  -1.80448754392772        2.20867735615876        1.92826290397730     
 -0.916554087239356        2.29034671644095       6.510198082299751E-002
  -1.96335131857023        2.21168865384463      -3.286392153750923E-002
  -1.58960378255336        1.78008831776271      -1.464320377200733E-002
 -0.633896617857143        2.65984676242084      -0.199344135674732     
 -0.374990914559359      -0.500571465830310      -0.383527142926520     
   1.08638175764540      -0.581994046662887      -0.129996947878727     
 -0.730105556726123        1.23554146721326      -2.550620912554803E-003
  -1.94063496730576        1.17616977784401       1.181071367443753E-002
 -0.200934392108700       0.890847849723012        1.59517086359852     
  -1.15363163600577        1.69169765424585      -0.329909300789873     
  0.170166313253328        1.06968743455691      -0.194481075837218     
 -0.233560068794461        1.63984082004419      -1.384860219280246E-002
  -1.13082119849669        2.50296701606098      -6.311912744164161E-002
 -0.461193877956496        1.58266910017936      -0.815230570587233     
 -0.616892464664620        2.59408748743498       0.383372554403217     
   1.37667372771632      -0.408964259215063      -0.244525204276588     
  -1.35767637844210        1.41104988341282      -4.271765248598863E-003
   1.42048059624675      -0.289951790613411       9.019904366515273E-002
  0.341958753515070       0.484901630561257       4.675471888027831E-002
   2.59688200241931       -4.13071212623654        1.39199174450107     
  0.495299314424887        1.14132251924734      -0.194446854181831     
 -0.468211838783969        1.44040511223341      -2.043093065118503E-002
 -0.456569576252985        1.38714178144709       5.606817664942360E-002
  -2.08593124867730        1.95178018649855      -0.379365461895052     
 -0.228111502794873      -0.636630530602906       -2.39251397980888     
 -0.366717811810374      -0.873895152863953       0.526194828737501     
  0.731321486472496      -0.521531956074355      -2.808051854336512E-003
   1.36142630050030      -0.293763649705065      -5.196277328566969E-002
  0.107518147776147      -0.410215847225750      -0.983052934532106     
  -2.07739775061773       -1.56352837277966       -3.25388055681613     
  -1.82089424451656      -0.571114923244728      -0.379564954252300     
 -0.502398219592996        2.80718931689829      -2.657683621897902E-002
   1.10137846199358        1.60904927147757       0.158407263780321     
  -1.00272108177363        2.67069236394819        1.25879615969724     
  -1.86333590944219       -1.48105969589671        3.48242731580530     
   1.17595311729113       0.372673760160808       0.435366271929118     
  0.399054704763278      -0.379477258549383      -4.228933219510697E-003
  0.213984839748484       0.618072797836590       6.685569865145813E-002
  0.948485350428215       0.735246855699283       0.413764649382935     
 -0.274695769003992        1.26659137713630      -0.559996904581367     
 -0.988504066086647        1.54755124463578      -0.230921860079413     
 -0.556613521022629        1.23413340180723      -2.140597491107646E-002
 -0.865034946857277        1.63199460628045      -4.020601903094546E-002
  -1.74384625157253      -0.336812669451136       -1.16436578045920     
 -0.406143981797479        1.37658463355526       0.504677218670849     
   1.38502038178096      -0.177920470732407        1.00213610531451     
   1.43080269427866       0.265577924999135      -2.250924949830096E-003
 -0.642063753998626       6.613348854706795E-002 -0.296191184809593     
   1.15079385527733      -3.616097539421418E-002  -1.78559928471324     
 -0.942698980745147        1.71588188393553        1.10640423025737     
 -0.875353853215000        1.37914454500158       0.963618094062314     
 -0.543514304246111        1.18913222117445      -2.769955800511878E-002
 -0.774495150094929        1.68110631024907       9.858765338519423E-002
  -1.42461113327191        1.94503186263148        1.60920969037936     
 -0.410341989753881        1.25602711883970       0.896338762974102     
 -0.525881211387755        1.84848307945641      -0.910737328225671     
  0.820220605431281       0.734248200652914       2.129404532122713E-003
 -8.340112525587910E-003 -0.344140612740542        2.05149087280197     
   1.25830317632445        1.39870357473604       -1.20019929275459     
 -0.537034252878509      -9.562255617809215E-002  -1.47908663514245     
  0.611818881001538       0.810385049150218      -8.141009636191876E-003
  0.678524532498472       0.596974885044788      -0.214369834049977     
  0.711766962785285        1.23119305965594       -2.98419579148401     
 -9.855605052004553E-002   1.45874470394197       0.596257902208844     
 -0.371508106880694      -0.237657844238190        1.68600817306156     
  0.742171137641592       0.509783301520047      -4.864595190908127E-003
  2.637929947749276E-002  0.922195998367317      -0.472301065437690     
   1.71757537684679       0.461502247785056       -3.25250532886334     
 -0.756870889445256       0.193024704454627       0.912376676386430     
 -0.653527041518098      -9.266160216296737E-002   1.56103942499883     
 -0.548616475694536        1.63508753708643      -3.199816963101409E-002
 -0.662632605502329       0.325251752028047       0.346069190425077     
 -0.871046376744493       0.521366105174546        4.41505640682081     
  0.537949228383029      -0.587793576910990        2.03256018765584     
 -0.895776871611101        1.91011187932134       -3.81898326791003     
  0.222911415588959       0.545879200900762      -1.448654998962672E-003
  0.214520231102561      -0.511290147142213       0.630465136540540     
  -1.12374312183422       0.297144464792656        5.94687892323232     
  0.504490482980461      -0.198926983131179        3.26700681761174     
   3.64472691861359      -0.203879943716372       -4.01354135259829     
 -0.556501981804602        1.68429111461701       4.918431020443498E-002
  -1.50945749525781      -0.494347365590373      -0.791822147872558     
  -1.46864318383507      -0.102858391439368       -7.99101980434680     
   2.23909358625179      -0.368137271015918       -1.27739807039289     
   3.13689083613373      -0.197026828725319        5.34631578023693     
 -0.485237524337361        1.30757213851196      -9.957194375838452E-004
  0.685325517284061      -0.517150166551455      -5.979995450006736E-002
   1.96539701069618       0.280141196485492       -1.59053410005088     
 -0.379533362517040       -1.61179867157076       -1.72247139387222     
  -2.41001664682367       0.405892706911779        1.20792940757247     
 -0.557438439051077        1.58572036348534      -6.285065140338998E-002
  -1.15102656494230        1.91427878930494       2.450385336230120E-002
 -0.285873475578094       -1.26039525783192        3.40924917773798     
 -0.546663188186773       -1.48701470047310        1.88273391406485     
 -0.447888056981328      -0.934450202677666       -2.63356275018472     
 -0.547271896407626       0.433111353206522       5.987210815053553E-003
  0.707132017706902      -0.394596292356117       0.322144567433072     
  -1.46518490650989        1.45720034116110        2.20433051830869     
 -0.134038074369144       0.642527747324373        2.64203647699916     
   1.18111143135844      -0.466478839766713      -0.609333909585563     
 -0.290977855395556       0.137464349818646       1.597251127989937E-002
  0.862417105423485       0.464756279507192      -0.211395772556762     
 -3.568639890166447E-002  0.345611366984915       -4.03809584583370     
 -0.682038878151165       6.443797981095159E-002 -6.054925630622407E-002
   1.77494391373981       0.257972572286874        2.31206372802514     
  4.959067373391939E-002 -0.150766347009805      -5.657026354746931E-003
  8.719596121389249E-002  0.777822551785216       -1.14768031416256     
  0.149886080328471       0.204317192510494       -2.61622946866898     
  -1.86512796719458      -0.546305311557158      -0.478110428147792     
  -1.08745654129305        1.59488558187983      -4.856445282133885E-002
 -0.518192139330483        1.12098679747940       0.187609811955209     
  -1.58299707552028      -0.633582291997147        3.58549551841959     
 -0.942169849580422        1.44645781555625        1.50999198827640     
  0.985473085137553       0.445824259562529       -1.65625497908309     
  0.727786071409919      -0.579838327708017       1.403730035253144E-003
  0.782472213949798      -0.515256637092087       0.267388069693648     
 -0.687100458013713       0.113932855604542        2.38406994641916     
  0.398348601404428       0.110272742878962       0.960033843893730     
   1.81771419351576      -0.204387895688213       0.509330907315600     
  0.310616914570579      -4.569671355773395E-002  3.632156258882042E-002
 -0.329326676428665       0.160272794170376      -0.374418262199589     
  0.476464900459582       4.618651336905235E-003 -0.186757504048495     
 -5.955817246115547E-002 -0.580377205866720       0.605876872062010     
  0.751800209018489       0.311580307040810        2.03305443034549     
  0.508378234357265      -0.351131009887021      -4.137028961007801E-003
  0.538738315900685      -9.331676278527723E-002  -3.63019157743336     
  0.493641910334993      -0.318213923400315       -3.43474513868289     
  -3.27667189254690      -0.170071757457790       0.879795887025752     
 -0.539237823950710        1.44508424719493      -8.750952098202490E-002
  -1.33540852722187       0.648180189890715       0.760596604223133     
  -1.48435692645837      -0.281204416653803        7.23625431197490     
  -1.88963117499967      -0.695783520501303       -1.06790671314563     
 -0.747780231670378        1.08517245565122       -3.64070021716503     
  0.414840280531994       0.849896801431684      -3.698908303634364E-003
  9.770498509591254E-002  6.010903431003861E-002  0.845726827482941     
  -2.51912396719409      -8.701920059160521E-002   7.86824914567816     
 -0.322998776790876      -4.755889481289380E-002   3.23549001443310     
   4.64175283356307       0.190870869959580       -3.65978227388496     
 -0.258207121972417       0.567903874056259       2.829507544328946E-002
 -0.876168225363359       0.714853120178167       -1.09676528349479     
  -1.82104749078242       0.280229124807651       -11.0447159876814     
   1.76182638667880      -0.379111824743397      -5.915399665781217E-002
   4.01668703626311      -0.491444186150636        5.97984605827184     
  0.784937961146632       5.346819482954129E-002 -9.418489741160628E-003
  0.850666845726174       0.585489340706780      -7.073567371656150E-002
   1.86886416656891       3.649006759350959E-002  -3.26159313522783     
 -6.436581758601520E-002  0.606083578074453       -2.81330207423791     
  -3.08147989060554       0.165702793721318        1.95413141230479     
 -0.727196188032081       0.435136211108839      -6.368357864467748E-002
 -0.651044264113870       0.369832751037176       0.353163581720000     
  0.530695390045395       0.155871185364544        5.87073899146175     
  -1.59445280392706      -8.184188883357987E-002 -0.368033444986018     
  -1.03695336602927      -0.138310845517177       -3.66310245498139     
  0.783548211002394      -9.314597838503216E-002  5.960635863618874E-003
  0.643755061871944      -0.461599278328420       0.175931910733811     
  2.764664072823186E-002  0.297041064848786        2.86097509354755     
   1.13974084987169       0.100612846080938        3.29236602944988     
   1.55694077865172       0.483537640242672       -1.09805859502371     
 -0.234794663550533      -0.238475925647604       2.583789495733623E-002
  0.724383131375862      -0.264600377505538      -0.322504487245158     
  0.672573874925177       0.433622224524122       -4.76785218265091     
  0.284869863373145       7.098989121930450E-002  -1.44817137336294     
  0.976639695187819       0.239038098849124        2.45760277495484     
  0.450635682004762      -0.446505704034761      -4.821534849615091E-003
  0.323219208611895       5.688478465502347E-003  -5.45376094619630     
  2.418742397189621E-008  4.924503805479929E-003  -7.70053713223097     
 -0.323193425605630       5.680813840268062E-003   2.89276370477798     
 -0.476407810508346       4.028789222858266E-003 -0.152937885604908     
 -0.476412125550012      -7.770089412724789E-003   1.40859123838099     
 -0.323193484465540      -8.454955729840903E-003   9.81027889492544     
  1.528981912956778E-006 -1.188957224397123E-002  -3.91197529112650     
  0.323209343330732      -8.458649677849445E-003  -5.31158879062842     
  0.476474835005816      -7.591056904212577E-003 -1.031027098171456E-004
