   1.64528994073696      -0.331222590013728      -0.101115865443728     
  0.900611808479823        3.62390164292344      -0.822425292909746     
  -1.95470574565193       0.369947984855817      -0.374189764316121     
  -1.97378067549799       0.532098727756479       0.344378765388690     
  -1.16193030153115      -0.301222450953322      -3.998655567169977E-003
   2.34091978680354      -0.848670071979661       9.707485014141841E-002
  0.873497894771346        3.59306299363061       0.840427834744423     
   1.77570053718647       0.141054697458589       0.385457385714635     
  -1.60030552566167       0.264088390660665      -0.329884515657628     
   2.17721672201464       -1.15174575907533       6.640192392225260E-004
  7.582823439492842E-002  0.240115027906838      -7.117926623101142E-003
   2.38643187808877       -1.12570945760689       0.122506124623142     
  0.882633235567064        1.14304412547093      -2.291466567351151E-002
  0.238068867049366       0.545258727537749      -0.147703601956453     
 -0.409346185052352      -9.387881435241419E-002  1.592682988006959E-003
 -0.605028398741933      -0.557040522102223       9.114093548512550E-003
  -1.16943489356181       0.239737514286827      -0.124142644512732     
   1.38289059558980       0.802212720953228      -3.772363553655882E-003
   2.57776482501638      -0.823559854518882       0.148635394277348     
   2.55218377553393       -1.01988473905435      -1.816072649442902E-004
   2.21900332182558       -1.04688095464813      -4.289416849734294E-002
  0.354317244666755       0.640682474495917      -0.682298150675014     
  0.162774605780498      -0.690787931952021      -0.848040330949241     
  0.806325217991356      -2.021621023848855E-002  0.303710840409858     
  0.640530180645668       0.762594788399380      -5.385596357565629E-003
  0.296269369568710       0.779684348440077       7.829552347497787E-002
   1.47978785192194       -1.13086385126620       0.717134390976411     
  0.306927809588636      -0.677180924763049       0.425657567152888     
  0.324802329085702       0.494621095217200      -0.232665524805369     
   1.51337363708697       -1.29853652600609       2.331962376989946E-003
   2.26923731923664      -0.922795122648408      -9.709411349308690E-002
   1.40516554134636       -1.25894538666775      -0.420037954681102     
   2.15592306254993       0.195925315803855       0.462405013555629     
  0.466644122965325      -0.620557432150752       0.246118605995517     
  -1.32043708590856       7.059746755379730E-002  3.348105446584251E-003
  0.929606331969716       0.504245503778059      -2.948834261334844E-002
  -1.18998882572153      -0.106526500038064       0.159423228603229     
 -0.502454424939093      -9.426638032987952E-002  0.253959836066454     
  0.127173635023460       0.396277449210718      -4.732005463124023E-002
 -0.336468833199134      -5.070826998711672E-002 -7.958969424241831E-002
  0.274533867298891       0.357910556496286      -1.920329399189159E-002
   1.56096257295061      -0.177248957778076      -0.807157513870964     
   2.62479036861456      -0.669623010017426       -1.17059089801001     
  0.965223769093194       0.873234549591339       0.138680809963404     
  0.806096793292927       0.817412013367240      -6.404776089252102E-003
  0.599016831217591        1.26529200139642       0.101993310967582     
  8.327060020468935E-002  0.683006052404831       0.615615623551617     
 -0.456364780155763       -1.54907378080108       0.194136009619215     
 -0.560701710906299      -0.399927234460131       0.278436526353979     
  0.919474324142121        1.12230934706035       1.935524490193827E-003
   2.16981346436274       -1.18498921209222      -4.866020680091607E-002
   1.90352406906091       0.910611641410649      -0.105022271898516     
  -1.32033506932202       0.556253166731298       0.307035466455917     
   1.91373562452507      -0.551492049927074      -4.438331324921431E-003
   1.86260721248376      -0.342027217770086       7.290671353185216E-002
  0.316611723528182       0.414683728963324       0.379281909873352     
   1.15177363118692        1.66014558967358       0.125917125280527     
  0.831473668089639       0.732614729297864      -0.591098772031691     
   1.02153046523559      -0.119228628191475      -2.936566780761302E-005
 -0.380958249605762       0.190734879255332      -5.746540247472543E-002
  0.316470565521972       0.964921286703369      -0.580762261307634     
  0.530493328390071       0.789783559035006      -0.174783705283233     
 -0.328670752092444       0.525137079010354      -0.242922682173587     
   1.64246808144407      -0.288499267651830      -9.363547103277298E-003
  0.958348261248416       0.496795163926726       9.289862270510575E-003
  -1.57664044971735       0.305861738227355       0.417780812573271     
  -1.07614888282695       0.389758724298515       0.503700142666753     
  -1.74159680362930       0.851843181622450       0.487098117114293     
   1.70973186598647       0.601584240072309       2.175518030053149E-003
   2.23772667242941       -1.08554722148699       0.120525988342794     
   2.03954664476405       0.374187198112993      -0.894692731803989     
  0.834567336331842       0.566560186046663       0.457934760255286     
  0.782558436591107       0.808745482485200      -6.989702836230400E-004
  0.860670110083295       0.865891238665521       0.144361755076373     
 -0.230059819499447        1.53771399314646       0.459610186966378     
  0.458057741063421      -0.516057898961314      -0.355599564335027     
  0.220907651620787        1.52443221298113      -0.822615191205587     
   1.38158203134671       0.798404515891683      -3.591433177995619E-004
   1.85744888542832       0.613236753225949      -4.714099061165442E-002
   1.65673009767292       0.761790067869113       -1.05533774482140     
   1.18748408936351       0.894778997204584      -0.658096593632964     
  0.124903051077959        1.75093837509966      -5.759669416177592E-002
  0.950795628169993      -0.443098277236492      -1.793915351292807E-002
  0.746327664229257       0.487558499933429       0.128429305801281     
 -0.591379461024629      -0.307287357041301       0.687089608252444     
   1.92078356603137       -1.25944132623645       0.182392137809212     
   1.48868285991018      -0.788398736803545       0.391095667616334     
   1.82148433977525       7.032108702693098E-002  1.476970256553176E-003
   1.82591117880754       0.891403954250830       3.937724863105808E-002
   1.50973850156164        1.05127386217671        1.87537347088737     
  -1.25382658083994       0.539478292975806      -0.221426551564394     
   1.32263907159143        1.13372645748845       -1.01140973873914     
  5.829844493714914E-002  0.574044497066057      -1.137692864848381E-002
  0.976156291983006      -0.283778278373117      -0.240211217966672     
  0.851296053026662      -0.486946129584617       -1.06766328278000     
   2.19825646078572      -0.174581636601660        1.82630909340705     
  0.215251357423252       0.336754106667531       0.281847884297642     
   1.72403214727775       0.615968301283913       7.138556852118644E-004
   1.53934138558639      -2.830863870466777E-002 -0.120372970832519     
  -1.76521519000016        1.03799223918214      -0.354350089009015     
  -1.67474033765130      -8.291416951349859E-002   2.72147058567463     
  6.313883786627644E-002  0.438568016782693       -1.01309589113828     
  -1.50769515371924       6.060234498592500E-002  2.161641276026689E-003
 -0.179291414777276      -0.663763364762424      -0.433048851138692     
   1.30860365686839      -0.913896047366632      -0.538036993035730     
   2.50073346340863      -0.412877081729919        1.75165968314661     
  0.617949516251005        1.56312169843500        1.87749535609673     
   1.43468957932528       -1.35641102682204       7.097821365092703E-003
  0.962392722533485       0.486081417909511      -1.173667029479791E-002
   3.20722456385430        1.14485642827572      -0.390605161696906     
 -0.157298267613283       0.256024717548726       -3.58360136644097     
 -0.646031244950035        1.03899583770693        1.89731210193358     
   2.20544259751077       -1.14234898972130       2.799845655205237E-004
  0.810239753993396      -0.663434829306876       3.827576633325102E-002
   1.56350960563079      -0.319598479174970        1.97778504491821     
 -0.342289545780368        1.24315529435161       -1.14686602752673     
   1.91906085176903      -0.165765689949487       -2.55556421818819     
   1.42369782611583       0.903134785101743       1.873001750702176E-003
 -0.652335812234526       -1.40886303550252      -0.406224028400839     
  0.894835364821238        1.67305767393863       -2.40570442423362     
 -0.661550727388617       0.722308064359834        1.96777813959511     
  -1.85693225037116       0.141950218643991      -0.615133848502161     
 -0.102573799595254      -0.698454536084839      -6.216550114596788E-003
  -1.47806190178926       0.341624898160740      -0.135214724657560     
  -1.84596215862750        1.10505396516154       0.104283572236283     
 -0.253148356132922        1.99518012815005        3.61726150092351     
 -0.201730649488709      -0.838260569204268        2.17562296131360     
   1.39486735394803       0.797930293656724      -1.598685925025574E-003
   5.11379836652214       0.178880129555232       0.906489331549847     
   1.00128128340110       6.399189427559940E-002   3.68286193328632     
   1.87219902751189      -0.868797425315682       -5.35403104214083     
   11.0617532567635        1.58267454726026       -11.2233524746089     
  0.557513355857569       -1.17617501618993      -4.274688172673918E-002
  0.954819667343636       -1.42826875892964       0.383455644517154     
  0.673919132510342       0.212255172307691       -1.00818321672217     
 -0.666434670795963        1.78493431921586       -6.70703100231049     
  0.666429557552272        1.04084045184704      -0.236956385916552     
   2.32394091060871       0.429652663898293      -5.300684374434475E-003
  -6.93034504822051       0.946054127763842        13.7393283872965     
  -7.35482100198756        3.33055919881339        7.68467356291863     
  0.139061738425046        1.66330160674849       8.007325380406177E-002
 -0.486506497783381        1.51467826287601       0.122196714158013     
   4.86092000232737      -0.351478603714148        11.1893932858862     
   10.6337825766176        1.45690971430846        14.5130227244873     
  -6.97354785653702        3.07164751806454       -11.4904970093149     
  0.390209798360985       0.125675279931369       3.692459707129850E-002
 -0.582312303235454       0.283492054290735        3.79976909162064     
   5.21058437512440      -0.705069408857184       -5.09929884186164     
   1.42890008209797       5.161953242731266E-003 -0.789088469286378     
  0.594997296018637      -0.429766048909279       0.143785069346820     
  1.359674868826608E-002 -0.718350366830953       0.256453061596234     
  -1.73436590480632       0.552288906769732       -2.99930073126100     
  -1.33885106246521       -1.09419713561584       -4.59507119340280     
   4.89938462420983      -0.761364842069014        4.11432804989775     
  0.245016307160708       0.443882658497274      -8.716518956806883E-003
  0.433650198257490       0.474446659896846      -9.154444134779209E-002
   1.07502019463833      -0.279833701128048       -1.61114203934200     
 -0.398630561565454      -0.993823994109375        1.95641147546800     
 -0.183645019865312       -1.14960836037670      -0.572709108749060     
  -1.31310933285113      -9.159198097752294E-002 -7.077823584918162E-002
 -0.349162471135019       -1.24842368244913      -3.397836424476441E-002
 -0.886504686146096      -0.514798212758441        2.04939918218744     
   1.97930143188137      -0.484973305950541        2.13775455767771     
 -0.117537760685247        1.35303352667660       -1.54717518826371     
   2.30430088932011      -0.790441343966063       3.584239533603277E-003
 -0.393404598040341       0.139170455381245       1.054571743106420E-002
  -1.20356222015263        1.75413370825119       0.857878931191941     
 -0.369141685948195      -7.686201397871004E-002 -0.178258538717625     
   1.43105584811528      -7.976202373877024E-002  0.401707148945864     
  -1.55230743991155       0.305238715283637       3.726756035501156E-002
 -0.542467641597953      -0.377051150925864      -0.155584136144595     
 -0.338378016957564      -0.380670404154574       -1.90929819838295     
  0.150580938282529       0.509661750903550       0.275426320086273     
  0.495305736791597       0.510388950514902        1.17374650096292     
   2.70828034510903      -0.492999523017945      -7.860776193664068E-004
   1.76542749833943      -0.443653978639968      -5.138144303023968E-002
 -0.233437629887663       0.637764935037887      -0.252724124781409     
  0.193619481982150       0.657271224985444       0.725890544914889     
   2.29919697877359      -0.756632867408076       6.420860103156423E-004
  -1.32804816312564      -3.330522207348915E-002 -2.345794398997743E-002
  -2.09765206120602       0.322688964293508      -0.111229687090525     
  -1.20332945676371        1.29529583360967       0.768169915531772     
  0.457432463961067      -0.451759960356275       0.833873264124047     
   1.81024822985601       -1.26118342532057      -0.155434390929336     
  0.958258535159256      -0.682368924938517       2.469153929444958E-003
 -0.171599212750241        1.20282706537058      -0.153145727965759     
  -1.22412024012231       0.273460123351785      -0.666311393905041     
 -0.456933656167611       0.695652714646549      -0.149575140819675     
  -1.57212923860125       8.391125715193426E-002 -1.752307012257465E-002
  -1.04602470786326      -0.303978543941788       3.871132352928438E-002
  -1.33153882921326       0.202147664438051       0.312553534078778     
  0.780913473202355      -0.173076028816839       0.242284476242304     
  0.901992616546598      -0.111215704088382       0.157922334917243     
   1.10132584280686      -0.607184080067105      -6.892625423092166E-004
  0.595995755547372       0.375213661897901      -0.103455307899517     
  0.950091262023839      -0.734521531888172      -6.397326815292929E-002
  -1.01548002896253      -0.178085020148209       0.693668239422831     
  5.766914474488548E-002  0.691676285094199       1.590718970168506E-002
  -1.16275064784170       5.083695079210596E-002 -1.082574071198539E-002
  -1.14181166626290      -0.287572293774664      -5.701151534558858E-002
  0.143526776111178       0.726809361723101      -0.266569023702198     
   1.36963571954987      -0.423211299019880        1.57684722356868     
   1.24647682314315       6.990334185479094E-002 -0.274093511070794     
 -0.463769968710329        1.50139886250621       1.014771019949547E-003
   2.25208190867477      -0.661800186101643       8.849266986825584E-002
   1.53484141958324      -0.216559591782914      -0.126495489253850     
  0.333487180908535        1.06437079170305       -1.62715539120378     
 -0.906705847611137      -0.226722948942695      -0.714806504112836     
  -1.04057320161926      -0.316332827648198      -3.127137011281314E-002
 -0.854457479650428      -0.329228086083076       0.106278639143898     
 -0.937560882315831       0.397838817041180       0.825979720679845     
  -2.11280557240479       0.203453751687687       0.120741661280222     
   1.01101724465066      -0.681471871941518       0.131272633347606     
   1.05422965881232      -0.613324511385141       1.156899408288857E-004
   1.24853569681856      -0.704568705824524      -0.232613303740425     
   1.43820512905829      -0.701967917336727       -1.13145253609201     
 -0.934434934488135        1.21956560465489        1.78905255458052     
  0.177316758885178       0.347749930489830       0.728354447582216     
  0.111908105029530        1.48599504905542      -1.886684076167742E-002
  0.156049720192299        1.68112602591795      -6.086515188593367E-002
 -0.311715062051164      -0.603107199027140      -0.413555149597892     
   1.44526425333719       0.996615829376401       0.983122143468063     
   1.63511179671992       -1.61729330964267       0.674377907520380     
  0.585346319958755      -0.171827393157268      -1.858199219691453E-003
   2.22062164598481      -0.665493742136633       1.633227040537034E-002
   1.40808662284634      -0.154914356507158      -2.984083830581585E-002
  2.526740078498416E-002  0.956016687503812       -1.72843307272671     
  -1.24175780793967      -0.166534505943824      -0.246600826171123     
  0.379757174779100        1.29307597906269      -3.219858240582344E-002
  0.249365575272867        1.32920075478854       0.143743750725700     
  -1.06854026627466       0.737839930271545       0.792624960176312     
  -2.02874085807395      -0.563446211558454       1.189337851159235E-002
  0.990711498584068      -0.590773208194406      -5.723891275610274E-002
   1.18679324647010      -0.518476589778682      -1.700346642043490E-003
   1.26867039171683      -0.531579427386371      -0.287473671765026     
 -2.909762448268266E-002  8.190183958829850E-002  -1.53209360637625     
 -0.894115447473968       0.576419571936456        1.88249973786688     
  0.116541451828305        1.71120108236921       0.321801773689459     
  0.306637199914356        1.31524945246625      -7.733678041384568E-003
  0.127329597003013        1.41216283505833      -3.325076509514108E-002
  -1.22664847638358       0.164210335366149       0.336679445969433     
  0.676430719448309       0.186886638762158        1.79465709125604     
 -0.482226522075481        1.49063665445280       0.204032043849384     
   1.02529495598496      -0.109272078753828       3.455684283182536E-004
   1.60217904498915      -0.655031670736293       0.182096807788182     
 -4.935694810868434E-002   1.53665248726492        1.15333807272173     
  -1.17640759162556        1.64859580426943       -2.63801964781517     
  0.210958758983210        1.78430637269907      -0.736305852402556     
 -0.960352643194366        1.52473248130085      -2.006976407001939E-002
  0.350276159230770        1.61955296769113       7.566203466959448E-002
  -1.04958321439159       0.496153793259721      -0.442437426384050     
  -1.86662438419304       0.969689058388185       0.138267451539479     
   1.09352882581849      -0.514261741497540       0.427521240610674     
  0.961383071681955      -0.709116373431115      -4.851244206491513E-003
  0.582126197672283      -0.496120879781554      -2.246579571891515E-002
 -0.148085140544819      -0.378260470943052      -0.371265785181258     
  -1.25199597925474        1.54318089593077        1.92826290397730     
 -0.720198335623078        1.23826762515407       6.510198082299751E-002
 -0.970402339097986       0.879932215298325      -3.286392153750923E-002
 -0.636144950824458        1.49487462029957      -1.464320377200733E-002
 -0.749561765714703       0.905436594304055      -0.199344135674732     
  -1.17474141912370      -0.494220659282924      -0.383527142926520     
  0.391190658029419      -0.719083207659192      -0.129996947878727     
  6.361685982030962E-003  0.465789822233447      -2.550620912554803E-003
 -0.840647836999734       0.454762536874939       1.181071367443753E-002
  0.658959704276909      -0.281071336647650        1.59517086359852     
 -0.540468824689972       0.625213294040351      -0.329909300789873     
 -0.176302973523261        1.07461313245868      -0.194481075837218     
 -0.914779749733625       0.920273320186771      -1.384860219280246E-002
 -0.820342157029354       0.942238072582202      -6.311912744164161E-002
 -0.785162387466082       0.996462663199688      -0.815230570587233     
 -0.506981863249731        1.36792465399671       0.383372554403217     
   1.52605164060406       8.634511988343602E-002 -0.244525204276588     
 -0.478254025533274      -0.146599530239627      -4.271765248598863E-003
   1.05343585636994      -0.108983605651907       9.019904366515273E-002
 -0.602848160071584      -0.384546578542379       4.675471888027831E-002
   2.03017148340594       -4.11494935818153        1.39199174450107     
 -0.166131704959320        1.16296370370681      -0.194446854181831     
 -0.228428817485847       0.976150010471114      -2.043093065118503E-002
 -0.216066839435060       0.788821605519820       5.606817664942360E-002
 -0.646605657566220        1.43453327507773      -0.379365461895052     
  0.563294089554713       0.383638013141173       -2.39251397980888     
  2.567407871197028E-002 -0.624745268896600       0.526194828737501     
  0.842047983404686       1.032224257127662E-002 -2.808051854336512E-003
   1.12461197565136      -0.114985539972157      -5.196277328566969E-002
  0.158650374048446       0.331930922433585      -0.983052934532106     
  -2.90801353001607      -0.546350344900295       -3.25388055681613     
  -1.17155587871064       0.157609919223859      -0.379564954252300     
 -0.463626846396550        1.40307298728194      -2.657683621897902E-002
 -0.384003939259497        1.31975242425049       0.158407263780321     
 -0.364281464680041        1.21392755891469        1.25879615969724     
  -2.69564391443887      -0.529439999835728        3.48242731580530     
   1.04770823587113      -6.197033738569072E-002  0.435366271929118     
  0.706625078460582      -3.324149351523459E-002 -4.228933219510697E-003
  0.302934202003994       0.261017368041703       6.685569865145813E-002
  0.242367297808185        1.15803275858338       0.413764649382935     
 -3.526898988334508E-002  0.665020869718607      -0.559996904581367     
 -0.400582765718120       2.769619953561461E-002 -0.230921860079413     
 -0.287325933404517       0.489734796852964      -2.140597491107646E-002
 -0.198688275021517       0.166015904368430      -4.020601903094546E-002
 -0.667719701247864       0.737429685085373       -1.16436578045920     
 -0.146939642137000       0.673619334287486       0.504677218670849     
  0.940809384502289      -0.255947051626182        1.00213610531451     
  0.800036218361226      -0.500497931971196      -2.250924949830096E-003
 -0.267067673167642      -1.430457531332863E-002 -0.296191184809593     
  0.850575681073902      -0.343841938097884       -1.78559928471324     
 -0.746458422623550       0.725841704658700        1.10640423025737     
  -1.07749511379318       4.490376546716773E-004  0.963618094062314     
 -0.316967987210812       0.602137289578538      -2.769955800511878E-002
 -0.417369264862302       0.674630923600023       9.858765338519423E-002
 -0.705014828428078        1.37324995056642        1.60920969037936     
  0.333107549455819       0.267731801898383       0.896338762974102     
 -0.820808515149805       0.464440878218821      -0.910737328225671     
  0.173163986668427        1.06441081670844       2.129404532122713E-003
 -0.247174544167554      -0.149003704361472        2.05149087280197     
 -0.554498007464703       0.759104085043098       -1.20019929275459     
  0.752489210275972       0.217465039489414       -1.47908663514245     
 -0.241607489993624      -0.272234627212827      -8.141009636191876E-003
 -0.746393001885270      -0.323280951758100      -0.214369834049977     
 -0.390059852630861       0.951435020965327       -2.98419579148401     
 -0.667848986409726       0.754412953257012       0.596257902208844     
 -4.225466791453125E-002  0.144285036709732        1.68600817306156     
  0.880076573319308      -9.954042657596748E-002 -4.864595190908127E-003
  3.301506031979855E-002  0.482803000529752      -0.472301065437690     
   1.13449185689570       0.242040145647252       -3.25250532886334     
  -1.36991864274049      -0.264804352108365       0.912376676386430     
  -1.82270048803938      -0.246880316566209        1.56103942499883     
 -0.533223660242017       0.586960661067196      -3.199816963101409E-002
  -1.15020034765982       0.303105057622686       0.346069190425077     
 -0.952202595080373      -3.265267207096784E-002   4.41505640682081     
  0.811133391678209      -0.174812175636163        2.03256018765584     
 -0.555753460235175       0.496888946403778       -3.81898326791003     
  0.196277587150409       0.532423572346195      -1.448654998962672E-003
  0.256185222174195       0.226661345704697       0.630465136540540     
  -2.55148684497890      -7.272267706601693E-002   5.94687892323232     
  0.550246294423700      -0.426254583345640        3.26700681761174     
   3.60170447147863      -6.389559506845825E-002  -4.01354135259829     
 -0.306988961225003       0.424296953840399       4.918431020443498E-002
 -0.769645150171168       0.431719496147443      -0.791822147872558     
  -2.28566366565253      -7.028403637305847E-002  -7.99101980434680     
   1.52718744363620      -0.431170608714339       -1.27739807039289     
   2.99214316847081      -0.127056834060958        5.34631578023693     
  0.698140579677957       0.189916570380120      -9.957194375838452E-004
  0.476467457916957       4.565327496249033E-003 -5.979995450006736E-002
  0.323195880431374       5.679354733641511E-003  -1.59053410005088     
 -1.379287780710215E-009  3.395470581897689E-003  -1.72247139387222     
 -0.323193365731908       5.680746392884945E-003   1.20792940757247     
 -0.476407813822975       3.175077393839337E-003 -6.285065140338998E-002
 -0.476407831190938      -7.768803178787527E-003  2.450385336230120E-002
 -0.323193366209044      -8.455054968951268E-003   3.40924917773798     
  4.010593153821611E-007 -1.032859833753244E-002   1.88273391406485     
  0.323195712308165      -8.454951320310640E-003  -2.63356275018472     
  0.476375891136123      -8.471022794948574E-003  5.987210815053553E-003
