   2.27332972930128       0.332935124178930      -0.101115865443728     
  0.951919312393624        2.03428162932218      -0.822425292909746     
 -0.442226047767908       0.657292461559029      -0.374189764316121     
 -0.411949502676620       0.620571786818032       0.344378765388690     
  -1.41380481833765       0.295352350360718      -3.998655567169977E-003
   1.48925380244321      -0.243826071815840       9.707485014141841E-002
  0.907091135730488        2.03646266210318       0.840427834744423     
   1.45625716099878       0.965087510751058       0.385457385714635     
  -1.63608818503937       0.897653019697242      -0.329884515657628     
   1.22553787750704      -0.594463470495012       6.640192392225260E-004
   1.11022293357578       8.232741224540355E-002 -7.117926623101142E-003
   1.75167903987904      -0.690840500202560       0.122506124623142     
  0.629769755183850       0.967140784498903      -2.291466567351151E-002
  8.221544605377290E-002  0.294717035260769      -0.147703601956453     
  0.724624346561469       0.583069275559619       1.592682988006959E-003
  -1.71214216931946       0.402454033070782       9.114093548512550E-003
 -0.516164941872218       0.803819451998729      -0.124142644512732     
  0.698927405782867        1.10863653982841      -3.772363553655882E-003
   1.45027318633126      -0.420221640097045       0.148635394277348     
   1.90642742488453      -0.652500409348057      -1.816072649442902E-004
   1.21491548375029      -0.576020530309338      -4.289416849734294E-002
  0.500887625043851       0.644321567836177      -0.682298150675014     
  -1.46508342732078      -0.501500150235529      -0.848040330949241     
   1.35195535791755       9.528881014909864E-002  0.303710840409858     
  0.217659650920206       0.722353237508879      -5.385596357565629E-003
  0.274832500455120       0.674911625677858       7.829552347497787E-002
   1.35586423337681      -0.757902208791961       0.717134390976411     
  -1.61120406768137      -0.357627577499548       0.425657567152888     
   1.23865447422207       0.329289846670521      -0.232665524805369     
   1.42191608364199      -0.655229273579628       2.331962376989946E-003
   1.04774576781129      -0.389865549439671      -9.709411349308690E-002
   1.31895027604913      -0.616129781376179      -0.420037954681102     
   2.10088118721903       0.922049529047136       0.462405013555629     
  -1.57176239675323      -0.542072946865125       0.246118605995517     
 -0.481235537857649       0.750567353743632       3.348105446584251E-003
  0.719530731681035       0.643282739144622      -2.948834261334844E-002
 -0.615762297167871       0.740230272582131       0.159423228603229     
  0.555062999537402       0.474105556710559       0.253959836066454     
  0.640177726261601       0.576373194248768      -4.732005463124023E-002
  0.637826322856092       0.614972553408639      -7.958969424241831E-002
   1.05049779083561      -0.107316856381856      -1.920329399189159E-002
   1.16077917593862      -0.479247032139891      -0.807157513870964     
   1.53827276783692      -0.462146624009283       -1.17059089801001     
  0.412038485399294       0.654048805578645       0.138680809963404     
  0.367924329068804       0.834499007817647      -6.404776089252102E-003
  5.576855959045397E-002   1.44885302438240       0.101993310967582     
   1.15652898091876       0.412260197767299       0.615615623551617     
  -1.70614993040812      -0.720238959151887       0.194136009619215     
  -1.61549403520626      -0.655114200491972       0.278436526353979     
  0.640015568647412        1.00845647974809       1.935524490193827E-003
   1.55792920324082      -0.665326561960601      -4.866020680091607E-002
   1.08242108602677        1.35773830138216      -0.105022271898516     
  -1.30152170076666       0.867725639813975       0.307035466455917     
  0.854817858916248      -0.765678126679386      -4.438331324921431E-003
   1.58144510672314       0.951626430279291       7.290671353185216E-002
   1.16953729156132       0.162575339605058       0.379281909873352     
  0.210782374888091        1.44224913494999       0.125917125280527     
   1.02022359325540       0.498578513891346      -0.591098772031691     
  0.795903577435829       0.165881620794810      -2.936566780761302E-005
  0.527664595169581       0.548966910277480      -5.746540247472543E-002
   1.26307067869350       0.584096271349989      -0.580762261307634     
  0.272847747649005       0.732554122199087      -0.174783705283233     
  -1.01906096847236      -0.289882602856292      -0.242922682173587     
  0.684948331515226      -0.252917119057177      -9.363547103277298E-003
  0.674151917149304       0.690881508022823       9.289862270510575E-003
  -1.61892216303486       0.852273213545922       0.417780812573271     
 -0.488547773558053       0.955474825686810       0.503700142666753     
  -1.60366146135649       0.724413719048592       0.487098117114293     
  0.866819241716508        1.11894008154926       2.175518030053149E-003
   1.64724352378393      -0.521976400593155       0.120525988342794     
   2.02857749552042       0.995822271015979      -0.894692731803989     
   1.31894774942723       0.579501845928879       0.457934760255286     
  0.365927958866155       0.807038168139356      -6.989702836230400E-004
  0.594037369264320       0.834162862589595       0.144361755076373     
 -0.528018334147195        1.61952391264354       0.459610186966378     
  -1.49764383994896      -0.633910379944044      -0.355599564335027     
 -0.273855611051648        1.08136239994865      -0.822615191205587     
  0.730695654032576        1.10587853492625      -3.591433177995619E-004
   1.15456273928746        1.10652310876752      -4.714099061165442E-002
   1.02267238216002       0.993203518316614       -1.05533774482140     
  0.767110616642688        1.03206554680436      -0.658096593632964     
 -0.435806013523312        1.17714257314238      -5.759669416177592E-002
  0.988722535130731      -0.242949331661177      -1.793915351292807E-002
   1.05775996400769      -0.312622228439288       0.128429305801281     
  -1.52847778113669       0.259630206012086       0.687089608252444     
   1.07558342471319      -0.556234001816277       0.182392137809212     
  0.615142182541079      -0.779101053194490       0.391095667616334     
   1.58245048225041        1.05762896354503       1.476970256553176E-003
  0.778107186051652        1.11422803117172       3.937724863105808E-002
   1.02978460754349        1.28589301383627        1.87537347088737     
  -1.14979164704679       0.957095982024743      -0.221426551564394     
   1.14892529711895        1.24241337323199       -1.01140973873914     
 -0.101977005276992       0.990751688999257      -1.137692864848381E-002
  -1.61902484833871      -0.445254706084057      -0.240211217966672     
  0.241951874434240      -0.808041961189664       -1.06766328278000     
   1.82678941234116       0.994729433516146        1.82630909340705     
   1.05869168965364      -3.635672997031110E-002  0.281847884297642     
  0.833465448139805        1.13595114608639       7.138556852118644E-004
  0.407897114406990       0.221030242160310      -0.120372970832519     
  -1.58545767423298       0.808515674433129      -0.354350089009015     
  -1.07827266777218       0.320170783357563        2.72147058567463     
   1.15126123381863      -0.183948516328751       -1.01309589113828     
 -0.515371556311125       0.406384250205895       2.161641276026689E-003
  -1.39675851428330      -0.649607041079140      -0.433048851138692     
  0.681588451375007      -0.993955263943927      -0.538036993035730     
   2.20305621114122      -0.158194224894027        1.75165968314661     
  0.230964767757418        1.14015405499675        1.87749535609673     
  0.977191007215900      -0.992828198857283       7.097821365092703E-003
  0.664357792043087       0.691028126598655      -1.173667029479791E-002
   3.08952785496422        1.54499660880508      -0.390605161696906     
  8.065034083353956E-002 -0.248825577012121       -3.58360136644097     
 -0.508682133139492      -0.530947918845668        1.89731210193358     
   1.24032099865736      -0.593186770280806       2.799845655205237E-004
  0.863208955112013       9.897893255220130E-002  3.827576633325102E-002
  0.610009341700892       0.203946559926439        1.97778504491821     
 -0.573681057149654      -0.758369006595869       -1.14686602752673     
   1.44989109732121       0.785865467736102       -2.55556421818819     
  0.964012789199243        1.67113188924145       1.873001750702176E-003
  -1.68794808574211       3.732998430824329E-002 -0.406224028400839     
  0.448644652596716        1.35123370342215       -2.40570442423362     
 -0.881833907177073      -5.177615171566535E-003   1.96777813959511     
 -0.975353545206702       0.906357246105959      -0.615133848502161     
  -1.39949166439916      -0.772196763747308      -6.216550114596788E-003
  -1.39176185830565       0.846994787530653      -0.135214724657560     
  -1.45282480802252       0.755834241231213       0.104283572236283     
  -1.81759851359586        1.72659608727182        3.61726150092351     
  -1.46886447014368      -0.251020634950994        2.17562296131360     
  0.769569183522817        1.13872449466723      -1.598685925025574E-003
   4.31641827886528      -0.925070457591642       0.906489331549847     
   1.85925578662172      -6.065648513257985E-003   3.68286193328632     
   1.81698874721819       0.488470593820235       -5.35403104214083     
   8.65203507249159      -0.903551675421980       -11.2233524746089     
 -0.150165353396872       -1.41859433978024      -4.274688172673918E-002
  0.371147854356197       -1.51810011091958       0.383455644517154     
   2.24214218045481      -2.883512516192761E-002  -1.00818321672217     
  -1.49945756498099        1.57297785000904       -6.70703100231049     
  0.146874561848590        1.31495279240087      -0.236956385916552     
   2.26072865303547        1.08215285824560      -5.300684374434475E-003
  -7.29946047284734       0.896017539571653        13.7393283872965     
  -6.71442699164332        1.10692514671580        7.68467356291863     
 -8.392577967328924E-003  0.336847155819207       8.007325380406177E-002
 -0.200899977989580      -0.122562680272008       0.122196714158013     
   4.08685192922739      -0.252669253827015        11.1893932858862     
   8.64852630307858      -0.526416406803582        14.5130227244873     
  -6.48347129940791        1.43615151647685       -11.4904970093149     
  0.973049106612417      -6.274593598616246E-002  3.692459707129850E-002
  -1.10690482418489      -0.707263833682039        3.79976909162064     
   3.06023558182056       0.390226615887937       -5.09929884186164     
   1.28574093178680      -3.697010166057159E-002 -0.789088469286378     
  0.246669140774582       0.227372033340257       0.143785069346820     
  0.247717450555713      -0.511722205014134       0.256453061596234     
  -1.02565137912651       0.677280646849759       -2.99930073126100     
  -2.26809970831196      -0.499134839525313       -4.59507119340280     
   3.03667194307494       0.589148284596965        4.11432804989775     
  0.890307403906080       5.363695618119795E-002 -8.716518956806883E-003
  0.980641797854357       8.182551130897014E-002 -9.154444134779209E-002
   1.06313677042006       0.285314011806631       -1.61114203934200     
  -1.17666015753480      -0.294895578691097        1.95641147546800     
  -1.25830652704102       4.628958869631589E-002 -0.572709108749060     
  -1.45453849341039       0.331212999138613      -7.077823584918162E-002
  -1.12127462296383       3.608059174741739E-002 -3.397836424476441E-002
  -1.35102705103915       0.462814387614955        2.04939918218744     
   1.28184190020442      -0.362093990089155        2.13775455767771     
  2.997443545555897E-002  0.441950169550351       -1.54717518826371     
  0.878612960924966      -0.361007230371836       3.584239533603277E-003
  0.810780302020483       0.250962930752753       1.054571743106420E-002
  0.139297445966225       0.375402787448575       0.857878931191941     
  0.306813762806919       0.496551130374098      -0.178258538717625     
  0.995719748895864      -0.333745399082396       0.401707148945864     
  -1.31211348418689       0.756340715956630       3.726756035501156E-002
  -1.52339847932223       0.560917678207969      -0.155584136144595     
  0.353491208821885      -0.167383078074404       -1.90929819838295     
  0.226950701916139      -0.409487900776066       0.275426320086273     
  0.874949935088537       0.468785814770541        1.17374650096292     
  0.923295792994228      -0.550729256755853      -7.860776193664068E-004
  0.694925987527906      -0.345094311576111      -5.138144303023968E-002
  0.276361421695661      -0.325281100943984      -0.252724124781409     
 -8.418720663924359E-002  0.428926042769871       0.725890544914889     
  0.860582928746100      -0.345852071731226       6.420860103156423E-004
 -0.584990600833320       0.434095171472619      -2.345794398997743E-002
 -0.797848919558176       0.384762274227479      -0.111229687090525     
 -0.331087577382845       0.532209746499639       0.768169915531772     
  0.350560158945793      -0.370321058832454       0.833873264124047     
   1.19950690648266      -0.483059898384177      -0.155434390929336     
  0.537746046323698      -0.326997353361702       2.469153929444958E-003
  0.325500951925844       0.148230009914800      -0.153145727965759     
 -2.073448165911490E-002  0.295469224497414      -0.666311393905041     
 -0.691917371200526       0.297231138208684      -0.149575140819675     
 -0.563471247678546       0.414414106150563      -1.752307012257465E-002
 -0.638740762094121       0.417731508759109       3.871132352928438E-002
 -0.683844876586014       0.348562911177300       0.312553534078778     
 -0.102737091011386      -0.103020601962403       0.242284476242304     
  0.335500897837813       0.124291991118084       0.157922334917243     
  0.605123556085756      -0.339872119801051      -6.892625423092166E-004
  0.465733855760493      -0.327826966210797      -0.103455307899517     
  0.561240559693549      -0.330439557197830      -6.397326815292929E-002
 -0.535922259367859       0.261999061648330       0.693668239422831     
  5.606110344936448E-003  0.228533175193249       1.590718970168506E-002
 -0.494298673534185       0.391159150232746      -1.082574071198539E-002
 -0.469460436891299       0.376270542457024      -5.701151534558858E-002
 -1.228200913910438E-002  0.378305706966276      -0.266569023702198     
  0.775991437049834      -7.819543873046061E-002   1.57684722356868     
  0.292141912047182      -0.110333239204002      -0.274093511070794     
  0.407655539948866      -0.312482872113378       1.014771019949547E-003
  0.748069165037898      -0.317238260092541       8.849266986825584E-002
  0.620103672455162      -0.151266333398917      -0.126495489253850     
 -0.177762794584423       0.173097293235992       -1.62715539120378     
 -0.846051909365827       0.211770391384730      -0.714806504112836     
 -0.637488377025191       0.352940352909116      -3.127137011281314E-002
 -0.590149251343852       0.362964795044007       0.106278639143898     
 -0.688374151753097       0.163198602415737       0.825979720679845     
 -0.941961055543250       0.233657647773822       0.120741661280222     
  0.589749772052075      -0.180172432356114       0.131272633347606     
  0.542594052423387      -0.404738655635297       1.156899408288857E-004
  0.572601117545013      -0.164618237617457      -0.232613303740425     
  0.120449278834590      -3.824431164669735E-002  -1.13145253609201     
 -0.337447746619426       7.762025815323242E-002   1.78905255458052     
 -0.122025686851597       0.220663871928160       0.728354447582216     
 -0.428757520597176       0.142506520025317      -1.886684076167742E-002
 -0.377235334983535       0.121470297834111      -6.086515188593367E-002
  0.163530545408121       0.201358515514857      -0.413555149597892     
  0.953727993210080       6.629005800537936E-002  0.983122143468063     
 -0.153078536505084      -5.077611347439404E-002  0.674377907520380     
  0.428568330746450      -0.182877416530071      -1.858199219691453E-003
  0.476464246155034       4.635845680497567E-003  1.633227040537034E-002
  0.323251950754814      -0.125870489709020      -2.984083830581585E-002
 -1.151479552604015E-009  5.702457974301182E-003  -1.72843307272671     
 -0.323193362599113       5.013576040415699E-003 -0.246600826171123     
 -0.476407827965052       4.324531497653206E-003 -3.219858240582344E-002
 -0.476407828367688      -7.725981219599669E-003  0.143743750725700     
 -0.323193380275483      -9.221832030003476E-003  0.792624960176312     
  2.235004523067452E-007 -7.946126844307025E-003  1.189337851159235E-002
  0.323193603776153      -5.814662697009393E-003 -5.723891275610274E-002
  0.476476525424028      -7.151982965671393E-003 -1.700346642043490E-003
