   2.30070230049084       0.416176269371703      -0.101115865443728     
  0.878461064785136        1.90220757917678      -0.822425292909746     
 -0.371883515570901       0.654871931213011      -0.374189764316121     
 -0.328705653813290       0.603845714519290       0.344378765388690     
  -1.37920050454955       0.374489186440318      -3.998655567169977E-003
   1.49697998676914      -0.185814564605925       9.707485014141841E-002
  0.833377914745333        1.90704983387848       0.840427834744423     
   1.30940088766396       0.978224514761717       0.385457385714635     
  -1.49285142274607       0.888292817483517      -0.329884515657628     
   1.20646235053656      -0.563153170156050       6.640192392225260E-004
   1.13500361480807       3.897077163877991E-002 -7.117926623101142E-003
   1.71309493832177      -0.639781810932816       0.122506124623142     
  0.642813253700964       0.898224897857578      -2.291466567351151E-002
  6.081556781705014E-002  0.288550365358989      -0.147703601956453     
  0.787099114679265       0.560444564877865       1.592682988006959E-003
  -1.68097231358503       0.482497567005633       9.114093548512550E-003
 -0.507171903159146       0.796154883783580      -0.124142644512732     
  0.644364374602349        1.06493920027237      -3.772363553655882E-003
   1.37276437571271      -0.464150969562087       0.148635394277348     
   1.85537652379769      -0.607525391225290      -1.816072649442902E-004
   1.18860626481287      -0.539355684454174      -4.289416849734294E-002
  0.517284412105353       0.619148422679308      -0.682298150675014     
  -1.57288201366916      -0.360895004471057      -0.848040330949241     
   1.36432558545771       0.148145815742028       0.303710840409858     
  0.198775888859510       0.686536065141998      -5.385596357565629E-003
  0.270802232870729       0.659218914607451       7.829552347497787E-002
   1.33934888652525      -0.724149130220816       0.717134390976411     
  -1.69197559159445      -0.160369489054723       0.425657567152888     
   1.12240566566745       0.348807532956107      -0.232665524805369     
   1.43386497033338      -0.645935461956545       2.331962376989946E-003
  0.994345634373633      -0.397743571789814      -9.709411349308690E-002
   1.30538466573130      -0.582785688256589      -0.420037954681102     
   2.03105529892370        1.04673518612208       0.462405013555629     
  -1.59877438475398      -0.456292396292082       0.246118605995517     
 -0.457073609522761       0.734022891231385       3.348105446584251E-003
  0.756783317005006       0.628090477279463      -2.948834261334844E-002
 -0.590415185074988       0.756381481924802       0.159423228603229     
  0.639503768800631       0.474220673147818       0.253959836066454     
  0.713712938056929       0.566270143803339      -4.732005463124023E-002
  0.680697528098439       0.606056200231562      -7.958969424241831E-002
   1.03026003098174      -0.128161424749773      -1.920329399189159E-002
   1.11709532335572      -0.420324905305167      -0.807157513870964     
   1.48929988536127      -0.441660055411265       -1.17059089801001     
  0.420940049263812       0.600315580336118       0.138680809963404     
  0.321964830504960       0.800931913164068      -6.404776089252102E-003
  2.513537888735165E-002   1.42935163658972       0.101993310967582     
   1.12191776660814       0.411698033556745       0.615615623551617     
  -1.76543726275651      -0.566694901097969       0.194136009619215     
  -1.67035775832607      -0.544891076650280       0.278436526353979     
  0.642888815710844       0.929324992186142       1.935524490193827E-003
   1.55067434392634      -0.622732086013023      -4.866020680091607E-002
  0.996051041379111        1.30378717301523      -0.105022271898516     
  -1.19626719452787       0.806050537776970       0.307035466455917     
  0.809273248803911      -0.737312535111399      -4.438331324921431E-003
   1.43135493243257        1.00275488592531       7.290671353185216E-002
   1.19159055587944       0.249697816208425       0.379281909873352     
  0.186216258121068        1.37032248466092       0.125917125280527     
   1.02119979903262       0.416462620203175      -0.591098772031691     
  0.817175944944759       9.634589745110045E-002 -2.936566780761302E-005
  0.605493769761909       0.569253824539302      -5.746540247472543E-002
   1.30933797005997       0.590701654514975      -0.580762261307634     
  0.250304099789201       0.710875448783360      -0.174783705283233     
  -1.11671695216639      -0.358553914597935      -0.242922682173587     
  0.615310721646778      -8.125760248747005E-002 -9.363547103277298E-003
  0.683901822613782       0.680619448941051       9.289862270510575E-003
  -1.49346576372414       0.838122560581902       0.417780812573271     
 -0.477626091757147       0.942759721711886       0.503700142666753     
  -1.49581806096881       0.723993625353071       0.487098117114293     
  0.753977264931811        1.10185653227498       2.175518030053149E-003
   1.56904865929172      -0.402596498280807       0.120525988342794     
   1.94886763190469        1.05516837772362      -0.894692731803989     
   1.37659076239097       0.616312637566600       0.457934760255286     
  0.326400195876235       0.777396969125574      -6.989702836230400E-004
  0.582868598784575       0.794450132280349       0.144361755076373     
 -0.567623190900394        1.63328988218097       0.459610186966378     
  -1.52776886618083      -0.523094615825965      -0.355599564335027     
 -0.280555522728521        1.07169533548212      -0.822615191205587     
  0.661610935778520        1.04944105246478      -3.591433177995619E-004
  0.984340041325688        1.16604748466967      -4.714099061165442E-002
  0.978125796180304       0.992948778182902       -1.05533774482140     
  0.732165581150765       0.986720970051292      -0.658096593632964     
 -0.452086839043854        1.15511545591523      -5.759669416177592E-002
  0.945174453144844      -0.251691103271589      -1.793915351292807E-002
   1.00207444907276      -0.313156956015570       0.128429305801281     
  -1.50019802042267       0.352751858577080       0.687089608252444     
   1.07256543928435      -0.535649477914788       0.182392137809212     
  0.567753354850975      -0.744186158429148       0.391095667616334     
   1.49794397647471        1.12819291343264       1.476970256553176E-003
  0.690635566502957        1.07601508404013       3.937724863105808E-002
  0.876381451839009        1.25310514353239        1.87537347088737     
  -1.08636206561896       0.859532905030203      -0.221426551564394     
  0.920948678955379        1.16840418659916       -1.01140973873914     
 -0.109384605559861        1.01660087431569      -1.137692864848381E-002
  -1.72610624230467      -0.295547821931001      -0.240211217966672     
  0.227011023139614      -0.814048390980617       -1.06766328278000     
   1.71859613223881        1.02972174949439        1.82630909340705     
   1.07518732608577      -8.365397552863423E-002  0.281847884297642     
  0.732788427662970        1.14108367270010       7.138556852118644E-004
  0.361631089836936       0.280597849518741      -0.120372970832519     
  -1.46790197079678       0.776444187500977      -0.354350089009015     
 -0.987962280715218       0.268763523244377        2.72147058567463     
   1.24470222954739      -0.154708506359966       -1.01309589113828     
 -0.472087930903811       0.310118738226093       2.161641276026689E-003
  -1.47203421345266      -0.464518770924386      -0.433048851138692     
  0.642683051809057      -0.969536488720493      -0.538036993035730     
   2.20675356165852      -0.191818373459326        1.75165968314661     
  0.248502510640869        1.09104089864396        1.87749535609673     
  0.935154666153139      -0.954475915658985       7.097821365092703E-003
  0.671514507811993       0.680602268669974      -1.173667029479791E-002
   3.07589491894762        1.57826327763382      -0.390605161696906     
  5.941804194900563E-002 -0.310223128081460       -3.58360136644097     
 -0.617809171228000      -0.614382577660955        1.89731210193358     
   1.21770560792263      -0.569729001778027       2.799845655205237E-004
  0.878149567972367       7.497797658263305E-003  3.827576633325102E-002
  0.592601355207445       0.245545933794593        1.97778504491821     
 -0.721893447802719      -0.810731087627424       -1.14686602752673     
   1.38333933272133       0.797578309261897       -2.55556421818819     
  0.909389162811451        1.68387818034748       1.873001750702176E-003
  -1.68273402023163       0.158755657046409      -0.406224028400839     
  0.428118540167645        1.32342585851888       -2.40570442423362     
 -0.905553747773835      -6.975870258231094E-002   1.96777813959511     
 -0.973019489454183       0.888311730862686      -0.615133848502161     
  -1.42002536743999      -0.562030087780990      -6.216550114596788E-003
  -1.28109013127455       0.832055284908348      -0.135214724657560     
  -1.33341636047023       0.744718944345610       0.104283572236283     
  -1.88008937751852        1.58671403518807        3.61726150092351     
  -1.50208120909714      -0.126286621626899        2.17562296131360     
  0.694177060790573        1.14534605559037      -1.598685925025574E-003
   4.14899792121964      -0.935384770830256       0.906489331549847     
   1.92914896011632       5.964642106795426E-002   3.68286193328632     
   1.84049609805891       0.557669466129298       -5.35403104214083     
   8.29422256316496      -0.869250298241293       -11.2233524746089     
 -0.203536946433722       -1.43572730607464      -4.274688172673918E-002
  0.331880623624647       -1.51894424720277       0.383455644517154     
   2.30172222569028      -9.372035532018586E-002  -1.00818321672217     
  -1.53900707952114        1.49376580321592       -6.70703100231049     
  0.246238698860907        1.22822067436068      -0.236956385916552     
   2.21179876170869        1.14187460656697      -5.300684374434475E-003
  -7.30944170015681       0.903742245147509        13.7393283872965     
  -6.59888690436444       0.867182981082190        7.68467356291863     
 -0.195367425965445       0.243191024218577       8.007325380406177E-002
 -0.242091121193701      -0.302892702938463       0.122196714158013     
   4.05661568980738      -0.237987847424605        11.1893932858862     
   8.36193328421762      -0.504872248915215        14.5130227244873     
  -6.37607056257665        1.27971858822512       -11.4904970093149     
  0.959487953341746      -0.106068464897079       3.692459707129850E-002
  -1.21892434982907      -0.673927956384306        3.79976909162064     
   2.91027533225530       0.411082919065873       -5.09929884186164     
   1.28800449177308       5.405582569596119E-003 -0.789088469286378     
  0.177291065213072       0.207318133489298       0.143785069346820     
  0.258331395557217      -0.407526739787775       0.256453061596234     
 -0.901257246116292       0.632661644405224       -2.99930073126100     
  -2.31837450159815      -0.447507946544615       -4.59507119340280     
   2.84643918610038       0.593812566004260        4.11432804989775     
  0.882367339796203      -3.569420700859798E-002 -8.716518956806883E-003
   1.02050508733188       2.255891055567037E-002 -9.154444134779209E-002
   1.08085797622196       0.253219376124429       -1.61114203934200     
  -1.23166570130872      -0.264296367082555        1.95641147546800     
  -1.23822677241695       0.103293244041822      -0.572709108749060     
  -1.38858744915606       0.428920890832928      -7.077823584918162E-002
  -1.13745623976690       0.138470780682493      -3.397836424476441E-002
  -1.23790529805893       0.464335572594903        2.04939918218744     
   1.28700603752764      -0.320082832933886        2.13775455767771     
 -4.162403663172887E-003  0.440130062056444       -1.54717518826371     
  0.807246730301524      -0.343262276759524       3.584239533603277E-003
  0.804919472534969       0.178103357951137       1.054571743106420E-002
  9.959180856393052E-002  0.446618057268053       0.857878931191941     
  0.292791313686594       0.486948690216690      -0.178258538717625     
  0.775850295656061      -0.227025893587905       0.401707148945864     
  -1.14475720371847       0.635272343080387       3.726756035501156E-002
  -1.42674953938252       0.602718346904709      -0.155584136144595     
  0.327094421061958      -0.105092183451002       -1.90929819838295     
  0.268840080101789      -0.287553373386404       0.275426320086273     
  0.896601634835149       0.361035314724300        1.17374650096292     
  0.884348041665035      -0.529323811391153      -7.860776193664068E-004
  0.627189388991023      -0.232471893761018      -5.138144303023968E-002
  0.416040813974692      -0.235379373306263      -0.252724124781409     
 -0.152946009655627       0.300553467477891       0.725890544914889     
  0.779712872084649      -0.319803875228372       6.420860103156423E-004
 -0.516979658350255       0.362070889544722      -2.345794398997743E-002
 -0.682207204628598       0.331075388992099      -0.111229687090525     
 -0.321314622829098       0.460701479316226       0.768169915531772     
  0.407086518314410      -0.295415570234154       0.833873264124047     
  0.771808911418568      -0.233040850045959      -0.155434390929336     
  0.490337577291279      -0.222795845858692       2.469153929444958E-003
  0.200238060137672       7.197716013990053E-002 -0.153145727965759     
 -0.188917083200909       0.168973071957287      -0.666311393905041     
 -0.621418371145118       0.231480824680229      -0.149575140819675     
 -0.501456007542655       0.313079562831394      -1.752307012257465E-002
 -0.551773734664250       0.302021406213295       3.871132352928438E-002
 -0.604151776583282       0.286683898909396       0.312553534078778     
 -6.748994067867656E-002  5.735034494023562E-002  0.242284476242304     
  0.177219232920028       3.216799953024876E-002  0.157922334917243     
  0.569640062903349      -0.214679117541020      -6.892625423092166E-004
  0.490318766234946      -0.227691601782335      -0.103455307899517     
  0.532836502875830      -0.197902321064486      -6.397326815292929E-002
 -0.522310618297377       0.116816558277296       0.693668239422831     
 -2.697785870245668E-003  0.201511973652900       1.590718970168506E-002
 -0.456878828069925       0.253598425474468      -1.082574071198539E-002
 -0.432081433325372       0.225258042017093      -5.701151534558858E-002
 -8.544999189638884E-002  0.264058328404437      -0.266569023702198     
  0.737561936967795      -4.867950373581698E-002   1.57684722356868     
  0.123588586528280      -0.159648673641765      -0.274093511070794     
  0.475870127891888      -0.260565518752613       1.014771019949547E-003
  0.663744609718273      -0.211931266082756       8.849266986825584E-002
  0.564151501000375      -1.141712870721451E-002 -0.126495489253850     
 -0.174481409075362       8.074784971819125E-002  -1.62715539120378     
 -0.786402851197090       0.116164673290722      -0.714806504112836     
 -0.482577435033810       0.173528145523519      -3.127137011281314E-002
 -0.481442065066625       0.161144362565132       0.106278639143898     
 -0.659251237501674       0.103304654023778       0.825979720679845     
 -0.829469405060266       7.102608554078943E-002  0.120741661280222     
  0.537013019933082      -2.784753337338988E-002  0.131272633347606     
  0.495949786402800      -0.223122499665331       1.156899408288857E-004
  0.476456523843415       4.630477279358949E-003 -0.232613303740425     
  0.323194179396550       5.154510753363772E-003  -1.13145253609201     
 -2.053922129602855E-009  5.734601700786065E-003   1.78905255458052     
 -0.323193134540212       6.455707320199427E-003  0.728354447582216     
 -0.476407826828755       4.358211174908288E-003 -1.886684076167742E-002
 -0.476407828758563      -7.669162790691593E-003 -6.086515188593367E-002
 -0.323193351296698      -7.103866466155294E-003 -0.413555149597892     
 -1.895189623671605E-007 -8.928898705783641E-003  0.983122143468063     
  0.323193529575613      -8.008666416058996E-003  0.674377907520380     
  0.476464877873941      -7.575724553837989E-003 -1.858199219691453E-003
