   1.70274518066638      -0.196921160407145      -0.101115865443728     
  0.817369333611969        3.72600526890420      -0.822425292909746     
  -1.93822758541366       0.353118234341585      -0.374189764316121     
  -1.92267251816108       0.573067476274488       0.344378765388690     
  -1.00447268249853      -0.363739568329626      -3.998655567169977E-003
   2.44637485509813      -0.942153421705613       9.707485014141841E-002
  0.793080847329218        3.69291523008097       0.840427834744423     
   1.80951761047660       8.531130650948990E-002  0.385457385714635     
  -1.63506065570997       0.108209277498501      -0.329884515657628     
   2.20999700290966       -1.24439642513295       6.640192392225260E-004
 -7.664035217732865E-002  0.115912797011798      -7.117926623101142E-003
   2.44416445012579       -1.19136228659682       0.122506124623142     
  0.919319137781100        1.09700203353755      -2.291466567351151E-002
  0.175195598439425       0.524168720778466      -0.147703601956453     
 -0.516524255105565      -5.164991094510624E-002  1.592682988006959E-003
 -0.529122635829253      -0.491859984737689       9.114093548512550E-003
  -1.24482961100751       9.333059437026464E-002 -0.124142644512732     
   1.46276070196826       0.733044948469278      -3.772363553655882E-003
   2.64350491350453      -0.864127308395886       0.148635394277348     
   2.62603542084389       -1.07225789374960      -1.816072649442902E-004
   2.23727157350343       -1.16481628444225      -4.289416849734294E-002
  0.280386437744128       0.611224274546513      -0.682298150675014     
  0.228811274153448      -0.691766523574400      -0.848040330949241     
  0.632321998480251      -4.410049622130148E-002  0.303710840409858     
  0.610222679880724       0.708309712694712      -5.385596357565629E-003
  0.221313193196126       0.758561310235328       7.829552347497787E-002
   1.49492916416805       -1.09241704868739       0.717134390976411     
  0.417160080469040      -0.731907319298092       0.425657567152888     
  0.179009983453639       0.456833310361558      -0.232665524805369     
   1.52934943510365       -1.28895488356064       2.331962376989946E-003
   2.35182523024307       -1.03994626506033      -9.709411349308690E-002
   1.44279338292491       -1.24054528634427      -0.420037954681102     
   2.12882258230011       9.232878109216497E-002  0.462405013555629     
  0.645195876602994      -0.637576226410239       0.246118605995517     
  -1.35482804723225      -3.799804371530265E-002  3.348105446584251E-003
  0.921191220812789       0.518082025375812      -2.948834261334844E-002
  -1.09362355851394      -0.285993901674590       0.159423228603229     
 -0.573910090892493       5.199908475910478E-002  0.253959836066454     
 -7.080087641481159E-005  0.164038495451767      -4.732005463124023E-002
 -8.231452440158832E-002 -0.197580190816082      -7.958969424241831E-002
  0.105313354082516       0.278687724516181      -1.920329399189159E-002
   1.50250684742189      -0.166582087991530      -0.807157513870964     
   2.76138497056801      -0.709423424333260       -1.17059089801001     
  0.986042037647063       0.836913238871454       0.138680809963404     
  0.854516072630780       0.764897445290881      -6.404776089252102E-003
  0.696825114132250        1.21415010630548       0.101993310967582     
  1.871457855264182E-002  0.614338673413804       0.615615623551617     
 -0.362940328992465       -1.58936566381899       0.194136009619215     
 -0.499883566416733      -0.234316754606092       0.278436526353979     
  0.950017694616899        1.07300554256563       1.935524490193827E-003
   2.18921400749834       -1.26365951884074      -4.866020680091607E-002
   1.95169503596752       0.876126115982155      -0.105022271898516     
  -1.33351313226806       0.482942604794026       0.307035466455917     
   2.19015132876650      -0.748933320943330      -4.438331324921431E-003
   1.80497079143927      -0.431112731123081       7.290671353185216E-002
  0.148014313445878       0.387173320989666       0.379281909873352     
   1.18919806488928        1.57338995729464       0.125917125280527     
  0.815021485987657       0.687758056706858      -0.591098772031691     
   1.19347972338610       4.540679662183628E-002 -2.936566780761302E-005
 -0.493678803470321       0.446058249589486      -5.746540247472543E-002
  0.226103174972839       0.929410941286816      -0.580762261307634     
  0.492305338517736       0.727894365256703      -0.174783705283233     
 -0.394404006852447       0.589321294861762      -0.242922682173587     
   1.60903195921148      -0.162375541122748      -9.363547103277298E-003
  0.956810241590240       0.506665332341257       9.289862270510575E-003
  -1.62253836513292       0.147622968877192       0.417780812573271     
  -1.15764529423137       0.341650109796740       0.503700142666753     
  -1.66798392092514       0.820836153917515       0.487098117114293     
   1.71410651570803       0.553831666989663       2.175518030053149E-003
   2.26818241834448       -1.18791570794642       0.120525988342794     
   2.03492549503119       0.297140374599518      -0.894692731803989     
  0.794266050454689       0.542428282042134       0.457934760255286     
  0.816454682856067       0.771146381678685      -6.989702836230400E-004
  0.891511938111440       0.803042077007098       0.144361755076373     
 -0.111126619572797        1.53165576277060       0.459610186966378     
  0.740984065465807      -0.650397841684419      -0.355599564335027     
  0.321479574763287        1.52010285161703      -0.822615191205587     
   1.45702861939784       0.731114638211306      -3.591433177995619E-004
   1.88402644229449       0.557050688120559      -4.714099061165442E-002
   1.72662491708563       0.738451649144605       -1.05533774482140     
   1.21576729331049       0.824918432761646      -0.658096593632964     
  0.140895216382306        1.85831645979825      -5.759669416177592E-002
   1.01530864154510      -0.415739854423078      -1.793915351292807E-002
  0.737104601322737       0.422333899818047       0.128429305801281     
 -0.551715306095810      -0.191843974099269       0.687089608252444     
   1.89132093082896       -1.29217841515782       0.182392137809212     
   1.49675327836759      -0.771360078259454       0.391095667616334     
   1.90185332977664       3.011988757962622E-002  1.476970256553176E-003
   1.89050995813188       0.862933192457687       3.937724863105808E-002
   1.48814045935116        1.04405204060604        1.87537347088737     
  -1.27037852858187       0.487248652342616      -0.221426551564394     
   1.31343896755369       0.998630048622325       -1.01140973873914     
  0.103970061422440       0.479555071885322      -1.137692864848381E-002
   1.24312706275379       5.222537778129765E-002 -0.240211217966672     
  0.899759906347008      -0.329777337669468       -1.06766328278000     
   2.21317851193576      -0.313704974632592        1.82630909340705     
  0.101807673437868       0.190416567193558       0.281847884297642     
   1.72781329259127       0.564582773995632       7.138556852118644E-004
  0.634311671887597      -0.480620941896056      -0.120372970832519     
  -1.73637864384633        1.02359822572929      -0.354350089009015     
  -1.70603369961342      -0.184945391067069        2.72147058567463     
 -3.013527590326476E-002  0.303469657349025       -1.01309589113828     
  -1.58963416582147      -6.199489564301407E-003  2.161641276026689E-003
 -0.270916732119016      -0.678323514518742      -0.433048851138692     
   1.33114847861670      -0.854267120588437      -0.538036993035730     
   2.62088781988951      -0.469108096931013        1.75165968314661     
  0.667121095468866        1.57738900532997        1.87749535609673     
   1.43340016887907       -1.34546380995522       7.097821365092703E-003
  0.958439740201928       0.499179141915452      -1.173667029479791E-002
   3.21505780322800        1.12358070499306      -0.390605161696906     
 -0.282270768107997       0.293180778238697       -3.58360136644097     
 -0.576744398106906        1.20652420245486        1.89731210193358     
   2.24423091894381       -1.23935762226792       2.799845655205237E-004
  0.880242530790403      -0.544416043171142       3.827576633325102E-002
   1.61319940422966      -0.293915180486396        1.97778504491821     
 -0.443082140704810        1.55791710185573       -1.14686602752673     
   1.92518577864339      -0.277292433179086       -2.55556421818819     
   1.59033864859189       0.792989518691134       1.873001750702176E-003
 -0.551531601426881       -1.47099187421393      -0.406224028400839     
  0.933502670354530        1.67763309711158       -2.40570442423362     
  -1.02782898434604       0.938866756655505        1.96777813959511     
  -1.92048773854402      -2.562988532160887E-003 -0.615133848502161     
 -0.165491771326239      -0.717972044597118      -6.216550114596788E-003
  -1.55202670392926       0.235647957706238      -0.135214724657560     
  -1.80599620988118        1.10544455246286       0.104283572236283     
 -0.173231741904372        1.93715443960953        3.61726150092351     
 -0.184652489933416      -0.812376273042408        2.17562296131360     
   1.47653614151345       0.731701345290245      -1.598685925025574E-003
   5.03675610796378       0.253460609220351       0.906489331549847     
  0.818963177290809       0.193187238365830        3.68286193328632     
   1.95296669795399      -0.907336810110046       -5.35403104214083     
   11.0337115093662        1.84850207415783       -11.2233524746089     
  0.642005550834317       -1.15101795362727      -4.274688172673918E-002
   1.01204356170432       -1.40375516161599       0.383455644517154     
 -9.213465171916468E-002  0.251728677256610       -1.00818321672217     
 -0.649826565774229        1.77007668402481       -6.70703100231049     
  0.705804419191898       0.969695302130342      -0.236956385916552     
   2.31268024143180       0.352435532956564      -5.300684374434475E-003
  -6.90126637482651       0.938691700973025        13.7393283872965     
  -7.24194283005287        3.47797808621855        7.68467356291863     
  0.250345072344691        1.75809499601243       8.007325380406177E-002
 -0.627470368259752        1.49940507324468       0.122196714158013     
   4.89482201147043      -0.309396085263605        11.1893932858862     
   10.6219583053278        1.66745208239175        14.5130227244873     
  -6.90474465996497        3.17120417695785       -11.4904970093149     
  0.298800336701812       6.357711342738190E-002  3.692459707129850E-002
 -0.782286871441433       0.466616167353617        3.79976909162064     
   5.37322319808925      -0.475991696014063       -5.09929884186164     
   1.37351687773810       4.143976320323005E-002 -0.789088469286378     
  0.764190930787360       0.203849577057100       0.143785069346820     
  5.997297940995939E-002 -0.674105882716510       0.256453061596234     
  -1.71317745667258       0.492321339295385       -2.99930073126100     
  -1.23177354485302       -1.13162944338582       -4.59507119340280     
   5.14277457820849      -0.615664555317782        4.11432804989775     
  9.520382723663376E-002  0.346222430728947      -8.716518956806883E-003
  0.414151433494124       0.422807413746356      -9.154444134779209E-002
   1.17914198971094      -0.162194858780315       -1.61114203934200     
 -0.273143340314990       -1.04466444421660        1.95641147546800     
 -2.842724030053428E-002  -1.12350909161205      -0.572709108749060     
  -1.28633719418103      -0.184570507188133      -7.077823584918162E-002
 -0.198019592296092       -1.25685409504118      -3.397836424476441E-002
 -0.750393724680651      -0.535232397347805        2.04939918218744     
   2.09168333747090      -0.588204409778147        2.13775455767771     
  4.477819721721910E-002   1.38172844522586       -1.54717518826371     
   2.42135452326030      -0.892368840988484       3.584239533603277E-003
 -0.487557854824926       0.343349448432262       1.054571743106420E-002
  -1.09972088928771        1.88078055593383       0.857878931191941     
 -0.420402917739016      -0.158058376455128      -0.178258538717625     
   1.34569756179031      -2.749473734564054E-002  0.401707148945864     
  -1.61332289172693       0.294535279623228       3.726756035501156E-002
 -0.508508618342632      -0.166632892206158      -0.155584136144595     
 -0.295309307970105      -0.321964610086171       -1.90929819838295     
  0.135321249316527       0.378323336833010       0.275426320086273     
  0.492437620799022       0.522530394504873        1.17374650096292     
   2.88673517596641      -0.522948455917490      -7.860776193664068E-004
   1.84524928037241      -0.511784809083211      -5.138144303023968E-002
 -0.244082084828929       0.647275415801766      -0.252724124781409     
  0.128064842019083       0.643864027530723       0.725890544914889     
   2.42865609691710      -0.852190008924287       6.420860103156423E-004
  -1.32123838202621      -0.132306725881051      -2.345794398997743E-002
  -2.04683021242512       0.318628812475910      -0.111229687090525     
  -1.22256601283968        1.29050105781384       0.768169915531772     
  0.620817196103384      -0.722409571768611       0.833873264124047     
   1.77731816695399       -1.26659538179954      -0.155434390929336     
   1.02452889603534      -0.619997334302225       2.469153929444958E-003
 -6.122647236142845E-002   1.28539938530495      -0.153145727965759     
  -1.28650181747987       0.178321609225789      -0.666311393905041     
 -0.469115759387249       0.786478556878496      -0.149575140819675     
  -1.69084766483020       5.535928201366627E-003 -1.752307012257465E-002
 -0.847876576967971      -0.352432713430257       3.871132352928438E-002
  -1.41842433287818       0.113429083411655       0.312553534078778     
  0.765694723786175      -0.595112981438543       0.242284476242304     
  0.893013987541528       5.853670034447200E-002  0.157922334917243     
   1.19426636232639      -0.528691777682169      -6.892625423092166E-004
  0.386882123438775      -0.134666854970707      -0.103455307899517     
   1.01911171681184      -0.658235905080919      -6.397326815292929E-002
 -0.748370897083990      -0.216610113622860       0.693668239422831     
 -4.997795863910912E-002  0.457027839541845       1.590718970168506E-002
  -1.27412738774877      -0.149960474028863      -1.082574071198539E-002
 -0.969603989285698      -0.373582915529377      -5.701151534558858E-002
  1.416671070384012E-003  0.699166108326494      -0.266569023702198     
   1.46298345941221      -0.374688093559391        1.57684722356868     
   1.13855868274928       0.174916460655990      -0.274093511070794     
 -0.536335521129654        1.60620358779085       1.014771019949547E-003
   2.40397245627689      -0.753205620462098       8.849266986825584E-002
   1.31797725553782      -0.150031082014880      -0.126495489253850     
  0.440142245663617        1.01576761193250       -1.62715539120378     
 -0.710311303086811      -0.134643837565511      -0.714806504112836     
 -0.848508285713873      -0.361429766319995      -3.127137011281314E-002
 -0.800008615702619      -0.281032462905201       0.106278639143898     
  -1.00745305047582       0.513801468542261       0.825979720679845     
  -2.03116998305755       0.148825729084571       0.120741661280222     
   1.07685002647762      -0.609193376128009       0.131272633347606     
   1.12580681400789      -0.550592933979011       1.156899408288857E-004
   1.32993835124809      -0.610814034500464      -0.232613303740425     
   1.50871854301825      -0.670133268207867       -1.13145253609201     
 -0.953896143543459        1.26946640673854        1.78905255458052     
  0.212413789578489      -0.111677758796158       0.728354447582216     
  0.233403262479392        1.55551610914510      -1.886684076167742E-002
  0.238815416172941        1.79302834143864      -6.086515188593367E-002
 -0.370983947186652      -0.589395692689541      -0.413555149597892     
   1.57746067521992       0.792878562307447       0.983122143468063     
   1.66567021406640       -1.61247091021838       0.674377907520380     
  0.437666044640366      -0.254877442821105      -1.858199219691453E-003
   2.38129244760255      -0.787677060956717       1.633227040537034E-002
   1.38505127130478      -0.104480153943222      -2.984083830581585E-002
  2.994855701543588E-002  0.957665002234901       -1.72843307272671     
  -1.15074907119637      -0.272594779926968      -0.246600826171123     
  0.498733154139166        1.24350527855758      -3.219858240582344E-002
  0.344543302130442        1.30008768729054       0.143743750725700     
  -1.10835647150180       0.721778384697641       0.792624960176312     
  -1.96012859742768      -0.610032895140994       1.189337851159235E-002
   1.03823923021651      -0.540793911695405      -5.723891275610274E-002
   1.27432253862925      -0.432493239275623      -1.700346642043490E-003
   1.40259711599909      -0.498482055400329      -0.287473671765026     
  2.123204299787509E-002  5.983369752559192E-002  -1.53209360637625     
 -0.877065642907933       0.708694627993829        1.88249973786688     
  0.178221623087285        1.79271092565530       0.321801773689459     
  0.416104050153206        1.29542147851008      -7.733678041384568E-003
  0.231431979764712        1.42379161120502      -3.325076509514108E-002
  -1.33339597347198       0.116605143478538       0.336679445969433     
  0.114231776358709       0.239801852151236        1.79465709125604     
 -0.512420932647589        1.51576520106783       0.204032043849384     
   1.20023453273593       4.180521787996805E-002  3.455684283182536E-004
   1.72285732876182      -0.638814813079219       0.182096807788182     
  0.108467731567659        1.56291408591715        1.15333807272173     
  -1.25291000083145        1.79132559917065       -2.63801964781517     
  0.292060090913476        1.81501128982741      -0.736305852402556     
  -1.10950079834303        1.59687981402217      -2.006976407001939E-002
  0.432883178754804        1.55762312478672       7.566203466959448E-002
  -1.10795659754214       0.454233374351530      -0.442437426384050     
  -1.83150485011431       0.958450231061936       0.138267451539479     
   1.14807268108376      -0.459807461216779       0.427521240610674     
   1.04670336488382      -0.648230599299603      -4.851244206491513E-003
   1.00700345228122      -0.289036712028233      -2.246579571891515E-002
 -0.136954923816594      -0.419838168044477      -0.371265785181258     
  -1.40217497261763        1.65501759296211        1.92826290397730     
 -0.700185611902618        1.35753609366105       6.510198082299751E-002
  -1.01910796106638       0.945363792113603      -3.286392153750923E-002
 -0.807707201242930        1.54231808653863      -1.464320377200733E-002
 -0.794246655309322        1.01147861497547      -0.199344135674732     
 -0.999458851062127      -0.577235528094388      -0.383527142926520     
  0.537201161897358      -0.717360529547351      -0.129996947878727     
 -3.559902751158178E-002  0.599074255618591      -2.550620912554803E-003
 -0.985835687542461        1.02851606403077       1.181071367443753E-002
  0.652952862772421      -0.184811260807519        1.59517086359852     
 -0.425163138698415       0.849398725640593      -0.329909300789873     
 -0.112175628045947        1.13635168666657      -0.194481075837218     
 -0.943547087856223        1.01508480086133      -1.384860219280246E-002
 -0.881454639269769        1.09179877926870      -6.311912744164161E-002
 -0.727358281022176        1.06441357403890      -0.815230570587233     
 -0.520932007284243        1.47803084967012       0.383372554403217     
   1.55855941142266       4.144047579570720E-002 -0.244525204276588     
 -0.485764925420052      -2.552370600031729E-002 -4.271765248598863E-003
   1.24048886334774       0.101224834986666       9.019904366515273E-002
 -0.508929994183988      -0.312335230587061       4.675471888027831E-002
   2.10197632429196       -4.11757118570292        1.39199174450107     
 -0.103387128391428        1.22701180997605      -0.194446854181831     
 -0.191292986053256       0.987692480717488      -2.043093065118503E-002
 -0.269920833193012       0.809217974981479       5.606817664942360E-002
 -0.867437140051436        1.57964717616905      -0.379365461895052     
  0.503735490223272       0.434183028065691       -2.39251397980888     
  2.564024782165602E-002 -0.613307812925738       0.526194828737501     
  0.654446976118572      -4.974314802746113E-003 -2.808051854336512E-003
   1.22359286415382       7.924484036144025E-002 -5.196277328566969E-002
  0.156912601737845      -5.146711506804136E-002 -0.983052934532106     
  -2.82287823874671      -0.679163593654537       -3.25388055681613     
  -1.29442101068699       7.939937163299873E-002 -0.379564954252300     
 -0.486986695447404        1.52646982023832      -2.657683621897902E-002
 -0.302170880518729        1.48822824858705       0.158407263780321     
 -0.441408244893534        1.51761966072162        1.25879615969724     
  -2.60536673394226      -0.638325024673253        3.48242731580530     
   1.15463098252659       0.156592614444723       0.435366271929118     
  0.533163011474712      -9.117757599859978E-002 -4.228933219510697E-003
  0.202090517124733       5.780369794281723E-002  6.685569865145813E-002
  0.400352930849899        1.17149480208314       0.413764649382935     
 -5.635730403228736E-002  0.651909149374040      -0.559996904581367     
 -0.284623400927237      -3.902913336434306E-002 -0.230921860079413     
 -0.367175531367696       0.548358147306532      -2.140597491107646E-002
 -0.528336381889780       0.343029016323452      -4.020601903094546E-002
  -1.27216078927586       0.780973167692838       -1.16436578045920     
 -0.165621158831764       0.703725414703549       0.504677218670849     
   1.18810338560562      -2.374227762888009E-002   1.00213610531451     
  0.841549893050570      -0.163562307573007      -2.250924949830096E-003
 -0.775497896580025       0.566084964987628      -0.296191184809593     
   1.07409018675303      -0.157621808924962       -1.78559928471324     
 -0.767872532619309       0.868046483541765        1.10640423025737     
  -1.15695382328120      -0.254482854291950       0.963618094062314     
 -0.336322597833648       0.658719909229273      -2.769955800511878E-002
 -0.437608572681717       0.734758425144803       9.858765338519423E-002
 -0.833698402223725        1.48294033334779        1.60920969037936     
  0.196156047145147       0.301136675251646       0.896338762974102     
 -0.797419855985659       0.778809137909178      -0.910737328225671     
  0.278933499445679        1.05606552290289       2.129404532122713E-003
 -0.292805371626382      -6.402605746098589E-002   2.05149087280197     
 -0.542122068618959        1.08647905975403       -1.20019929275459     
  0.510178531203897       0.229862874696992       -1.47908663514245     
 -8.482874612031477E-002 -0.264241680491436      -8.141009636191876E-003
 -0.684577637843869      -0.253500139917036      -0.214369834049977     
 -0.328388038527899        1.11189213629906       -2.98419579148401     
 -0.595372093871135        1.05509029133356       0.596257902208844     
 -5.920413314662260E-002  7.022087382908319E-002   1.68600817306156     
  0.795729695018433       7.945004697018740E-003 -4.864595190908127E-003
  0.116751602957788       0.485024396603502      -0.472301065437690     
   1.01435882576813       0.333109229495168       -3.25250532886334     
  -1.25471076996367      -0.319201930573009       0.912376676386430     
  -1.74107213242149      -0.419832737109829        1.56103942499883     
 -0.399389372794444       0.725046317005561      -3.199816963101409E-002
  -1.17495412949156       0.164476585480143       0.346069190425077     
 -0.937962912090015       5.136573069845049E-002   4.41505640682081     
  0.865952614950801      -1.603254286186709E-002   2.03256018765584     
 -0.722480407102011       0.695405096055763       -3.81898326791003     
  0.136946713465250       0.509569644395438      -1.448654998962672E-003
  0.193185311343618       7.733526616566250E-002  0.630465136540540     
  -2.53543579142614       0.121005555297093        5.94687892323232     
  0.641015948306136      -0.398471048288512        3.26700681761174     
   3.62125849717645      -6.318886803350528E-002  -4.01354135259829     
 -0.395476445512299       0.554496539554481       4.918431020443498E-002
 -0.932819567548403       0.563223756772381      -0.791822147872558     
  -2.27456758030518       5.074719062181116E-002  -7.99101980434680     
   1.69882762587544      -0.389703305084533       -1.27739807039289     
   3.02114948020663      -0.110566256151964        5.34631578023693     
  0.162829215071464       0.780287613886153      -9.957194375838452E-004
  0.181405217495440       7.047483547326851E-002 -5.979995450006736E-002
   1.29259980622037      -8.915624175251602E-002  -1.59053410005088     
  -1.24321947690663      -8.097421494038420E-002  -1.72247139387222     
  -1.93495625072552       0.125438388183797        1.20792940757247     
 -0.451034863715140       0.303697269509653      -6.285065140338998E-002
 -0.699481989558569       0.292604235243572       2.450385336230120E-002
 -0.211663925538298       0.100574948208457        3.40924917773798     
  -1.23375154986926      -8.057155029401450E-002   1.88273391406485     
 -0.244056027397442      -0.108691142727335       -2.63356275018472     
  0.472250964898620       3.863725617669650E-002  5.987210815053553E-003
  0.476462374210357       4.704957967657086E-003  0.322144567433072     
  0.323193365784488       5.680733216374377E-003   2.20433051830869     
 -8.817622617598213E-009  7.054112737462482E-003   2.64203647699916     
 -0.323187312805767       5.675436154510653E-003 -0.609333909585563     
 -0.476407822867036       4.534690595701060E-003  1.597251127989937E-002
 -0.476407732117441      -7.680368885205474E-003 -0.211395772556762     
 -0.323188003653861      -8.461550744780074E-003  -4.03809584583370     
  0.323193366443863      -8.455130714599742E-003   2.31206372802514     
  0.476474407531371      -7.460818973542441E-003 -5.657026354746931E-003
