   2.20572954469801       0.177667917489870      -0.101115865443728     
   1.05966747227515        2.30737638538248      -0.822425292909746     
 -0.697539773896969       0.637708622400171      -0.374189764316121     
 -0.685971330768632       0.603108193068424       0.344378765388690     
  -1.36253471441133       0.142485511967523      -3.998655567169977E-003
   1.50793388028406      -0.301866918228980       9.707485014141841E-002
   1.01561159067605        2.30411673529718       0.840427834744423     
   1.78796368434328       0.784853556258837       0.385457385714635     
  -1.84394851512811       0.843907786050042      -0.329884515657628     
   1.26610669504321      -0.625947894851766       6.640192392225260E-004
   1.04603597058928       0.151790978698447      -7.117926623101142E-003
   1.84930723005937      -0.755493138798121       0.122506124623142     
  0.629149770165746        1.07490151407497      -2.291466567351151E-002
  0.165695959659363       0.309664737224101      -0.147703601956453     
  0.619514694720130       0.524921238594059       1.592682988006959E-003
  -1.71497650588412       0.177180076841361       9.114093548512550E-003
 -0.596765647667334       0.816390453957730      -0.124142644512732     
  0.834226260164017        1.16631872959575      -3.772363553655882E-003
   1.63025511143820      -0.332489526591398       0.148635394277348     
   2.01829042602555      -0.705551105434287      -1.816072649442902E-004
   1.28746201355688      -0.614115072626562      -4.289416849734294E-002
  0.509724629081650       0.680578772340655      -0.682298150675014     
  -1.14328045106740      -0.741924925068478      -0.848040330949241     
   1.30105165762329       5.544443290279438E-002  0.303710840409858     
  0.291987644564270       0.825989977333959      -5.385596357565629E-003
  0.306615256676825       0.732471999036223       7.829552347497787E-002
   1.40485031989721      -0.818831490214528       0.717134390976411     
  -1.25794121599270      -0.679412405952650       0.425657567152888     
   1.17044768456394       0.364707728080762      -0.232665524805369     
   1.41896863563038      -0.719624929674985       2.331962376989946E-003
   1.16671237935425      -0.403685823567237      -9.709411349308690E-002
   1.37905227193526      -0.697040888558960      -0.420037954681102     
   2.17185818163179       0.763739771366717       0.462405013555629     
  -1.34509994661618      -0.704741140454868       0.246118605995517     
 -0.604108659888886       0.767667446574042       3.348105446584251E-003
  0.650137550522957       0.607044809573085      -2.948834261334844E-002
 -0.760534844795902       0.717110111204588       0.159423228603229     
  0.465998793472827       0.420470726478905       0.253959836066454     
  0.510755743493726       0.538395012847542      -4.732005463124023E-002
  0.570126100194103       0.558614476069573      -7.958969424241831E-002
   1.17129127631865       4.159333524358576E-002 -1.920329399189159E-002
   1.38948877271982      -0.578516230615640      -0.807157513870964     
   1.65714994518452      -0.490456595097165       -1.17059089801001     
  0.477919789689790       0.774561707392873       0.138680809963404     
  0.447776504684075       0.911866543013779      -6.404776089252102E-003
  0.101917784947972        1.49962852531644       0.101993310967582     
   1.12608286319135       0.431054635759766       0.615615623551617     
  -1.52771778232508      -0.961647278500766       0.194136009619215     
  -1.42560661066629      -0.829924575137809       0.278436526353979     
  0.661074475012023        1.11795202156855       1.935524490193827E-003
   1.60099052610370      -0.710748726544122      -4.866020680091607E-002
   1.07127797780751        1.42256748870455      -0.105022271898516     
  -1.43920084394134       0.956069947714369       0.307035466455917     
  0.959389455006049      -0.809357296955862      -4.438331324921431E-003
   1.88428621213772       0.719829761984168       7.290671353185216E-002
  0.987798009838493       0.212064803733163       0.379281909873352     
  0.279434500474464        1.58081079980704       0.125917125280527     
  0.966370016121106       0.672989599328658      -0.591098772031691     
  0.672044148296264       0.237602488747260      -2.936566780761302E-005
  0.403021966134702       0.515934164666014      -5.746540247472543E-002
   1.14441407520183       0.558778821562039      -0.580762261307634     
  0.332593176981777       0.798020392243028      -0.174783705283233     
 -0.936530821864409      -0.166389365852451      -0.242922682173587     
  0.809194962967364      -0.461374840416221      -9.363547103277298E-003
  0.651658255850039       0.652820887055399       9.289862270510575E-003
  -1.80201491109556       0.847241774813325       0.417780812573271     
 -0.557062499873569       0.979740565734561       0.503700142666753     
  -1.76165340547091       0.669128368178820       0.487098117114293     
   1.08584158218212        1.11587901883221       2.175518030053149E-003
   1.68297838610290      -0.658575741129108       0.120525988342794     
   2.11329793434363       0.962439009031914      -0.894692731803989     
   1.17811962867029       0.531196728050336       0.457934760255286     
  0.442112924919886       0.877012597704207      -6.989702836230400E-004
  0.613887131089224       0.895426561725172       0.144361755076373     
 -0.472452496476282        1.58771321661887       0.459610186966378     
  -1.28427090339259      -0.763089681782724      -0.355599564335027     
 -0.286092883255970        1.11072331513098      -0.822615191205587     
  0.928034118507791        1.11863550199027      -3.591433177995619E-004
   1.33931594368427        1.08149330112217      -4.714099061165442E-002
   1.14017526315630        1.01421908566847       -1.05533774482140     
  0.837068252592180        1.07653885627728      -0.658096593632964     
 -0.420640896866351        1.22524677131158      -5.759669416177592E-002
   1.00217784718059      -0.164098150729180      -1.793915351292807E-002
   1.00099307035766      -0.245085068310113       0.128429305801281     
  -1.47296776411765       3.720567737991620E-002  0.687089608252444     
   1.16145322799607      -0.558536074461357       0.182392137809212     
  0.716531923664629      -0.826429496293165       0.391095667616334     
   1.76395924142883       0.880326415312341       1.476970256553176E-003
  0.974488010446725        1.08232404977371       3.937724863105808E-002
   1.20772773868651        1.35864626586757        1.87537347088737     
  -1.19725557481537        1.01608476252674      -0.221426551564394     
   1.35836750773299        1.38243804012217       -1.01140973873914     
 -0.104736561895492       0.984027416275400      -1.137692864848381E-002
  -1.29738607293432      -0.697295970852620      -0.240211217966672     
  0.308221198294999      -0.768445768050367       -1.06766328278000     
   1.99541051461469       0.904629213648131        1.82630909340705     
   1.09436322060777       0.111873754130018       0.281847884297642     
   1.03151768089687        1.11312124584623       7.138556852118644E-004
  0.530736586153612      -0.125631279378537      -0.120372970832519     
  -1.74363493527597       0.858078884357095      -0.354350089009015     
  -1.26954048420662       0.352553189062867        2.72147058567463     
   1.09789740689205      -0.156039491397611       -1.01309589113828     
 -0.749716992785354       0.520551611550074       2.161641276026689E-003
  -1.20858609235570      -0.947138462294367      -0.433048851138692     
  0.779000263845740       -1.02516173978500      -0.538036993035730     
   2.10194269778447      -0.142399882922034        1.75165968314661     
  0.218243974168449        1.24575712464561        1.87749535609673     
   1.07755599580294       -1.05479219447868       7.097821365092703E-003
  0.646723809241460       0.654741415427472      -1.173667029479791E-002
   3.10795720621935        1.47949832718082      -0.390605161696906     
  0.166995742885110       0.124437249362458       -3.58360136644097     
 -0.315337720211030      -0.336829482963485        1.89731210193358     
   1.32931322536236      -0.629845053239066       2.799845655205237E-004
  0.808807678564456       7.437375831191059E-002  3.827576633325102E-002
  0.638459866607777       4.479627165504374E-002   1.97778504491821     
 -0.310656245834626      -0.603719584759694       -1.14686602752673     
   1.60751370556753       0.750018411490666       -2.55556421818819     
   1.06266430486444        1.63234996479219       1.873001750702176E-003
  -1.61513969278255      -0.244183640761357      -0.406224028400839     
  0.489845414118650        1.43271439865522       -2.40570442423362     
 -0.870391873930598       3.231675232645359E-002   1.96777813959511     
  -1.00869031951184       0.817362471061488      -0.615133848502161     
  -1.23127133998203       -1.01773318305783      -6.216550114596788E-003
  -1.56027565916603       0.874307523499597      -0.135214724657560     
  -1.66765652263424       0.778902459718973       0.104283572236283     
  -1.61871248096183        1.97499335685176        3.61726150092351     
  -1.34698146207835      -0.520196639222395        2.17562296131360     
  0.949359697196440        1.09600650384364      -1.598685925025574E-003
   4.62896082476662      -0.831834308969838       0.906489331549847     
   1.71564878278264      -9.434960808746645E-002   3.68286193328632     
   1.72558566591058       0.368619592223452       -5.35403104214083     
   9.35581484988024      -0.797804988938662       -11.2233524746089     
 -2.780270931371937E-002  -1.38415284607033      -4.274688172673918E-002
  0.468752837359710       -1.51228374479835       0.383455644517154     
   1.98797926053841      -2.155305373705089E-002  -1.00818321672217     
  -1.37892236848643        1.71067068500781       -6.70703100231049     
  9.363993626476880E-002   1.35814482850276      -0.236956385916552     
   2.33660011920366       0.965623571303701      -5.300684374434475E-003
  -7.21178606965237       0.872308902272463        13.7393283872965     
  -7.15803992651736        1.68860502994591        7.68467356291863     
 -0.105028105481093       0.468011625207501       8.007325380406177E-002
 -9.338648162693289E-002  0.270768234751337       0.122196714158013     
   4.14959339527740      -0.284272495060093        11.1893932858862     
   9.21289891195075      -0.433985968777978        14.5130227244873     
  -6.75924207755498        1.81063311577983       -11.4904970093149     
   1.06265329769011       4.971045546165371E-002  3.692459707129850E-002
 -0.861690295735558      -0.745891067784903        3.79976909162064     
   3.35032564957399       0.247138853171264       -5.09929884186164     
   1.26630565061919      -9.002324548085060E-002 -0.789088469286378     
  0.450592270434037       0.211539299240462       0.143785069346820     
  0.295703765076922      -0.475338766243322       0.256453061596234     
  -1.31085553128307       0.722874102171529       -2.99930073126100     
  -2.15584358167146      -0.617899898023520       -4.59507119340280     
   3.39990441302083       0.466760740340516        4.11432804989775     
  0.871181838567938       2.842121216101031E-002 -8.716518956806883E-003
  0.753389041114711       0.400190165334465      -9.154444134779209E-002
  0.945560017555824       0.372004301524393       -1.61114203934200     
  -1.10045717567475      -0.336460793661271        1.95641147546800     
  -1.25715287535629      -0.100639804816723      -0.572709108749060     
  -1.44361033722276       0.155589505342762      -7.077823584918162E-002
  -1.13267930167722      -0.130454600415023      -3.397836424476441E-002
  -1.54668230374090       0.355312648493927        2.04939918218744     
   1.38621487394085      -0.451341908568938        2.13775455767771     
  8.717040052670570E-002  0.518823869651923       -1.54717518826371     
   1.00381257964670      -0.445548568476495       3.584239533603277E-003
  0.692317117042729       0.361393358934928       1.054571743106420E-002
  0.135093626327217       0.368774357223027       0.857878931191941     
  0.311750432081531       0.503649387897658      -0.178258538717625     
   1.07352002994342      -0.353748201863837       0.401707148945864     
  -1.48500672727575       0.860855709942473       3.726756035501156E-002
  -1.68275333572771       0.344196689593931      -0.155584136144595     
  0.275649590532525      -0.277649856430322       -1.90929819838295     
  4.858993005074587E-002 -0.418832308729970       0.275426320086273     
  0.811766171432776       0.601101885988501        1.17374650096292     
   1.03186076264903      -0.611642947140919      -7.860776193664068E-004
  0.789348452837341      -0.504811838772895      -5.138144303023968E-002
  1.360076697488150E-002 -0.363746136249041      -0.252724124781409     
  4.517554506349875E-002  0.746596348617579       0.725890544914889     
  0.983690603832458      -0.430664081780033       6.420860103156423E-004
 -0.850037979764422       0.491207408533065      -2.345794398997743E-002
  -1.05138141784113       0.424678264922855      -0.111229687090525     
 -0.400761319505560       0.703153907114219       0.768169915531772     
  0.154511534512096      -0.364448716013609       0.833873264124047     
   1.28065458312517      -0.718296960097716      -0.155434390929336     
  0.520315926196331      -0.457312302234408       2.469153929444958E-003
  0.317112012749593      -0.321597089697878      -0.153145727965759     
 -6.765441107942211E-002  0.518933084925892      -0.666311393905041     
 -0.864624037426438       0.275162629162432      -0.149575140819675     
 -0.849143069281136       0.472759631806616      -1.752307012257465E-002
 -0.927630233333046       0.428768752638132       3.871132352928438E-002
 -0.884965316027715       0.330149705586804       0.312553534078778     
  0.121008975520109       0.339807652692418       0.242284476242304     
  0.410265005935371      -0.149068447662965       0.157922334917243     
  0.630271796196543      -0.497695063231772      -6.892625423092166E-004
  0.313034648086662      -0.404357611332873      -0.103455307899517     
  0.568568820109218      -0.480421630845178      -6.397326815292929E-002
 -0.717412829880798       0.400223613973369       0.693668239422831     
 -0.181386890250638       0.376246739405601       1.590718970168506E-002
 -0.702464527285795       0.540157774336406      -1.082574071198539E-002
 -0.684821357467121       0.527787064527484      -5.701151534558858E-002
  0.132659767993420       0.721768838578045      -0.266569023702198     
  0.879113962147308      -0.168840329531412        1.57684722356868     
  0.570014418261302      -0.119634157436144      -0.274093511070794     
  3.764458111024524E-002 -0.248596311433557       1.014771019949547E-003
  0.877643877304571      -0.458697185202616       8.849266986825584E-002
  0.736873622256587      -0.436012651376011      -0.126495489253850     
 -0.216614101268151       0.583477696261384       -1.62715539120378     
  -1.02865901968485       0.269015003855470      -0.714806504112836     
 -0.898628619717100       0.383313222604023      -3.127137011281314E-002
 -0.866175777616433       0.407800021618858       0.106278639143898     
 -0.807391769901257       0.242511331507070       0.825979720679845     
  -1.08623390852180       0.443581584473600       0.120741661280222     
  0.548136116402828      -0.439573690886196       0.131272633347606     
  0.523850825578778      -0.499604674119511       1.156899408288857E-004
  0.584901646650454      -0.421154410886653      -0.232613303740425     
  0.497178236056546       5.750945976734760E-002  -1.13145253609201     
 -0.481217446899818       0.367335160245102        1.78905255458052     
 -0.117505250181325       0.164089072398114       0.728354447582216     
 -0.493596644089966       0.178556279095708      -1.886684076167742E-002
 -0.610819590231431       0.196318750982081      -6.086515188593367E-002
  0.308885510446299       0.309286911151364      -0.413555149597892     
  0.826721011584553       0.190246226581130       0.983122143468063     
  1.074211199807225E-002  0.255036990061493       0.674377907520380     
  0.332318413222782      -0.423111479419949      -1.858199219691453E-003
  0.861257566501632      -0.355789115344739       1.633227040537034E-002
  0.586335877919798      -0.214754159939188      -2.984083830581585E-002
 -0.250835060225370       0.240708223776572       -1.72843307272671     
 -0.639696683404852       0.276030089374577      -0.246600826171123     
 -0.459136790817609       0.114471627048493      -3.219858240582344E-002
 -0.463117369934316       0.146483738311142       0.143743750725700     
 -0.276553033897962       0.304833495523790       0.792624960176312     
 -0.726587309578413       0.297231411410191       1.189337851159235E-002
  0.490784864918822      -0.175934308522405      -5.723891275610274E-002
  0.518352569830056      -0.362312325846109      -1.700346642043490E-003
  0.434704106702340      -0.143486678508174      -0.287473671765026     
  0.109748639174451      -2.731916043399487E-002  -1.53209360637625     
 -0.686236948302336       0.227417235802963        1.88249973786688     
 -0.379801848306805       0.161657148161299       0.321801773689459     
 -0.442894772658988       0.142381490281109      -7.733678041384568E-003
 -0.434560748630680       0.114020539324159      -3.325076509514108E-002
 -0.201729826904555       0.148343926512632       0.336679445969433     
   1.07377148013063       0.239441343479561        1.79465709125604     
 -0.364076705896030      -5.206111067950583E-002  0.204032043849384     
  0.412286749303958      -0.161664590723950       3.455684283182536E-004
  0.476465000355743       4.637794661553769E-003  0.182096807788182     
  0.323193468236744       5.863157447420785E-003   1.15333807272173     
  1.643673405214746E-007  5.678373305567586E-003  -2.63801964781517     
 -0.323193366697603       5.591309679946323E-003 -0.736305852402556     
 -0.476415687473901       4.402665221870366E-003 -2.006976407001939E-002
 -0.476425196221671      -7.718705426677512E-003  7.566203466959448E-002
 -0.323193366681754      -8.421726526655852E-003 -0.442437426384050     
 -4.409452058530047E-009 -7.030984412589955E-003  0.138267451539479     
  0.323211382120847      -7.676381336859269E-003  0.427521240610674     
  0.476466910928606      -7.031442911056222E-003 -4.851244206491513E-003
