   1.86414709334632      -0.228764039006025      -0.101115865443728     
   1.08848248987836        3.25895309771865      -0.822425292909746     
  -1.72732223849048       0.378220611344189      -0.374189764316121     
  -1.80724140497679       0.428667315002266       0.344378765388690     
  -1.24058041001227      -1.137241267457192E-003 -3.998655567169977E-003
   1.99061540763913      -0.643995062598295       9.707485014141841E-002
   1.05418290144411        3.23576149478579       0.840427834744423     
   1.67870659508155       9.873211219781648E-002  0.385457385714635     
  -1.74359296157740       0.854463540132939      -0.329884515657628     
   1.99828497951667      -0.855879354946634       6.640192392225260E-004
  0.814967319569685       5.852560859441230E-002 -7.117926623101142E-003
   2.22070247304210      -0.959345062277062       0.122506124623142     
  0.798229000956273        1.17600549034797      -2.291466567351151E-002
  0.153736468240428       0.303295406603353      -0.147703601956453     
  0.344901172339170       0.190159967480092       1.592682988006959E-003
 -0.926497649747541      -0.485067661703223       9.114093548512550E-003
  -1.05649587046372       0.401905151539327      -0.124142644512732     
   1.28389904756083       0.895035783181402      -3.772363553655882E-003
   2.42236649796453      -0.590396444403930       0.148635394277348     
   2.38719164877982      -0.884033126315650      -1.816072649442902E-004
   2.03663433549279      -0.775735608596936      -4.289416849734294E-002
  0.509645557947928       0.638010762119135      -0.682298150675014     
 -0.117222677547258      -0.776621823532581      -0.848040330949241     
  0.860239513219047       1.609880863674762E-002  0.303710840409858     
  0.669432242988404       0.817408534946195      -5.385596357565629E-003
  0.437772609333180       0.841915229267604       7.829552347497787E-002
   1.49681414515387       -1.19223391016799       0.717134390976411     
 -2.753589370420326E-002 -0.668040878504544       0.425657567152888     
  0.634399133321732       0.651017301487783      -0.232665524805369     
   1.42561082145322       -1.23362429368065       2.331962376989946E-003
   1.87194755309008      -0.643494337963145      -9.709411349308690E-002
   1.33399045324283       -1.26821873785571      -0.420037954681102     
   2.22981199006226       0.409347900391595       0.462405013555629     
 -4.044347186316924E-002 -0.440994408814750       0.246118605995517     
  -1.19597027166847       0.355718997674668       3.348105446584251E-003
  0.717104108637074       0.400196904171740      -2.948834261334844E-002
  -1.12033241797869       0.209685930100546       0.159423228603229     
  0.352104932265249       0.164627646798473       0.253959836066454     
  0.435960711800081       0.248532428605702      -4.732005463124023E-002
  0.386154532827681       0.214567357767524      -7.958969424241831E-002
  0.766266479062039       3.410541242344620E-002 -1.920329399189159E-002
   1.67880933496627      -0.211290105975337      -0.807157513870964     
   2.30058764998479      -0.581072312225603       -1.17059089801001     
  0.882682019125250       0.879665698769223       0.138680809963404     
  0.734351876670173       0.859637707717353      -6.404776089252102E-003
  0.307123591392890        1.43585155152378       0.101993310967582     
  0.933947836645510       0.294756836523541       0.615615623551617     
 -0.763731747166520       -1.42358345221541       0.194136009619215     
 -0.399293269689533      -0.632537535439665       0.278436526353979     
  0.853440996849739        1.16943191067793       1.935524490193827E-003
   2.03454607387439      -0.937423710634906      -4.866020680091607E-002
   1.73473163080076        1.00770098953254      -0.105022271898516     
  -1.37025557281685       0.779352339318152       0.307035466455917     
   1.33113211969016      -0.733790994077319      -4.438331324921431E-003
   2.01807685997842      -0.143868436239621       7.290671353185216E-002
  0.781605822582024       7.054213846280991E-002  0.379281909873352     
  0.891444561749434        1.82235807318381       0.125917125280527     
  0.864610407754717       0.755475447842840      -0.591098772031691     
  0.601017156051099      -0.331213614254227      -2.936566780761302E-005
  0.253430146981253       0.182422412485461      -5.746540247472543E-002
  0.916239001220417       0.323910300208684      -0.580762261307634     
  0.558054322834307       0.843350443718406      -0.174783705283233     
 -0.450997270433103       0.265827879615617      -0.242922682173587     
   1.42094724540750      -0.570423811173073      -9.363547103277298E-003
  0.744283574333324       0.418339294252990       9.289862270510575E-003
  -1.69377704874470       0.860289197796176       0.417780812573271     
  -1.06068877913020       0.709101568307658       0.503700142666753     
  -1.95072062954651       0.784745097928196       0.487098117114293     
   1.69333320246728       0.744167781674620       2.175518030053149E-003
   2.06280155798988      -0.831812715781442       0.120525988342794     
   2.03255746587628       0.553312394636514      -0.894692731803989     
  0.853950457140718       0.534604429504880       0.457934760255286     
  0.740671338925303       0.809879982666243      -6.989702836230400E-004
  0.798973674838558       0.921133194758259       0.144361755076373     
 -0.302322268410295        1.59293689999925       0.459610186966378     
 -5.951099572614478E-002 -0.538252665155768      -0.355599564335027     
 -1.260625199294932E-002   1.47160467107835      -0.822615191205587     
   1.29132526846428       0.889411840468847      -3.591433177995619E-004
   1.78325958318628       0.739667326142723      -4.714099061165442E-002
   1.52893756281589       0.832672477392506       -1.05533774482140     
   1.11462336109662       0.975692042272746      -0.658096593632964     
 -6.584769643765477E-002   1.59729085100751      -5.759669416177592E-002
  0.673985512659086      -4.707106051906323E-002 -1.793915351292807E-002
  0.594594260148618       0.280014705209449       0.128429305801281     
 -0.957848720624616      -0.329482449546865       0.687089608252444     
   1.90581105822419       -1.00651109347783       0.182392137809212     
   1.19412219676418      -0.868658501637055       0.391095667616334     
   1.65088159199388       5.365818888809477E-003  1.476970256553176E-003
   1.55722933817100       0.979763486405485       3.937724863105808E-002
   1.44951783641680        1.23044027280193        1.87537347088737     
  -1.30503021146332       0.747265756885034      -0.221426551564394     
   1.35652480192402        1.38579341730823       -1.01140973873914     
  0.171724239246809       0.740508184596853      -1.137692864848381E-002
 -1.417195051652229E-002 -0.473535299275012      -0.240211217966672     
  0.569842023648926      -0.654506179108543       -1.06766328278000     
   2.16122941123387       0.121958160724686        1.82630909340705     
  0.969435228600237       0.145583697599306       0.281847884297642     
   1.69200334975693       0.777915440662677       7.138556852118644E-004
   1.42175383447876      -0.383891384557052      -0.120372970832519     
  -1.84792012174083        1.03328319099087      -0.354350089009015     
  -1.67654371262320       5.601872942352594E-002   2.72147058567463     
  0.694937520586992       5.120271450536762E-002  -1.01309589113828     
  -1.39707168780663       0.157770250364715       2.161641276026689E-003
 -0.299363279446084      -0.649805925866715      -0.433048851138692     
   1.16896879527000       -1.03676292643014      -0.538036993035730     
   2.22228103698297      -0.355074802565626        1.75165968314661     
  0.497275578189541        1.47612551499360        1.87749535609673     
   1.41063185715679       -1.30596498808055       7.097821365092703E-003
  0.755125950407759       0.415816118658910      -1.173667029479791E-002
   3.17071999875065        1.23204921002874      -0.390605161696906     
  0.147815732667168      -1.210140198028772E-002  -3.58360136644097     
 -0.487807762897726       0.725775768913193        1.89731210193358     
   2.01337132569690      -0.837446102622975       2.799845655205237E-004
  0.802894282289638      -0.511557457833034       3.827576633325102E-002
   1.26001963748535      -0.529019007075526        1.97778504491821     
 -0.209887526711673       0.556362497448564       -1.14686602752673     
   1.89896005401224       6.128772512986391E-002  -2.55556421818819     
   1.27596941665433        1.19748133184942       1.873001750702176E-003
 -0.985062511417830       -1.18871395005088      -0.406224028400839     
  0.781554099840210        1.61489854453769       -2.40570442423362     
 -0.633010419106552       0.449993475576810        1.96777813959511     
  -1.54812514493396       0.353273116753688      -0.615133848502161     
 -0.349587094531316      -0.582768857062256      -6.216550114596788E-003
  -1.42079973209811       0.636951911884091      -0.135214724657560     
  -1.93352527346538        1.05247635106783       0.104283572236283     
 -0.561111981701280        2.16338087998318        3.61726150092351     
 -0.530130988515903      -0.943844675957104        2.17562296131360     
   1.29564499963021       0.888435377924272      -1.598685925025574E-003
   5.19990689357443      -0.136664197589332       0.906489331549847     
   1.17559349264716      -7.607237418285370E-002   3.68286193328632     
   1.61007330338663      -0.856292422238277       -5.35403104214083     
   10.9388487502258       0.741231907676345       -11.2233524746089     
  0.345560347701945       -1.27419628402667      -4.274688172673918E-002
  0.800578898685475       -1.50067360659509       0.383455644517154     
  0.844900025323705      -9.296209449002042E-002  -1.00818321672217     
 -0.798937751511615        1.81003366393082       -6.70703100231049     
  0.551303353905270        1.12165138295559      -0.236956385916552     
   2.32937775873944       0.587830105728277      -5.300684374434475E-003
  -7.01259114878656       0.962594262788611        13.7393283872965     
  -7.53865892169054        2.85455033865441        7.68467356291863     
 -0.171239710092321        1.42244083739308       8.007325380406177E-002
 -0.345570304811031        1.12826802912920       0.122196714158013     
   4.59682793355363      -0.476120402742298        11.1893932858862     
   10.5087501062181       0.790847447166519        14.5130227244873     
  -7.06949345647482        2.74419725921666       -11.4904970093149     
  0.686571021180713       7.394127639606803E-002  3.692459707129850E-002
 -0.412317724692271      -0.289050824354080        3.79976909162064     
   4.37117145709933      -0.879887748381897       -5.09929884186164     
   1.48273127910417      -0.183255594083095      -0.789088469286378     
  0.473520126420377      -0.313814098685166       0.143785069346820     
 -0.113091351202816      -0.925646513987679       0.256453061596234     
  -1.75943430724363       0.635467927730797       -2.99930073126100     
  -1.64672832564809      -0.965224896592675       -4.59507119340280     
   4.17899832828609      -0.587015468755071        4.11432804989775     
  0.559083773534457       0.170133329283207      -8.716518956806883E-003
  0.528454401554734       0.267015407677461      -9.154444134779209E-002
  0.745763437450953      -0.369745353521023       -1.61114203934200     
 -0.756093915994850      -0.779036620372324        1.95641147546800     
 -0.777335677318277      -0.968695439607807      -0.572709108749060     
  -1.35441589981549       1.032645150080051E-002 -7.077823584918162E-002
 -0.775514366378738       -1.08334928101113      -3.397836424476441E-002
  -1.21325459654805      -0.267286536287033        2.04939918218744     
   1.79310923364179      -0.357037330651923        2.13775455767771     
 -0.262651867973174        1.08490680993823       -1.54717518826371     
   1.82159913055879      -0.587997869823898       3.584239533603277E-003
  0.354216875933330       0.187275068736802       1.054571743106420E-002
 -0.827513401746389        1.46791720769542       0.857878931191941     
  0.305703972603194       0.204111447703562      -0.178258538717625     
   1.47144357932594      -0.334225701029915       0.401707148945864     
  -1.40835451869982       0.592220044796539       3.726756035501156E-002
 -0.970210106696202      -0.412702984177472      -0.155584136144595     
 -0.232130549476275      -0.140890817881415       -1.90929819838295     
  9.078330927619477E-002  0.232302622803374       0.275426320086273     
  0.616059959691117       0.502749195648804        1.17374650096292     
   2.13485874702474      -0.458682557478904      -7.860776193664068E-004
   1.34563674615178      -0.641326652605480      -5.138144303023968E-002
 -7.396339810954797E-002  0.400408122890575      -0.252724124781409     
  0.344779773782302       0.725684984264938       0.725890544914889     
   1.79313423501395      -0.569767017744283       6.420860103156423E-004
  -1.34676028281901       8.435529534387959E-002 -2.345794398997743E-002
  -1.99101282432270       0.350445292524789      -0.111229687090525     
 -0.933208245128474        1.33677665536390       0.768169915531772     
  0.161419165512895      -0.277828748852031       0.833873264124047     
   1.85091303514968       -1.07514473313721      -0.155434390929336     
  0.774716483076024      -0.719188460926364       2.469153929444958E-003
 -0.258049387345743       0.602838601562161      -0.153145727965759     
  -1.20050482021130       0.634335772030772      -0.666311393905041     
 -0.484706455401996       0.288147835704523      -0.149575140819675     
  -1.41556917826709       0.164981132279187      -1.752307012257465E-002
 -0.982753976260424       0.103407669494056       3.871132352928438E-002
 -0.823044885896304      -6.079417973543024E-002  0.312553534078778     
  0.531874752080493      -0.106077815240902       0.242284476242304     
  0.611418590594402      -0.363335296214322       0.157922334917243     
  0.837818509623184      -0.750802757207245      -6.892625423092166E-004
  0.157448433853070       0.231023552106803      -0.103455307899517     
  0.741581455353614      -0.817932818229372      -6.397326815292929E-002
  -1.14414664692835       9.453555044265996E-002  0.693668239422831     
  0.222790988761719       0.856774537841932       1.590718970168506E-002
  -1.05079219110615       0.238331964875398      -1.082574071198539E-002
  -1.21724740716211       0.124255888248664      -5.701151534558858E-002
  0.363856186776917       0.866117558788078      -0.266569023702198     
   1.04441735811763      -0.339427235649224        1.57684722356868     
   1.29905734038706      -0.303590106783571      -0.274093511070794     
 -0.351497614403879       0.973629078780355       1.014771019949547E-003
   1.66444993731387      -0.522595436617016       8.849266986825584E-002
   1.44142805378638      -0.509636570248243      -0.126495489253850     
  0.184693797960377        1.11233518473512       -1.62715539120378     
  -1.05008354557365      -3.831843486574569E-002 -0.714806504112836     
  -1.17356244646102      -5.544565471075819E-002 -3.127137011281314E-002
 -0.951318450416235      -0.123717576585460       0.106278639143898     
 -0.863392716856355       8.556166361137116E-002  0.825979720679845     
  -2.00724177450017       0.283956543347912       0.120741661280222     
  0.782595921170769      -0.772192255911848       0.131272633347606     
  0.803058616178733      -0.680246348571880       1.156899408288857E-004
   1.06025832301932      -0.841417449916433      -0.232613303740425     
   1.01493672655296      -0.732661907655599       -1.13145253609201     
 -0.776032819861105        1.14493414273379        1.78905255458052     
  0.225471744545478       0.632033003367634       0.728354447582216     
 -0.159632854036320        1.36161625148852      -1.886684076167742E-002
 -0.144105222984808        1.40028898269631      -6.086515188593367E-002
 -3.619329104132651E-002 -0.215893185481885      -0.413555149597892     
  0.266946664959474      -0.241543289152078       0.983122143468063     
  0.317404146750740      -1.331377463114679E-002  0.674377907520380     
  0.335961663568518      -0.631752324398107      -1.858199219691453E-003
   1.64089166833259      -0.482783930555669       1.633227040537034E-002
   1.45148128732683      -0.441542218141297      -2.984083830581585E-002
  1.646457129464739E-002  0.862412758168924       -1.72843307272671     
  -1.29714364350317       9.566193151814591E-002 -0.246600826171123     
  0.112983060461584        1.33248990361938      -3.219858240582344E-002
  5.205348353258454E-002   1.33163840936753       0.143743750725700     
 -0.932415997815959       0.790451753825538       0.792624960176312     
 -0.963871475192554       0.145955905571833       1.189337851159235E-002
  0.757679903523858      -0.528575362051780      -5.723891275610274E-002
  0.856731454864526      -0.647593016708736      -1.700346642043490E-003
  0.853032377366590      -0.567720020393585      -0.287473671765026     
  0.200592662356710       0.540783197001642       -1.53209360637625     
 -0.874570252737507       0.526036177966875        1.88249973786688     
 -0.122415835177933        1.50210917408289       0.321801773689459     
  2.650632944487828E-002   1.28096640121967      -7.733678041384568E-003
 -3.416284965934783E-002   1.34577069393058      -3.325076509514108E-002
  -1.06919715777398       0.305388439103127       0.336679445969433     
  0.714677022336373      -0.163060109797189        1.79465709125604     
 -0.412615402332068        1.42386309479943       0.204032043849384     
  0.694901011212037      -0.451773212253865       3.455684283182536E-004
  0.991441146449095      -0.622790412450839       0.182096807788182     
 -0.319228096341781        1.12477239800474        1.15333807272173     
 -0.549742174651856        1.39991481889546       -2.63801964781517     
 -0.260661540895688        1.20077384475610      -0.736305852402556     
 -0.630665850062010        1.50233038110861      -2.006976407001939E-002
 -0.333218098084191        1.49574877842416       7.566203466959448E-002
 -0.690566339648473       0.219947102808834      -0.442437426384050     
  -1.92513703041103       0.935800097803860       0.138267451539479     
  0.812210656381949      -0.522846132598831       0.427521240610674     
  0.749068876541472      -0.741256427990303      -4.851244206491513E-003
  0.406415440663874      -0.336204242731624      -2.246579571891515E-002
 -0.149429490374572      -0.323591496868590      -0.371265785181258     
 -0.571022379890463        1.14260740222194        1.92826290397730     
 -0.480711124181411       0.908258530954844       6.510198082299751E-002
 -0.738643585955620       0.662703950374035      -3.286392153750923E-002
 -0.413137070575556       0.972139214925799      -1.464320377200733E-002
 -0.597678271870971       0.760906381036043      -0.199344135674732     
  -1.58444774973756      -0.256428626046391      -0.383527142926520     
 -8.043079090419902E-002 -0.675117638561670      -0.129996947878727     
  0.463467768452044      -0.258539250367519      -2.550620912554803E-003
 -0.228386244777512      -0.343520021226569       1.181071367443753E-002
 -6.730200145337602E-003 -0.449867245179758        1.59517086359852     
 -0.698844292505582       0.712633631561127      -0.329909300789873     
 -0.131956997609600       0.739604212529886      -0.194481075837218     
 -0.742471079936016       0.689116187371367      -1.384860219280246E-002
 -0.755475789640112       0.744132397877564      -6.311912744164161E-002
 -0.590880299976419       0.861792701751410      -0.815230570587233     
 -0.604737195576115       0.921953766092297       0.383372554403217     
   1.44180200229861      -6.072300935676883E-002 -0.244525204276588     
  0.540816092824268       4.224951968594823E-002 -4.271765248598863E-003
  0.563206609392584      -0.290924173704374       9.019904366515273E-002
  4.774044489311641E-002 -0.130714361465442       4.675471888027831E-002
   1.81802865372161       -4.10755365023191        1.39199174450107     
 -0.178456913958295       0.703647427664093      -0.194446854181831     
 -0.194857052102209       0.621407900590820      -2.043093065118503E-002
 -0.102362084365157       0.566574970748728       5.606817664942360E-002
 -0.223757024723268       0.903790652823364      -0.379365461895052     
  0.789046062033061       0.237245190800306       -2.39251397980888     
  3.515814331269784E-002 -0.272397938154580       0.526194828737501     
  0.596676362494028      -0.318842526072982      -2.808051854336512E-003
  0.698683395464359      -0.399207747810115      -5.196277328566969E-002
  0.365512518282574      -0.386915081436511      -0.983052934532106     
  -3.09034301955759      -0.134789403388171       -3.25388055681613     
 -0.881892069051840       0.172776975590122      -0.379564954252300     
 -0.357512378426098       0.602216030488220      -2.657683621897902E-002
 -0.277977720450556       0.616672420272796       0.158407263780321     
 -0.384137883514037       0.480197055827914        1.25879615969724     
  -2.87964664671103      -0.128149410445646        3.48242731580530     
  0.476469755057148       4.652560988030248E-003  0.435366271929118     
  0.598231267764497      -0.287577672385708      -4.228933219510697E-003
  0.886520236087924       0.168688134332962       6.685569865145813E-002
  4.232012860199474E-003   1.00680467977487       0.413764649382935     
 -1.150176766598776E-002  0.191381144394363      -0.559996904581367     
  0.215075321564046       0.149276608138391      -0.230921860079413     
 -0.296036818192347       0.250109437516934      -2.140597491107646E-002
 -0.209943812815490       6.458150513674350E-002 -4.020601903094546E-002
 -0.312839082329962       0.148630358057409       -1.16436578045920     
 -5.828177751502622E-002  0.207972085643639       0.504677218670849     
  0.577207551977947      -0.244796003075391        1.00213610531451     
  0.556892541119793      -0.185685255425767      -2.250924949830096E-003
  0.188751553092551       0.108233143143015      -0.296191184809593     
  0.492432686133756      -0.186521059026203       -1.78559928471324     
 -0.428972763822595       3.581931850650789E-002   1.10640423025737     
 -0.903391710710582       0.121173429099368       0.963618094062314     
 -0.472220262606954       0.313636424454699      -2.769955800511878E-002
 -0.676963342466820       0.301228050044315       9.858765338519423E-002
 -0.297089333484475       0.104091519507810        1.60920969037936     
  0.526347676307310       2.134941690169127E-002  0.896338762974102     
 -0.333786361637694      -0.194415096625710      -0.910737328225671     
  0.404973907436972       9.465966137264589E-002  2.129404532122713E-003
  0.323193250676615       5.680787503675398E-003   2.05149087280197     
  7.562010173416973E-009  5.703745544290080E-003  -1.20019929275459     
 -0.323193715632061       5.685976486357686E-003  -1.47908663514245     
 -0.476407293418595       4.374685128976273E-003 -8.141009636191876E-003
 -0.476407737823582      -7.676896131108311E-003 -0.214369834049977     
 -0.323193486339083      -8.455082512575065E-003  -2.98419579148401     
 -9.815960512464387E-006 -7.537665924430041E-003  0.596257902208844     
  0.323193296265621      -8.455037468806123E-003   1.68600817306156     
  0.476477099313364      -7.012170674808570E-003 -4.864595190908127E-003
