   2.16301114491004       0.105754567015412      -0.101115865443728     
   1.09824437510873        2.44355905761335      -0.822425292909746     
 -0.879975230169451       0.636958635745516      -0.374189764316121     
 -0.884763126973756       0.605855120261193       0.344378765388690     
  -1.29850558770720       8.820584638600107E-002 -3.998655567169977E-003
   1.53006446943818      -0.326197620627882       9.707485014141841E-002
   1.05492964089215        2.43749675958170       0.840427834744423     
   1.90457950591892       0.584871606734745       0.385457385714635     
  -1.88507288098862       0.783619335097059      -0.329884515657628     
   1.36404472974585      -0.611087226502976       6.640192392225260E-004
   1.13309967867846       0.129373003724707      -7.117926623101142E-003
   1.90315682804610      -0.778206214510159       0.122506124623142     
  0.639863713831130        1.10527269561312      -2.291466567351151E-002
  0.385188689259947       0.426279679540692      -0.147703601956453     
  0.593465252057052       0.445748266804376       1.592682988006959E-003
  -1.65947862177954       4.084932921273871E-002  9.114093548512550E-003
 -0.652363359490206       0.834706159930841      -0.124142644512732     
  0.928192452791207        1.15565512159522      -3.772363553655882E-003
   1.75557169467555      -0.343079273256442       0.148635394277348     
   2.07645479440972      -0.725580144367874      -1.816072649442902E-004
   1.39991246516543      -0.603257060876627      -4.289416849734294E-002
  0.601756638566873       0.759456250918797      -0.682298150675014     
 -0.971974095271167      -0.835254729751300      -0.848040330949241     
   1.29935077792140       7.309802891780373E-002  0.303710840409858     
  0.371632833499441       0.865978030705147      -5.385596357565629E-003
  0.359078958770747       0.745904147568429       7.829552347497787E-002
   1.43463309589320      -0.849968649692592       0.717134390976411     
  -1.01042173588507      -0.733191765413299       0.425657567152888     
   1.08092926560547       0.459481971516566      -0.232665524805369     
   1.38425999740032      -0.801648799759128       2.331962376989946E-003
   1.19811563991926      -0.442781956492137      -9.709411349308690E-002
   1.39238711834123      -0.730765073979045      -0.420037954681102     
   2.21698089508767       0.709805011408464       0.462405013555629     
  -1.13506192273405      -0.751618511104565       0.246118605995517     
 -0.692190150241581       0.792226347709546       3.348105446584251E-003
  0.635338682159275       0.517221441602588      -2.948834261334844E-002
 -0.859809703377889       0.711827788687413       0.159423228603229     
  0.465387847244896       0.338824908260617       0.253959836066454     
  0.481282603836383       0.490349563517150      -4.732005463124023E-002
  0.543603293580096       0.486287554873553      -7.958969424241831E-002
   1.23695055329677       9.139322285450098E-002 -1.920329399189159E-002
   1.57599864205705      -0.592814732464055      -0.807157513870964     
   1.74124782903736      -0.492677880795399       -1.17059089801001     
  0.557007406699090       0.774394603750001       0.138680809963404     
  0.494527466727257       0.924686984355645      -6.404776089252102E-003
  0.123261025651065        1.51924622202396       0.101993310967582     
   1.03550144252802       0.443760719639875       0.615615623551617     
  -1.42183342480399       -1.05401690235905       0.194136009619215     
  -1.29279037339089      -0.909296131239243       0.278436526353979     
  0.679399760863418        1.14385884833241       1.935524490193827E-003
   1.64140522529995      -0.730257118025884      -4.866020680091607E-002
   1.10552997451266        1.33622517367915      -0.105022271898516     
  -1.45212790416372       0.995109264539384       0.307035466455917     
   1.02111629774829      -0.845232158739585      -4.438331324921431E-003
   2.01434513303944       0.570423430481701       7.290671353185216E-002
  0.922934888501398       8.837871928885292E-002  0.379281909873352     
  0.330690119648779        1.64622441452717       0.125917125280527     
  0.926852551570529       0.721017473778945      -0.591098772031691     
  0.595125875210012       0.123695071771222      -2.936566780761302E-005
  0.409906113912424       0.457758344045193      -5.746540247472543E-002
   1.01190284694664       0.521280872450430      -0.580762261307634     
  0.391472313851108       0.813034299394442      -0.174783705283233     
 -0.878963102040688      -0.142853402145858      -0.242922682173587     
  0.875357239934743      -0.562551950735560      -9.363547103277298E-003
  0.639844364393741       0.562441528999624       9.289862270510575E-003
  -1.85759311827002       0.829595743435386       0.417780812573271     
 -0.596211353426051        1.00446451576839       0.503700142666753     
  -1.82072108324553       0.644334368605151       0.487098117114293     
   1.22067055877061        1.11780545268351       2.175518030053149E-003
   1.71000715018795      -0.685769899583353       0.120525988342794     
   2.09871788911305       0.977998730544099      -0.894692731803989     
   1.02518165900843       0.499110615464237       0.457934760255286     
  0.491122126894850       0.883010471074610      -6.989702836230400E-004
  0.630660882821408       0.903359874836284       0.144361755076373     
 -0.446328216292136        1.57335687169913       0.459610186966378     
  -1.09665053027180      -0.797483658806869      -0.355599564335027     
 -0.278931112961117        1.13614996601165      -0.822615191205587     
   1.00207335188343        1.07332744970691      -3.591433177995619E-004
   1.43013508115368        1.05281970863506      -4.714099061165442E-002
   1.19898512253062        1.00616441880379       -1.05533774482140     
  0.868867887058124        1.08017792913707      -0.658096593632964     
 -0.399767702205837        1.25901476459215      -5.759669416177592E-002
   1.00862899684650      -2.210448662042752E-002 -1.793915351292807E-002
   1.01992365208528      -0.189515125178061       0.128429305801281     
  -1.40114900122360      -5.508223067001965E-002  0.687089608252444     
   1.24119032581706      -0.598450562137005       0.182392137809212     
  0.769195411267433      -0.863416672817098       0.391095667616334     
   1.85930868393742       0.706146188296984       1.476970256553176E-003
   1.03934185462307        1.06880589206585       3.937724863105808E-002
   1.27422760365186        1.37313060314709        1.87537347088737     
  -1.21302829473467        1.00100449925585      -0.221426551564394     
   1.41546834919923        1.43632058502740       -1.01140973873914     
 -8.061182815446295E-002  0.993587777035364      -1.137692864848381E-002
  -1.03519796979298      -0.765304716079231      -0.240211217966672     
  0.327553365072650      -0.760873409104274       -1.06766328278000     
   2.02190818027590       0.853645170625364        1.82630909340705     
   1.16911647623993       0.163987432587936       0.281847884297642     
   1.13000863450108        1.11330477772222       7.138556852118644E-004
  0.584916834613324      -0.243117588572269      -0.120372970832519     
  -1.80966424347629       0.899129886723996      -0.354350089009015     
  -1.35948255091998       0.351951925441686        2.72147058567463     
   1.09924213676189      -0.114385967012759       -1.01309589113828     
 -0.924028688918891       0.523343734879825       2.161641276026689E-003
  -1.08346361028248       -1.01096307941560      -0.433048851138692     
  0.831257526464266       -1.04932914846996      -0.538036993035730     
   2.05802849249586      -0.169032704685276        1.75165968314661     
  0.231668750312925        1.28914127799598        1.87749535609673     
   1.13396275383358       -1.09097313166453       7.097821365092703E-003
  0.636886231850047       0.566483827603141      -1.173667029479791E-002
   3.11594795443746        1.44444478142104      -0.390605161696906     
  0.252821820917939       9.728071606996098E-002  -3.58360136644097     
 -0.286180118534394      -0.198706127307053        1.89731210193358     
   1.42166672780579      -0.604032835855691       2.799845655205237E-004
  0.834762653168567       3.826936112509389E-002  3.827576633325102E-002
  0.658306198264260      -0.134886889215798        1.97778504491821     
 -0.232398747501235      -0.495149747796450       -1.14686602752673     
   1.68964870036796       0.700514794336538       -2.55556421818819     
   1.10729203923437        1.59913579263552       1.873001750702176E-003
  -1.54754131497475      -0.389338687204345      -0.406224028400839     
  0.521657358805836        1.46866825381118       -2.40570442423362     
 -0.814780656419899       3.435698214538900E-002   1.96777813959511     
  -1.09058008045666       0.755851548193392      -0.615133848502161     
  -1.14915342388305       -1.06129842812851      -6.216550114596788E-003
  -1.60117986577013       0.908405269702196      -0.135214724657560     
  -1.75803358536096       0.803842260905186       0.104283572236283     
  -1.48357132146435        2.07453419293315        3.61726150092351     
  -1.25335546915083      -0.643146005959616        2.17562296131360     
   1.01003752979684        1.05659776709179      -1.598685925025574E-003
   4.76587610252611      -0.757414526376841       0.906489331549847     
   1.64179255157454      -0.107677617813811        3.68286193328632     
   1.65392350431802       0.329998476330508       -5.35403104214083     
   9.68152922924560      -0.669172865417605       -11.2233524746089     
  2.636369209362029E-002  -1.36819661700604      -4.274688172673918E-002
  0.516054161371370       -1.51424263927446       0.383455644517154     
   1.85666266412114      -5.355020179820697E-002  -1.00818321672217     
  -1.29702317865943        1.76496515609266       -6.70703100231049     
  8.076829648087686E-002   1.33668915304344      -0.236956385916552     
   2.35780634250494       0.912393281561276      -5.300684374434475E-003
  -7.16815761363347       0.897644748847979        13.7393283872965     
  -7.30789259098230        1.89947001593797        7.68467356291863     
 -0.209682178016412       0.623764422376308       8.007325380406177E-002
 -9.125158300325166E-002  0.383213573676220       0.122196714158013     
   4.18413315761827      -0.304841629412419        11.1893932858862     
   9.47499103487453      -0.329275593809389        14.5130227244873     
  -6.84925766744800        1.98873290829508       -11.4904970093149     
   1.15110981596913       7.242921308075004E-002  3.692459707129850E-002
 -0.746801813149802      -0.730243668692685        3.79976909162064     
   3.47391822755106       0.131923300027161       -5.09929884186164     
   1.27156807249353      -0.127980099181490      -0.789088469286378     
  0.476132035961301       6.725509831542109E-002  0.143785069346820     
  0.249920664031343      -0.450634751273777       0.256453061596234     
  -1.43425018252290       0.725867195466471       -2.99930073126100     
  -2.09427414011563      -0.675481023918072       -4.59507119340280     
   3.54999841707098       0.359994773521224        4.11432804989775     
  0.890416669721794       1.271283797714279E-002 -8.716518956806883E-003
  0.707908747374570       0.374902838455200      -9.154444134779209E-002
  0.826451002478664       0.331318523050046       -1.61114203934200     
  -1.07387418117186      -0.358236172892253        1.95641147546800     
  -1.23677819854621      -0.178831134501361      -0.572709108749060     
  -1.39394190548849       8.277150108480368E-002 -7.077823584918162E-002
  -1.14777718976461      -0.215629712302826      -3.397836424476441E-002
  -1.59466373812713       0.250978414205773        2.04939918218744     
   1.48542907185838      -0.470169897806959        2.13775455767771     
  0.106081693105674       0.533232728932418       -1.54717518826371     
   1.07673453681329      -0.499551772055814       3.584239533603277E-003
  0.634689506354103       0.306416320006320       1.054571743106420E-002
  0.126545403555272       0.446121354347280       0.857878931191941     
  0.345318309125364       0.467393472492551      -0.178258538717625     
   1.09898897023796      -0.371397308688612       0.401707148945864     
  -1.49890110465058       0.910392539794445       3.726756035501156E-002
  -1.68824872014444       0.155895145731981      -0.155584136144595     
  0.234359029178053      -0.254987797711077       -1.90929819838295     
  1.317069680354516E-002 -0.370217497877607       0.275426320086273     
  0.786947435489295       0.609428974344658        1.17374650096292     
   1.10233984264270      -0.660544073874133      -7.860776193664068E-004
  0.835732599547227      -0.588910291108308      -5.138144303023968E-002
 -5.416023393866773E-002 -0.289683321703458      -0.252724124781409     
  0.147416127034554       0.798878599490654       0.725890544914889     
   1.05499005287625      -0.487159385301142       6.420860103156423E-004
  -1.01345551162738       0.456597583484351      -2.345794398997743E-002
  -1.16374458598168       0.448113306805563      -0.111229687090525     
 -0.427028712454557       0.833083718796362       0.768169915531772     
  5.918286046593924E-002 -0.248685107523893       0.833873264124047     
   1.32287133497178      -0.727127087145171      -0.155434390929336     
  0.537059516390547      -0.525415550942970       2.469153929444958E-003
  0.115384522795260      -0.482417876761725      -0.153145727965759     
 -7.640682645519371E-002  0.621760275755550      -0.666311393905041     
 -0.956661045998151       0.132905788487156      -0.149575140819675     
  -1.03419647182647       0.434789804190767      -1.752307012257465E-002
  -1.07198878526953       0.366152547199679       3.871132352928438E-002
 -0.989589809703139       0.234300237149706       0.312553534078778     
  0.373887833732066       0.342095344949520       0.242284476242304     
  0.444233569514750      -0.169989082109147       0.157922334917243     
  0.645155326693482      -0.574796807605411      -6.892625423092166E-004
  0.181124001354391      -0.401515388539211      -0.103455307899517     
  0.579981825559930      -0.532013382390827      -6.397326815292929E-002
 -0.880001919739602       0.437361913213150       0.693668239422831     
 -0.212635476003689       0.553167614882377       1.590718970168506E-002
 -0.839717379143357       0.576549991103085      -1.082574071198539E-002
 -0.840849703205655       0.562084516846480      -5.701151534558858E-002
  0.246560258971431       0.791548651206450      -0.266569023702198     
  0.924206153695217      -0.200567439326659        1.57684722356868     
  0.647953302257220      -0.314628584051347      -0.274093511070794     
 -6.495804834259299E-002 -0.132881319010110       1.014771019949547E-003
  0.947605421634161      -0.535105669598053       8.849266986825584E-002
  0.794298339028124      -0.527631466096574      -0.126495489253850     
 -0.203473014258618       0.754094334813002       -1.62715539120378     
  -1.08813433551970       0.238027309748352      -0.714806504112836     
  -1.04595097143464       0.291839164820869      -3.127137011281314E-002
  -1.02981206749257       0.350202653557507       0.106278639143898     
 -0.871030050313290       0.161866928996956       0.825979720679845     
  -1.22578532815504       0.483698610196051       0.120741661280222     
  0.551200912335812      -0.472185137458899       0.131272633347606     
  0.533975196585981      -0.547922958617419       1.156899408288857E-004
  0.604140196099446      -0.483972786188484      -0.232613303740425     
  0.497291611311380      -0.141414235979461       -1.13145253609201     
 -0.529927663999875       0.560953479121422        1.78905255458052     
 -5.732491404773667E-002  0.353485132899934       0.728354447582216     
 -0.428715186790810       0.385358962241461      -1.886684076167742E-002
 -0.526957881808558       0.489502702207340      -6.086515188593367E-002
  0.387238755949313       0.233676395454158      -0.413555149597892     
  0.749609597635462       0.137862574053265       0.983122143468063     
  0.120779190128184       0.423101941761934       0.674377907520380     
  0.209896765100100      -0.444241446456445      -1.858199219691453E-003
  0.951040675395602      -0.435188702917004       1.633227040537034E-002
  0.615265172226541      -0.365104583063711      -2.984083830581585E-002
 -0.175239159352353       0.455275652701105       -1.72843307272671     
 -0.779664723464777       0.535015300469154      -0.246600826171123     
 -0.343176339192604       0.351856045939653      -3.219858240582344E-002
 -0.371850888473717       0.368975426911864       0.143743750725700     
 -0.124055887558863       0.589782572530765       0.792624960176312     
 -0.909727816094216       0.324604445199212       1.189337851159235E-002
  0.502733579153882      -0.305961824089489      -5.723891275610274E-002
  0.526412791321683      -0.450379281978530      -1.700346642043490E-003
  0.472432448102311      -0.200061417925125      -0.287473671765026     
  3.958222537080271E-002 -4.439165332030542E-002  -1.53209360637625     
 -0.695779413182373       0.383027694394624        1.88249973786688     
 -0.314358157112425       0.425448144382620       0.321801773689459     
 -0.332873951026294       0.405631652468671      -7.733678041384568E-003
 -0.325248242104393       0.342733783409547      -3.325076509514108E-002
 -0.211293526466510       0.248750569879462       0.336679445969433     
  0.972208873974706       0.267214273286803        1.79465709125604     
 -0.472708722916053       0.211097781923620       0.204032043849384     
  0.511699304708076      -0.198331144408993       3.455684283182536E-004
  0.406075004567944      -0.122085188159690       0.182096807788182     
  9.428983753957546E-002 -0.153301585271639        1.15333807272173     
 -0.184040841386118       0.278104893866453       -2.63801964781517     
 -6.423251053644174E-002  0.203172168300167      -0.736305852402556     
 -0.458691232696211       0.227655685039298      -2.006976407001939E-002
 -0.471810470110610       0.211343626949763       7.566203466959448E-002
 -0.761349290882621       0.199289755512063      -0.442437426384050     
  -1.56747190915515       0.263087720060588       0.138267451539479     
  0.928229050624068      -0.159289389231671       0.427521240610674     
  0.531535923950484      -0.144432323534338      -4.851244206491513E-003
  0.476475857043466       4.612654562843399E-003 -2.246579571891515E-002
  0.323193366956704       5.643049696849695E-003 -0.371265785181258     
  1.221927531144662E-010  5.782749893625461E-003   1.92826290397730     
 -0.323192122542446       5.681347584251693E-003  6.510198082299751E-002
 -0.476408234799337       4.404982807621181E-003 -3.286392153750923E-002
 -0.476407855319688      -7.686805420609251E-003 -1.464320377200733E-002
 -0.323193367543669      -1.034857464836987E-002 -0.199344135674732     
  1.695256026660144E-006  1.313260490175446E-002 -0.383527142926520     
  0.323193366769116      -8.449014541983704E-003 -0.129996947878727     
  0.476477113400930      -7.598294560202879E-003 -2.550620912554803E-003
