   1.94223013137664      -0.309199634430308      -0.101115865443728     
 -7.625455518553673E-002   4.13757339245447      -0.822425292909746     
  -2.27794778978346       0.687052137209543      -0.374189764316121     
  -2.26921808293815      -0.588874523146002       0.344378765388690     
  -1.31313066985266        1.53724980588077      -3.998655567169977E-003
   3.09761586878914       -1.28851846037510       9.707485014141841E-002
 -7.300802783010822E-002   4.09595307679639       0.840427834744423     
   2.12274407530768      -9.251214386649899E-002  0.385457385714635     
 -0.960917421868841      -0.728209114047197      -0.329884515657628     
   2.14100249519374       -1.32000528955019       6.640192392225260E-004
  -1.17662845933149        1.71595420514155      -7.117926623101142E-003
   3.19391772956829       -1.65098845681863       0.122506124623142     
   1.15880817556686       0.615858687933863      -2.291466567351151E-002
 -0.183803174864717       0.890062739919939      -0.147703601956453     
  -1.24294899794505        1.74982455181683       1.592682988006959E-003
  -1.27616086340738        1.56203517297614       9.114093548512550E-003
 -0.663211898049753       0.388649645406180      -0.124142644512732     
   1.56963803520337       0.289458516191883      -3.772363553655882E-003
   3.34343023779245       -1.09188621823065       0.148635394277348     
   3.30121799388030       -1.28459567899128      -1.816072649442902E-004
   2.12687117648696       -1.38542636418124      -4.289416849734294E-002
 -0.188402079940815        1.38003191246844      -0.682298150675014     
  0.744790540972145      -0.581068191287556      -0.848040330949241     
  0.346886559826290      -0.427633758944257       0.303710840409858     
 -0.165747520755071        1.21278885147598      -5.385596357565629E-003
 -0.587549745248813        1.53112189142870       7.829552347497787E-002
   1.83155462773337      -0.711223672824112       0.717134390976411     
  0.895527174269539      -0.627879167657798       0.425657567152888     
  -1.22581528448525        1.63385417581278      -0.232665524805369     
   1.64853078166673      -0.929045857905256       2.331962376989946E-003
   3.08417026865428       -1.77527132721309      -9.709411349308690E-002
   1.86041261518311      -0.874629762068495      -0.420037954681102     
   2.57789399342691      -0.851556196507993       0.462405013555629     
  0.846321259146983      -0.123801809978507       0.246118605995517     
 -0.404731306641014       0.824149574568747       3.348105446584251E-003
  0.965517608496383       0.339294110402405      -2.948834261334844E-002
  -1.30803152949616        1.47793304927761       0.159423228603229     
  -1.16694023835876        1.99481040561819       0.253959836066454     
  0.628911754203393       -1.05292112949469      -4.732005463124023E-002
 -0.514631671945055       -1.48536022037443      -7.958969424241831E-002
 -0.273176089414902      -0.459430770215729      -1.920329399189159E-002
   1.05794245130890      -7.274657293981052E-002 -0.807157513870964     
   3.61624426980620      -0.584774879435707       -1.17059089801001     
   1.25498842866660       0.485062360680354       0.138680809963404     
   1.08624215494472       0.354806823755722      -6.404776089252102E-003
  0.962526251974490       0.867677825347717       0.101993310967582     
 -0.352237696587398        1.19719406450937       0.615615623551617     
  0.304469542546096       -1.76637568548070       0.194136009619215     
  -1.03522663200987        1.77472180089471       0.278436526353979     
   1.17777058987321       0.580297923145299       1.935524490193827E-003
   2.10639398141644       -1.21617190675657      -4.866020680091607E-002
   2.24889407175645       0.564810555797412      -0.105022271898516     
  -2.21172607199973      -6.385127597214746E-002  0.307035466455917     
   2.87009122727786       -1.37575156615756      -4.438331324921431E-003
   2.03756278396111      -0.171968666261931       7.290671353185216E-002
  -1.30783943115016        1.41644368183811       0.379281909873352     
   1.37377071646416        1.08255908844446       0.125917125280527     
  0.932141683427359       0.533111647694378      -0.591098772031691     
   1.14666031099398      -0.187847458140062      -2.936566780761302E-005
 -0.742352829208224        1.88438448029005      -5.746540247472543E-002
 -0.320653023498359        1.19217853223910      -0.580762261307634     
  3.109956275994439E-002   1.16405774011981      -0.174783705283233     
 -0.679380829087533        1.40953950724984      -0.242922682173587     
   1.56876999107943      -0.232895689030787      -9.363547103277298E-003
  0.923045625070580       0.278028548508613       9.289862270510575E-003
  -1.28842859230773      -0.780651515773234       0.417780812573271     
  -2.15213613314613      -0.406587822292137       0.503700142666753     
 -0.646289812746245       0.378234472701237       0.487098117114293     
   2.26897719436347       0.178277093775907       2.175518030053149E-003
   2.14467860681606       -1.52003650157957       0.120525988342794     
   2.28253090598692      -0.150470616938564      -0.894692731803989     
  0.269784741476845       0.957812616375647       0.457934760255286     
  0.938234927517195       0.332566565616889      -6.989702836230400E-004
  0.900209824235597       0.299709854776476       0.144361755076373     
   1.36734610232420        1.71872716262476       0.459610186966378     
  0.801457507517930      -8.087337101058525E-002 -0.355599564335027     
   1.11597952763153        1.06266089574332      -0.822615191205587     
   1.30771732142418       0.215270855460427      -3.591433177995619E-004
   2.19811746207770       2.986130517435548E-002 -4.714099061165442E-002
   2.23934881093001       0.885930458577797       -1.05533774482140     
  0.296491588436573        1.95028381423652      -0.658096593632964     
  0.228913560327488        1.76748573548272      -5.759669416177592E-002
  0.997658007754762        1.46860716340969      -1.793915351292807E-002
 -1.462849617605234E-002  0.744222438881107       0.128429305801281     
 -0.614875135429476        1.31653092710063       0.687089608252444     
   1.83038916955171       -1.04547020373511       0.182392137809212     
   1.67181071298228      -0.286389628484457       0.391095667616334     
   2.64459676396891      -0.939984015508963       1.476970256553176E-003
   2.21064197614954       0.631327082370080       3.937724863105808E-002
   2.11245793146436       0.401397499033003        1.87537347088737     
  -1.94370078297315      -0.499566029588765      -0.221426551564394     
   1.44638844081618       0.309343773023892       -1.01140973873914     
 -0.444779334463471        1.34035839082665      -1.137692864848381E-002
   1.01576097262721       1.761062585703136E-002 -0.240211217966672     
  0.227772995026497       0.158293019801125       -1.06766328278000     
   2.69754825119263       -1.85611898298346        1.82630909340705     
 -0.847538146642140       0.971612738190883      -0.272274709394550     
   2.25171628318006       0.159969325735557       7.138556852118644E-004
 -0.378913616804805      -0.772663485979405      -0.120372970832519     
  -1.39523541713333       0.607404497672340      -0.354350089009015     
  -1.08141303140712      -0.517595263621440        2.72147058567463     
  -1.64928158468502        1.28645946592734       -1.01309589113828     
  -2.44964163243265       0.239770936802543       2.161641276026689E-003
  0.546844840254419      -0.367715699334053      -0.433048851138692     
   1.66526954450058      -0.546687690635441      -0.538036993035730     
   3.48425716159991      -0.544252856413924        1.75165968314661     
   1.11563570269440        2.14504861813419        1.87749535609673     
   1.60095379807643      -0.960478713562234       7.097821365092703E-003
  0.920477916000363       0.272793708750632      -1.173667029479791E-002
   3.25362322213476       0.906548363241676      -0.390605161696906     
 -0.917197230754464        1.70586898824529       -3.58360136644097     
  0.978983383166885        1.34161832441084        1.89731210193358     
   2.16963987769581       -1.61390380107115       2.799845655205237E-004
  6.444047833042425E-002  0.696119776702029       3.827576633325102E-002
   1.39156214843448      -0.496322028977475        1.97778504491821     
 -0.831368134174588        2.83099096940059       -1.14686602752673     
   2.38061180217832      -0.921123392604404       -2.55556421818819     
   1.83861848477864        1.12135147598639       1.873001750702176E-003
  0.169996483393610       -1.69011687417502      -0.406224028400839     
   1.33134461484436        2.06164501863748       -2.40570442423362     
  -1.34322345804528        2.13422418985530        1.96777813959511     
  -1.21986629510817      -0.751402952309458      -0.615133848502161     
  4.115444869607278E-002 -0.809410625567865      -6.216550114596788E-003
  -2.36248509828547       0.516449853649181      -0.135214724657560     
  -1.49050774295526       0.722491606291346       0.104283572236283     
  0.649035518614452        1.63739984660940        3.61726150092351     
 -0.167344853965132       -1.04010746370900        2.17562296131360     
   1.51522187896808       0.333444324224696      -1.598685925025574E-003
   4.57855640753851       0.403133567948097       0.906489331549847     
   1.40253987399422       0.756416747834946        3.68286193328632     
   2.41433310419940       -1.60868327903900       -5.35403104214083     
   9.92954860727127        3.27435442572557       -11.2233524746089     
   1.11439924877186      -0.886109324014654      -4.274688172673918E-002
   1.39470988388707       -1.16888463233494       0.383455644517154     
 -0.283827657923954        1.48352305409346       -1.00818321672217     
 -0.460090848581710        2.29775949969624       -6.70703100231049     
  0.876086929274818       0.548275712659013      -0.236956385916552     
   2.52785671480915      -0.565394056540077      -5.300684374434475E-003
  -6.65740875455569       0.831284546777570        13.7393283872965     
  -5.76354392993813        3.82929660743898        7.68467356291863     
  0.609999875638334        1.98555777656860       8.007325380406177E-002
  -1.07740588376041        2.50476323445739       0.122196714158013     
   5.08347358345816      -0.220442547152123        11.1893932858862     
   9.84356733904878        2.81104252722149        14.5130227244873     
  -5.95353483456294        3.39762818167742       -11.4904970093149     
 -2.615980706680582E-002 -0.452542323311599       3.692459707129850E-002
  -1.22363159349606        1.07078529439760        3.79976909162064     
   5.36834090809993        1.32054404199676       -5.09929884186164     
   1.59320260345474       9.479185151352934E-002 -0.789088469286378     
  0.748325112162583      -0.377564385983763       0.143785069346820     
   1.08246413026988      -0.530983524771094       0.256453061596234     
  -2.41019555993877       0.416542720544711       -2.99930073126100     
 -0.567685530733799       -1.24012356335837       -4.59507119340280     
   5.30595141734144        1.48417954002597        4.11432804989775     
  0.119833940551144      -0.270642161720954      -8.716518956806883E-003
 -0.207487252090381        1.27272212529103      -9.154444134779209E-002
   1.29014114862587      -0.372699884778544       -1.61114203934200     
  0.313965045099251      -0.723529750080839        1.95641147546800     
  9.389254380003120E-002 -0.434071062195752      -0.572709108749060     
 -0.472145281163472       0.183149367243360      -7.077823584918162E-002
  0.641276058262986      -0.825614333741254      -3.397836424476441E-002
  -1.38371941433517        1.19736941851855        2.04939918218744     
   2.95191783874979       -1.56479582407580        2.13775455767771     
   1.07535918425947        1.53191312770549       -1.54717518826371     
   3.12636314460146       -1.30509144555675       3.584239533603277E-003
 -0.575937247507140        1.80924111187787       1.054571743106420E-002
  -1.05995056983389        2.34647567973907       0.857878931191941     
  -2.08101500106823      -0.677819414946445      -0.178258538717625     
   1.75008975411484      -0.378269355644615       0.401707148945864     
  -2.52507333544021       0.441177218118469       3.726756035501156E-002
  -1.19270326025257        1.80597479940760      -0.155584136144595     
 -0.444840429467734       0.751464207472174       -1.90929819838295     
  -1.28491568847441        1.63922754862716       0.275426320086273     
 -0.297292583306096       0.756331623812352        1.17374650096292     
   3.58005068184828      -0.477089196826902      -7.860776193664068E-004
   2.10266033143801      -0.603134291868555      -5.138144303023968E-002
 -0.299969417801645        1.16218139417124      -0.252724124781409     
 -0.274233530491826        1.38728433623300       0.725890544914889     
   3.06831095776846       -1.25199112627005       6.420860103156423E-004
  -1.00233274829129       0.923604398837243      -2.345794398997743E-002
  -2.55563039716881       0.549346537082174      -0.111229687090525     
  -1.43535895148705        1.14547260706045       0.768169915531772     
  0.827204899566647      -0.204985981443971       0.833873264124047     
   1.77130614933615       -1.01991440520947      -0.155434390929336     
   1.02340553971263      -1.678817464250296E-002  2.469153929444958E-003
   1.37242011183746        1.61001794552642      -0.153145727965759     
  6.870360769046857E-002 -0.351080578610642      -0.666311393905041     
  -1.16341529520364        1.96367643669168      -0.149575140819675     
  -2.58011515841672       0.315619340580558      -1.752307012257465E-002
  -1.22261570898190        1.70453428327246       3.871132352928438E-002
  -1.09669439095317      -0.273407332359519       0.312553534078778     
  0.157836391753175       0.515583903355474       0.242284476242304     
  0.301223562712832        1.08943662891699       0.157922334917243     
   1.23456689100419       3.426753659608474E-002 -6.892625423092166E-004
  0.674308769567281       -1.18355319411102      -0.103455307899517     
   1.13391364899992      -0.184441050440180      -6.397326815292929E-002
 -0.249076869988312        1.18341471784292       0.693668239422831     
  -1.36432479736946       0.873678188397632       1.590718970168506E-002
 -0.474602142093138       9.981887969512816E-002 -1.082574071198539E-002
 -0.434937151670626        1.25666416714156      -5.701151534558858E-002
 -0.853670965810213        1.54520196507808      -0.266569023702198     
   2.12905391231433      -0.265806538393058        1.57684722356868     
   1.06736879990812       0.398169146502345      -0.274093511070794     
  0.117178237163872        1.93008808670181       1.014771019949547E-003
   3.00258819794469       -1.26068174044035       8.849266986825584E-002
  0.282832276028990       0.376622819533681      -0.126495489253850     
  0.557871532298464       0.941220964494374       -1.62715539120378     
  -1.21850511828896        2.27795159561065      -0.714806504112836     
 -0.610355762431492        1.17522984970670      -3.127137011281314E-002
 -0.512927278968060        1.30785977948362       0.106278639143898     
  -1.81819186321390      -0.571279497802695       0.825979720679845     
  -1.96826875245226      -0.437322585316798       0.120741661280222     
   1.13083281816584       1.474316430934881E-002  0.131272633347606     
  0.587945370539343      -0.117938474914988       1.156899408288857E-004
   2.22894978126208      -2.569964073812531E-002 -0.232613303740425     
   2.11307664560350      -0.402367373714031       -1.13145253609201     
 -0.763038350685670        2.67701930302852        1.78905255458052     
  0.128595928521027      -0.584677270559067       0.728354447582216     
  0.302107244625757        1.74083877088862      -1.886684076167742E-002
  0.289422453967676        1.81716484518932      -6.086515188593367E-002
 -0.360734607933852      -0.297521441503054      -0.413555149597892     
   2.11822068312980       0.974343229048312       0.983122143468063     
   1.87759603487201       -1.38769202434380       0.674377907520380     
  0.668665198290791      -0.391278268385763      -1.858199219691453E-003
   3.07465771932019       -1.21798978169645       1.633227040537034E-002
   1.88817374169402      -0.206654043006919      -2.984083830581585E-002
  1.289053051368351E-002   1.32818296777739       -1.72843307272671     
 -0.961995521567607       0.920740242773457      -0.246600826171123     
  0.841245033122777       0.822782805142014      -3.219858240582344E-002
  0.785475528234651       0.819250208799073       0.143743750725700     
  -1.55691623398818      -0.527879980163143       0.792624960176312     
 -0.844843075095404      -0.421751333163342       1.189337851159235E-002
   1.03509364214867       5.984977324479648E-002 -5.723891275610274E-002
   1.19443638932833      -0.193179110317771      -1.700346642043490E-003
   1.84864620430073      -0.179038565165536      -0.287473671765026     
 -0.524914317174994        1.21233010612277       -1.53209360637625     
 -0.828924712317048        1.95285471463784        1.88249973786688     
  0.373240153210439        1.93367657934482       0.321801773689459     
  0.752067361197628       0.891087031047584      -7.733678041384568E-003
  0.712141073229061        1.00767346515389      -3.325076509514108E-002
  -1.77047171267676      -0.873982006088392       0.336679445969433     
 -0.658312283018563        1.34013147630384        1.79465709125604     
 -0.716576965875168        2.79154950599597       0.204032043849384     
   1.36619429864252      -0.227396506721980       3.455684283182536E-004
   2.19890460915015      -0.622633357603806       0.182096807788182     
   1.18308994863704        1.80943180186334        1.15333807272173     
  -1.67981744808842        2.34585562072409       -2.63801964781517     
  0.464430579006660        1.92530666159391      -0.736305852402556     
  -1.63827593436615        1.78627028838048      -2.006976407001939E-002
  0.806830476411146        1.01133969149798       7.566203466959448E-002
  -2.20774948782862      -0.344467349963957      -0.442437426384050     
  -1.47599682371463       0.644460234613636       0.138267451539479     
   1.05928945802513      -0.319564571662811       0.427521240610674     
  0.893021633171909      -4.961691836201747E-002 -4.851244206491513E-003
  0.261011932771484       0.354677024446973      -2.246579571891515E-002
  7.851893425894657E-002 -0.429409854790261      -0.371265785181258     
  -1.86950903549002        2.27273408036113        1.92826290397730     
 -0.836980229027091        2.47224177896059       6.510198082299751E-002
  -1.99146367574061        2.14654884705893      -3.286392153750923E-002
  -1.61812361149460        1.72497006579121      -1.464320377200733E-002
 -0.703877159490625        2.80641806222133      -0.199344135674732     
 -0.120432250533478      -0.458654835377729      -0.383527142926520     
   1.06174617774952      -0.464325713228394      -0.129996947878727     
  -1.03485783868236        1.46471081806057      -2.550620912554803E-003
  -1.90417975162895        1.11671653920373       1.181071367443753E-002
 -0.349812858281066        1.04920220310550        1.59517086359852     
  -1.23172359217068        1.85475962745594      -0.329909300789873     
  0.120174895757417        1.12202016456273      -0.194481075837218     
 -0.272654282464057        1.64210327758863      -1.384860219280246E-002
  -1.11519578465876        2.49130816339328      -6.311912744164161E-002
 -0.552173896350042        1.64667346010080      -0.815230570587233     
 -0.518901454671469        2.72747406854396       0.383372554403217     
   1.23735216006515      -0.565819853042192      -0.244525204276588     
  -1.41079893138819        1.51560609542169      -4.271765248598863E-003
   1.47934498339776      -0.277763166394034       9.019904366515273E-002
  0.225795626645876       0.614682682517719       4.675471888027831E-002
   2.67879286173434       -4.12496550747656        1.39199174450107     
  0.530943451359893        1.23718793132518      -0.194446854181831     
 -0.633768768749014        1.46635285850663      -2.043093065118503E-002
 -0.625617764592769        1.36712327564483       5.606817664942360E-002
  -2.09183273927201        1.92160847342061      -0.379365461895052     
 -9.521285872645063E-002 -0.672331159231755       -2.39251397980888     
 -0.349826356385792       -1.30887951624737       0.526194828737501     
  0.742194381131662      -0.475520906988932      -2.808051854336512E-003
   1.48053980388004      -0.332295564402688      -5.196277328566969E-002
  0.196576699902162      -0.217565568035403      -0.983052934532106     
  -1.92627006122627       -1.68671971096218       -3.25388055681613     
  -1.81165226719271      -0.781305506244370      -0.379564954252300     
 -0.438455793456012        2.84773441822875      -2.657683621897902E-002
   1.26391459164521        1.62758567020383       0.158407263780321     
  -1.01701772229954        2.73777197937564        1.25879615969724     
  -1.71035593383595       -1.59517694580404        3.48242731580530     
   1.06137928965025       0.395548376909525       0.435366271929118     
  0.254456479970130      -0.118685485743960      -4.228933219510697E-003
  0.118154710827207       0.714199543116642       6.685569865145813E-002
  0.987538297135988       0.652516860443167       0.413764649382935     
 -0.399325958583959        1.40275280435421      -0.559996904581367     
  -1.14006947523462        1.67030726549412      -0.230921860079413     
 -0.383968180960946        1.48351970696831      -2.140597491107646E-002
 -0.941817500358081        1.86522712640904      -4.020601903094546E-002
  -1.89236094804687      -0.476486533241258       -1.16436578045920     
 -0.556588045056118        1.48277913560896       0.504677218670849     
   1.40865813200540      -0.121662514098467        1.00213610531451     
   1.41353766232200       0.423505267808435      -2.250924949830096E-003
 -0.352510653682506       0.243707942257616      -0.296191184809593     
   1.36346927127607       4.371886012976687E-002  -1.78559928471324     
  -1.12579066921322        1.88864424945771        1.10640423025737     
  -1.01053555354495        1.89366583894330       0.963618094062314     
 -0.485442698128523        1.32001005773690      -2.769955800511878E-002
 -0.850513752750640        1.85003774446212       9.858765338519423E-002
  -1.50136435282481        1.91318738765355        1.60920969037936     
 -0.461114633960791        1.37397086755405       0.896338762974102     
 -0.625055291435631        1.96905298203502      -0.910737328225671     
  0.865231553490394       0.677360712168139       2.129404532122713E-003
  0.144407473381678      -0.158670106035044        2.05149087280197     
   1.30335116990643        1.37644825446630       -1.20019929275459     
 -0.354037459403070      -0.196252304370046       -1.47908663514245     
  0.476728641650589       0.791920836471317      -8.141009636191876E-003
  0.750150385670308       0.655128094499928      -0.214369834049977     
  0.817637762897990        1.20112208075772       -2.98419579148401     
 -9.137701555732719E-002   1.46996116195704       0.596257902208844     
  6.176595852374567E-002 -0.319102237086286        1.68600817306156     
  0.807977187680907       0.369209972856121      -4.864595190908127E-003
 -5.528539169712166E-002   1.11054772196299      -0.472301065437690     
   1.81903569771303       0.450069880183121       -3.25250532886334     
 -0.725871069797921       0.110569006404066       0.912376676386430     
 -0.426931477523584      -0.122487375756896        1.56103942499883     
 -0.585393475878895        1.77516527215961      -3.199816963101409E-002
 -0.680783476047115       0.505326645001242       0.346069190425077     
 -0.938008890293178       0.326043300917787        4.41505640682081     
  0.547213166132658      -0.466342647599219        2.03256018765584     
  -1.00192128047779        2.05098795441547       -3.81898326791003     
  0.124590555059343       0.640683526468198      -1.448654998962672E-003
  0.176250772372509      -0.395169247209555       0.630465136540540     
 -0.979367826664398       2.993843488638631E-002   5.94687892323232     
  0.444868046665972      -8.794118823303779E-002   3.26700681761174     
   3.60793655805975      -0.233207979096650       -4.01354135259829     
 -0.616849815121029        1.81438708751790       4.918431020443498E-002
  -1.60609789904420      -0.582054701901592      -0.791822147872558     
  -1.78196529415750      -0.272485845675897       -7.99101980434680     
   2.29942919075077      -0.460798608251713       -1.27739807039289     
   3.14341820035271      -0.235037383832356        5.34631578023693     
 -0.647982601963281        1.34293615226922      -9.957194375838452E-004
  0.656890117847729      -0.421367719362868      -5.979995450006736E-002
   2.07882903374221       0.240612329478707       -1.59053410005088     
 -0.214853819551691       -1.59240553975223       -1.72247139387222     
  -2.40649417374259       0.565706156836310        1.20792940757247     
 -0.633395981288235        1.73080207763824      -6.285065140338998E-002
  -1.18486721206779        2.23031256079794       2.450385336230120E-002
 -0.166998440975277       -1.33125238817491        3.40924917773798     
 -0.460344034247202       -1.50884663935118        1.88273391406485     
 -0.264573624895638       -1.15177384332604       -2.63356275018472     
 -0.726986765339230       0.701085415376488       5.987210815053553E-003
  0.667194754112162      -0.383983879998957       0.322144567433072     
  -1.52909456743604        1.38353417297433        2.20433051830869     
 -4.870407216924176E-002   1.08852823956920        2.64203647699916     
   1.13394467264683      -0.334592826325073      -0.609333909585563     
 -0.821973406144704       0.290905315047583       1.597251127989937E-002
  0.707901664098611       0.475061826179360      -0.211395772556762     
 -0.363531847918300       0.387750717163358       -4.03809584583370     
 -0.194095645545411       0.136112903098762      -6.054925630622407E-002
   1.73593980151507       0.290367693498065        2.31206372802514     
  4.208379323355305E-002  6.306143234193404E-002 -5.657026354746931E-003
  1.572079203141268E-002  0.913752542771406       -1.14768031416256     
  3.914789049704465E-003  0.457674995823097       -2.61622946866898     
  -1.73024107885974      -0.629362293883865      -0.478110428147792     
  -1.23206519841867        1.72352848619593      -4.856445282133885E-002
 -0.584315752077668        1.34734972939176       0.187609811955209     
  -1.50520727206892      -0.745575896629538        3.58549551841959     
  -1.07005799896522        1.69543377481098        1.50999198827640     
  0.844697695111878       0.354484033860457       -1.65625497908309     
  0.771966827964232      -0.487469043971877       1.403730035253144E-003
  0.806365157896728      -0.423181758942581       0.267388069693648     
 -0.514426260780237       0.167159382693464        2.38406994641916     
  0.659004369263882      -0.235201092847995       0.960033843893730     
   1.74277584784425      -0.130674860715534       0.509330907315600     
 -0.986212631274310       0.740803739092036       3.632156258882042E-002
 -0.751580960037863       0.275985608191625      -0.374418262199589     
   1.05370180203498       0.151251121947079      -0.186757504048495     
  7.799051678652799E-002 -0.635115800567771       0.605876872062010     
  0.398896680008463       0.299152286563776        2.03305443034549     
 -0.184061645810161      -0.576240190546857      -4.137028961007801E-003
  0.471141196066411      -2.174595170003139E-002  -3.63019157743336     
  0.531099691603442      -0.238831919341163       -3.43474513868289     
  -3.19592288316649      -0.245722862548001       0.879795887025752     
 -0.666927293817748        1.51106508250660      -8.750952098202490E-002
  -1.31053870105424       0.404278533778762       0.760596604223133     
  -1.87813117815515      -0.375535782022266        7.23625431197490     
  -1.82899055290901      -0.809363490555054       -1.06790671314563     
 -0.776054596467422        1.22496934766229       -3.64070021716503     
  0.376072174084560        1.02431192114616      -3.698908303634364E-003
 -0.462617327441444       3.339933247508627E-002  0.845726827482941     
  -2.54923588193431       1.590767151303950E-002   7.86824914567816     
   1.40163210010043      -6.818748716668407E-002   3.23549001443310     
   4.57516355493893       0.149296269459442       -3.65978227388496     
 -0.341852310126823       0.693937841834437       2.829507544328946E-002
  -1.26874764245705       0.789962129721177       -1.09676528349479     
  -1.76915612647542       0.224055502899175       -11.0447159876814     
   1.73182102705422      -0.218283959287955      -5.915399665781217E-002
   4.02815218855122      -0.556931604447908        5.97984605827184     
  0.860294745398948       0.133525654308122      -9.418489741160628E-003
  0.785865028246044       0.641946661786863      -7.073567371656150E-002
   1.87287636116168       5.955486065251418E-002  -3.26159313522783     
 -9.062251526440468E-004   1.01814109940477       -2.81330207423791     
  -3.09552397424865       0.121260854252113        1.95413141230479     
 -0.767078040800957       0.738665412330048      -6.368357864467748E-002
 -0.792031485674589       0.611769416075177       0.353163581720000     
  0.529212652938732       0.203627232384903        5.87073899146175     
  -1.79209206090989       0.102908602199767      -0.368033444986018     
 -0.915285189131600      -0.279825956447333       -3.66310245498139     
  0.878314615784309      -2.513440409292217E-002  5.960635863618874E-003
  0.448060880761835      -0.310624289688448       0.175931910733811     
 -0.319561452239327       0.287106105399563        2.86097509354755     
   1.25732082872256       0.204616874328515        3.29236602944988     
   1.66079477935646       0.713429848105441       -1.09805859502371     
  0.142761831261889      -6.217829813099462E-002  2.583789495733623E-002
  0.807947614839629      -0.162497141283563      -0.322504487245158     
  0.423920868060301       0.489277074532709       -4.76785218265091     
  0.622652957381614       0.639597126301689       -1.44817137336294     
  0.591631684467076       0.187683330043538        2.45760277495484     
  0.245802478851215      -0.326333914202336      -4.821534849615091E-003
   2.57927218128236       0.181689929804027       -5.45376094619630     
  0.671109443090254       0.300019498124815       -7.70053713223097     
  -5.42949754576642      -1.999544703209386E-002   2.89276370477798     
 -0.847357499537661      -1.199607215627291E-002 -0.152937885604908     
 -0.991689808142032      -9.915877344809131E-003   1.40859123838099     
 -0.271378213412842      -4.303207057710948E-002   9.81027889492544     
  -2.66337030309144       0.282896667498113       -3.91197529112650     
  -2.16541159909690       0.210001267157400       -5.31158879062842     
  0.513006959098584       0.185182827991350      -1.031027098171456E-004
  0.476503703935948       3.703664758043755E-003 -0.523286161921677     
  0.323193699431226       5.682432946811887E-003   3.69940903050996     
 -7.788035654324723E-007  5.831767604924140E-003   11.1151661900180     
 -0.323193368581547       5.680741797057015E-003 -0.395535454539148     
 -0.476407444188112       5.804030454518461E-003  0.111782717800460     
 -0.476407861002672      -7.454003976320114E-003  -1.15939880358679     
 -0.323193367024210      -8.455052447593949E-003  -9.43248300153375     
 -6.543482669385116E-008 -8.448690304142338E-003   6.09513106049917     
  0.323194603126665      -8.450822415130625E-003   3.18163412244290     
  0.476474193459335      -7.575187834280923E-003  7.702680145146085E-004
