  0.640625897653956       0.768673994493412      -0.101115865443728     
  0.945801848056759      -0.212349381685178      -0.822425292909746     
 -0.263860468998335       0.357359077610553      -0.374189764316121     
 -0.275238603306627       0.361564312149821       0.344378765388690     
 -0.543592756495679       0.113991098361383      -3.998655567169977E-003
   1.17302191690121       0.329212003752697       9.707485014141841E-002
   1.07341706295527       0.536397242157090       0.840427834744423     
  0.290074066128276       0.217142083753923       0.385457385714635     
 -0.314859386271486       0.328868933434805      -0.329884515657628     
   1.09739616516828      -0.397289816149272       6.640192392225260E-004
   1.17510454765541      -0.353284041890133      -7.117926623101142E-003
   1.33851400678112      -0.102178993483262       0.122506124623142     
  0.667658392857771       0.432484532261430      -2.291466567351151E-002
 -0.283849908987558      -0.448868319120294      -0.147703601956453     
  0.841168423834781       0.433424025063171       1.592682988006959E-003
 -0.367356294173294       0.245916749521504       9.114093548512550E-003
 -0.375614764158855       7.121598225797010E-002 -0.124142644512732     
  0.644016432881706       0.448923411104787      -3.772363553655882E-003
   1.12153427531528      -0.339067516866269       0.148635394277348     
   1.40360166102481      -0.193798684162397      -1.816072649442902E-004
   1.15371877217814      -0.289314926406748      -4.289416849734294E-002
  0.763099805541601      -7.161296234836970E-002 -0.682298150675014     
 -0.414642849521279       0.241031405955112      -0.848040330949241     
 -0.121063029708559       5.492972339859634E-002  0.303710840409858     
 -0.213204536943352       2.368064773535294E-002 -5.385596357565629E-003
  0.178490228955644       0.758240691445911       7.829552347497787E-002
   1.03064595021746       0.289141967487692       0.717134390976411     
 -0.474027153151857       0.121219512321283       0.425657567152888     
  0.784775499736357       0.435204675102170      -0.232665524805369     
   1.19688623896398      -1.866558056046518E-002  2.331962376989946E-003
   1.01641429203051      -0.367118120011172      -9.709411349308690E-002
   1.19939066618855      -0.168152548816172      -0.420037954681102     
  0.390810259454850       0.819313749109112       0.462405013555629     
 -0.629834175965516       0.231410085345318       0.246118605995517     
 -0.225848905953326       0.350204054721192       3.348105446584251E-003
  0.699478787604163       0.379439253387405      -2.948834261334844E-002
 -0.267748306281351       0.597517577198952       0.159423228603229     
   1.08075391844997       4.488239043173969E-003  0.253959836066454     
  0.798248907099919       0.360318398420217      -4.732005463124023E-002
  0.922216030214257       8.331350447997807E-002 -7.958969424241831E-002
   1.13978858636184      -5.227832979489594E-002 -1.920329399189159E-002
   1.09002634400259       9.528611518149956E-002 -0.807157513870964     
   1.00456441668829       0.510289914738696       -1.17059089801001     
 -3.541861395447643E-002 -0.298674028544606       0.138680809963404     
  1.582739048653808E-002  0.159804438760976      -6.404776089252102E-003
 -0.175016893721616       0.969095304427241       0.101993310967582     
  0.133200036404572       0.550965905347561       0.615615623551617     
 -0.522141387727485       0.250368184274326       0.194136009619215     
 -0.478863637404513       0.361058523643759       0.278436526353979     
  0.663191595570614       0.424064776402993       1.935524490193827E-003
   1.18684999716436      -5.035408914378448E-002 -4.866020680091607E-002
  0.325239417013072       0.768899387803908      -0.105022271898516     
 -0.506348482574022       0.143233834471814       0.307035466455917     
 -0.496020180980227      -0.500963222560782      -4.438331324921431E-003
  0.181555183833297       0.485269264402785       7.290671353185216E-002
  0.791406434416720       0.701042858596375       0.379281909873352     
  0.348538058121406       0.869877958259782       0.125917125280527     
  0.895301302756915       0.226632347797416      -0.591098772031691     
  0.793515852627549       0.191322462686023      -2.936566780761302E-005
  0.753765405429173       0.279737654128002      -5.746540247472543E-002
  0.762133952732025       0.654668451388712      -0.580762261307634     
  0.134850106604736       0.713346795085440      -0.174783705283233     
 -0.589991046114604       0.223017290058412      -0.242922682173587     
 -0.302084896045219      -0.487676396576871      -9.363547103277298E-003
  0.664137543574529       0.290494182737711       9.289862270510575E-003
 -0.437157915740212       0.104553942988436       0.417780812573271     
 -0.162516387401542       0.493465473482098       0.503700142666753     
 -0.357413461753052       0.154305446264988       0.487098117114293     
  0.623890174412588       0.420204167400235       2.175518030053149E-003
   1.27517968622381      -0.209077214113963       0.120525988342794     
  0.459757739592933       0.744121997070108      -0.894692731803989     
 -0.173803364574421      -0.207511098797020       0.457934760255286     
  4.388219732279541E-002  0.553740231029148      -6.989702836230400E-004
 -5.169222643348234E-002 -0.206443446159300       0.144361755076373     
 -0.176906144880436       0.484185050290440       0.459610186966378     
 -0.646150206277026       0.316210529581649      -0.355599564335027     
 -4.262318828186919E-002  0.849490780779801      -0.822615191205587     
  0.593211316988022       0.445141574008518      -3.591433177995619E-004
  0.369113605002840       0.535311031956264      -4.714099061165442E-002
  0.286068365760135       0.281005539087541       -1.05533774482140     
  0.641394320577545       0.560718492129921      -0.658096593632964     
 -0.375703300552771       8.625692639875746E-002 -5.759669416177592E-002
 -0.410466219675345      -0.469015210226452      -1.793915351292807E-002
 -0.281660294955905      -0.210103896395837       0.128429305801281     
 -0.780926946732680       0.290335770056968       0.687089608252444     
   1.08241798295340      -4.519773523589447E-002  0.182392137809212     
 -0.206364545906259      -0.336108989363019       0.391095667616334     
  0.495567155378781       0.532674941576615       1.476970256553176E-003
  0.628090538116499       0.439280176720653       3.937724863105808E-002
 -5.745408331646796E-002  0.687359565371954        1.87537347088737     
  -1.13097527758607      -0.154123168047569      -0.221426551564394     
  0.451936235757758       0.126019521741944       -1.01140973873914     
 -0.255839514048934       0.396610639206162      -1.137692864848381E-002
 -0.695000882995316       0.379150441094048      -0.240211217966672     
 -0.842370261711522      -0.293667351482853       -1.06766328278000     
  0.278273377944977       0.544527461045262        1.82630909340705     
   1.63348420002969       0.317733478835928       0.281847884297642     
  0.576410933939872       0.458762764403849       7.138556852118644E-004
  0.620452146191303      -4.686267744535194E-002 -0.120372970832519     
 -0.527444480038103       0.194267603575066      -0.354350089009015     
 -0.631198705324622       2.632280564221187E-002   2.72147058567463     
 -0.644696912952953      -4.285877586372881E-002  -1.01309589113828     
 -0.187651314226430      -5.773605126324144E-002  2.161641276026689E-003
 -7.191177050176834E-002  6.644362527871009E-002 -0.433048851138692     
 -0.592931128265509      -0.156132786749850      -0.538036993035730     
   1.57435635434818       0.121193282548455        1.75165968314661     
 -0.127771435703308       0.227031950733478        1.87749535609673     
 -0.198696581023134      -0.156329196482801       7.097821365092703E-003
  0.830450034452515      -0.202923218823115      -1.173667029479791E-002
   2.18923256729398       0.417716075581855      -0.390605161696906     
  0.519823539256511       0.151347478886387       -3.58360136644097     
  -1.42237622150813       1.076832714467315E-002   1.89731210193358     
 -0.579972091509129      -0.104595431433870       2.799845655205237E-004
 -0.434862213416273      -0.133639151594163       0.419228202135115     
  0.757392224671242       1.826223914369574E-002   1.97778504491821     
  -1.49027386143194       0.126998325267735       -1.14686602752673     
  0.151435813298690       0.369594993701736       -2.55556421818819     
  0.357302319547481      -0.237022507396764       1.873001750702176E-003
  0.476258724293553       4.488699332825724E-003 -0.406224028400839     
  0.323028345931152       0.131454266209197       -2.40570442423362     
 -2.384817140675260E-007  5.677435637985246E-003   1.96777813959511     
 -0.323201971693059       5.666984740352089E-003 -0.615133848502161     
 -0.476417047378757       4.470063476801114E-003 -6.216550114596788E-003
 -0.476442331500704      -7.952914105005524E-003 -0.135214724657560     
 -0.323190422150342      -6.756649798905443E-003  0.104283572236283     
 -2.833071826856225E-008 -8.463039239592832E-003   3.61726150092351     
  0.323193418424902      -8.555092481160952E-003   2.17562296131360     
  0.476247259872584      -7.612193691008132E-003 -1.598685925025574E-003
