  0.529139895274913       8.923487006097684E-004 -2.179541484117078E-003
  0.557760762787823      -0.199520042629889      -5.860985545649872E-003
  0.905523092784213      -8.892143530619347E-002 -7.450886346799767E-003
  0.588223605616200       0.202957444716774      -6.871347099225474E-003
  0.547148231261751      -2.350679533464664E-003 -6.028473854715877E-003
  0.540311827028365       6.831715929451442E-004 -5.765202792732384E-003
  0.535311285597719       3.282717319449563E-003 -5.621492821087076E-003
  0.531339996894043       6.638146627594505E-003 -5.528762016385642E-003
  0.525039132423566       1.188754962239531E-002 -5.463520708742392E-003
  0.517041615426969       1.411083309743579E-002 -5.414929422645689E-003
  0.510183156516079       1.461244596322417E-002 -5.377228282867995E-003
  0.503998241803881       1.482867180952546E-002 -5.347062888118981E-003
  0.498142552539011       1.495009719916503E-002 -5.322343405747894E-003
  0.492484487581281       1.502399892727205E-002 -5.301697470390414E-003
  0.486957187692153       1.507165854719103E-002 -5.284184801854860E-003
  0.481522213560641       1.510207730784415E-002 -5.269137879742177E-003
  0.476158576746567       1.513279180045906E-002 -5.255556496508016E-003
  0.470844303401544       1.514554644993850E-002 -5.244128052011134E-003
  0.465569342986894       1.515622672268752E-002 -5.234019226246121E-003
  0.460325502216311       1.516428058903080E-002 -5.225010301825894E-003
  0.455106997137820       1.517003976458414E-002 -5.216929450573277E-003
  0.449910338214576       1.517363454367157E-002 -5.209640341879329E-003
  0.444730055082331       1.517675177150428E-002 -5.203032858478385E-003
  0.439564458202050       1.517872519500562E-002 -5.197016686572169E-003
  0.434411295917496       1.517993350276594E-002 -5.191516889472802E-003
  0.429268746945950       1.518056979338335E-002 -5.186470720240809E-003
  0.424135338454294       1.518076971990258E-002 -5.181825233212291E-003
  0.419009861714004       1.518063559008673E-002 -5.177535445998217E-003
  0.413891314145136       1.518024586731785E-002 -5.173562901187846E-003
  0.408778856611679       1.517966127753627E-002 -5.169874527810502E-003
  0.403671781091289       1.517892913847386E-002 -5.166441731951937E-003
  0.398569485836249       1.517808651724474E-002 -5.163239664755121E-003
  0.393471456046679       1.517716257504231E-002 -5.160246629005963E-003
  0.388377248656210       1.517618033097361E-002 -5.157443594847226E-003
  0.383286480228999       1.517515800222465E-002 -5.154813802035569E-003
  0.378198817240941       1.517411003057938E-002 -5.152342431300191E-003
  0.373113968209533       1.517304787438107E-002 -5.150016331231823E-003
  0.368031677271796       1.517198062347446E-002 -5.147823790077759E-003
  0.362951718907197       1.517091547971306E-002 -5.145754344065852E-003
  0.357873893573257       1.516985813444075E-002 -5.143798615618081E-003
  0.352798024074508       1.516881306674509E-002 -5.141948176151494E-003
  0.347723952524484       1.516778378015355E-002 -5.140195429216311E-003
  0.342651537790761       1.516677299142884E-002 -5.138533510534771E-003
  0.337580653335481       1.516578278176798E-002 -5.136956202154444E-003
  0.332511185381867       1.516481471834063E-002 -5.135457858444319E-003
  0.327443031345696       1.516425540580407E-002 -5.134033342066720E-003
  0.322376098494481       1.516512098579202E-002 -5.132677968391827E-003
  0.317310302833352       1.516592502542486E-002 -5.131387457081485E-003
  0.312245568061915       1.516667313557412E-002 -5.130157889785310E-003
  0.307181824733365       1.516737030900341E-002 -5.128985673069029E-003
  0.302119009507106       1.516802099978843E-002 -5.127867505833058E-003
  0.297057064497145       1.516862919109577E-002 -5.126800350600231E-003
  0.291995936702461       1.516919845329222E-002 -5.125781408146700E-003
  0.286935577507398       1.516973199385122E-002 -5.124808095031802E-003
  0.281875942242365       1.517023270040388E-002 -5.123878023647262E-003
  0.276816989796466       1.517070317798419E-002 -5.122988984461321E-003
  0.271758682275074       1.517114578131153E-002 -5.122138930184614E-003
  0.266700984696367       1.517156264285674E-002 -5.121325961618339E-003
  0.261643864721778       1.517195569735356E-002 -5.120548314979323E-003
  0.256587292416012       1.517232670319037E-002 -5.119804350528940E-003
  0.251531240032936       1.517267726117753E-002 -5.119092542349765E-003
  0.246475681824136       1.517300883101676E-002 -5.118411469140836E-003
  0.241420593867419       1.517332274582668E-002 -5.117759805912662E-003
  0.236365953912866       1.517362022493125E-002 -5.117136316485032E-003
  0.231311741244400       1.517390238518579E-002 -5.116539846697864E-003
  0.226257936555075       1.517417025100912E-002 -5.115969318258100E-003
  0.221204521834538       1.517442476328025E-002 -5.115423723156681E-003
  0.216151480267304       1.517466678726765E-002 -5.114902118594322E-003
  0.211098796140666       1.517489711968390E-002 -5.114403622364976E-003
  0.206046454761202       1.517511649498312E-002 -5.113927408650994E-003
  0.200994442378961       1.517532559099648E-002 -5.113472704188106E-003
  0.195942746118524       1.517552503397591E-002 -5.113038784764927E-003
  0.190891353916247       1.517571540312403E-002 -5.112624972024217E-003
  0.185840254463050       1.517589723465738E-002 -5.112230630537737E-003
  0.180789437152189       1.517607102546285E-002 -5.111855165129790E-003
  0.175738892031550       1.517623723639925E-002 -5.111498018424965E-003
  0.170688609759994       1.517639629526623E-002 -5.111158668602158E-003
  0.165638581567390       1.517654859949550E-002 -5.110836627335164E-003
  0.160588799217989       1.517669451856627E-002 -5.110531437904771E-003
  0.155539254976810       1.517683439622725E-002 -5.110242673466120E-003
  0.150489941578792       1.517696855246634E-002 -5.109969935460849E-003
  0.145440852200443       1.517709728534132E-002 -5.109712852160068E-003
  0.140391980433775       1.517722087259578E-002 -5.109471077329581E-003
  0.135343320262328       1.517733957317936E-002 -5.109244289005863E-003
  0.130294866039094       1.517745362858336E-002 -5.109032188376794E-003
  0.125246612466197       1.517756326408459E-002 -5.108834498757402E-003
  0.120198554576169       1.517766868986700E-002 -5.108650964655503E-003
  0.115150687714708       1.517777010203913E-002 -5.108481350919884E-003
  0.110103007524784       1.517786768358713E-002 -5.108325441965344E-003
  0.105055509931999       1.517796160518594E-002 -5.108183041072849E-003
  0.100008191131101       1.517805202600746E-002 -5.108053969754999E-003
  9.496104757356756E-002  1.517813909440355E-002 -5.107938067187698E-003
  8.991407595617271E-002  1.517822294854300E-002 -5.107835189702818E-003
  8.486727321048620E-002  1.517830371700460E-002 -5.107745210337608E-003
  7.982063649320996E-002  1.517838151928420E-002 -5.107668018440869E-003
  7.477416317732724E-002  1.517845646627810E-002 -5.107603519330947E-003
  6.972785084398901E-002  1.517852866072023E-002 -5.107551634004472E-003
  6.468169727509238E-002  1.517859819753524E-002 -5.107512298896327E-003
  5.963570044652471E-002  1.517866516421340E-002 -5.107485465684832E-003
  5.458985852201204E-002  1.517872964109155E-002 -5.107471101145418E-003
  4.954416984755288E-002  1.517879170163179E-002 -5.107469187049797E-003
  4.449863294639365E-002  1.517885141263384E-002 -5.107479720111116E-003
  3.945324651453402E-002  1.517890883446008E-002 -5.107502711971951E-003
  3.440800941671743E-002  1.517896402116641E-002 -5.107538189240958E-003
  2.936292068289070E-002  1.517901702065988E-002 -5.107586193571249E-003
  2.431797950511981E-002  1.517906787478567E-002 -5.107646781786357E-003
  1.927318523493850E-002  1.517911661940066E-002 -5.107720026051528E-003
  1.422853738110108E-002  1.517916328440175E-002 -5.107806014093904E-003
  9.184035607745524E-003  1.517920789374674E-002 -5.107904849469399E-003
  4.139679732940930E-003  1.517925046542073E-002 -5.108016651880555E-003
 -9.045302723848896E-004  1.517929101137036E-002 -5.108141557546526E-003
 -5.948594285155411E-003  1.517932953742557E-002 -5.108279719627025E-003
 -1.099251203049821E-002  1.517936604315802E-002 -5.108431308703135E-003
 -1.603628308174013E-002  1.517940052172319E-002 -5.108596513316897E-003
 -2.107990686005710E-002  1.517943295965493E-002 -5.108775540573840E-003
 -2.612338263378911E-002  1.517946333661182E-002 -5.108968616813189E-003
 -3.116670951741783E-002  1.517949162509507E-002 -5.109175988347015E-003
 -3.620988647021062E-002  1.517951779009605E-002 -5.109397922275197E-003
 -4.125291229452844E-002  1.517954178871687E-002 -5.109634707380504E-003
 -4.629578563381724E-002  1.517956356970259E-002 -5.109886655110966E-003
 -5.133850497027165E-002  1.517958307294257E-002 -5.110154100653593E-003
 -5.638106862217798E-002  1.517960022887391E-002 -5.110437404108406E-003
 -6.142347474093025E-002  1.517961495783243E-002 -5.110736951770170E-003
 -6.646572130773837E-002  1.517962716930300E-002 -5.111053157527574E-003
 -7.150780613003285E-002  1.517963676107122E-002 -5.111386464389090E-003
 -7.654972683754507E-002  1.517964361830610E-002 -5.111737346144763E-003
 -8.159148087810293E-002  1.517964761247152E-002 -5.112106309180802E-003
 -8.663306551313751E-002  1.517964860014515E-002 -5.112493894456940E-003
 -9.167447781291528E-002  1.517964642168893E-002 -5.112900679662697E-003
 -9.671571465151185E-002  1.517964089972303E-002 -5.113327281570411E-003
 -0.101756772701546       1.517963183745597E-002 -5.113774358603530E-003
 -0.106797648428718       1.517961901676086E-002 -5.114242613643156E-003
 -0.111838338086169       1.517960219604125E-002 -5.114732797094544E-003
 -0.116878837708726       1.517958110781248E-002 -5.115245710241596E-003
 -0.121919143107060       1.517955545597494E-002 -5.115782208920718E-003
 -0.126959249861875       1.517952491271709E-002 -5.116343207548098E-003
 -0.131999153318180       1.517948911504871E-002 -5.116929683536183E-003
 -0.137038848579765       1.517944766082872E-002 -5.117542682147020E-003
 -0.142078330504023       1.517940010429125E-002 -5.118183321828482E-003
 -0.147117593697292       1.517934595092730E-002 -5.118852800092307E-003
 -0.152156632510925       1.517928465168506E-002 -5.119552399994188E-003
 -0.157195441038337       1.517921559631859E-002 -5.120283497290752E-003
 -0.162234013113349       1.517913810582718E-002 -5.121047568353424E-003
 -0.167272342310243       1.517905142371616E-002 -5.121846198938307E-003
 -0.172310421945981       1.517895470604833E-002 -5.122681093912713E-003
 -0.177348245085195       1.517884700990809E-002 -5.123554088069229E-003
 -0.182385804548664       1.517872728015589E-002 -5.124467158164689E-003
 -0.187423092926195       1.517859433403954E-002 -5.125422436354429E-003
 -0.192460102594997       1.517844684340074E-002 -5.126422225206063E-003
 -0.197496825744909       1.517828331394197E-002 -5.127469014518366E-003
 -0.202533254412186       1.517810206103907E-002 -5.128565500201254E-003
 -0.207569380523911       1.517790118146359E-002 -5.129714605517349E-003
 -0.212605195955650       1.517767852016627E-002 -5.130919505035604E-003
 -0.217640692605548       1.517743163118552E-002 -5.132183651710529E-003
 -0.222675862488898       1.517715773144380E-002 -5.133510807573008E-003
 -0.227710697858241       1.517685364596091E-002 -5.134905078608879E-003
 -0.232745191355263       1.517651574266228E-002 -5.136370954505178E-003
 -0.237779336202491       1.517613985447982E-002 -5.137913354078051E-003
 -0.242813126415177       1.517736252153029E-002 -5.139537677354293E-003
 -0.247846557184119       1.517887370394513E-002 -5.141249865474692E-003
 -0.252879625192865       1.518043462390028E-002 -5.143056469823883E-003
 -0.257912329112349       1.518204525806159E-002 -5.144964732094952E-003
 -0.262944670213644       1.518370506953482E-002 -5.146982677365826E-003
 -0.267976653137430       1.518541284847242E-002 -5.149119222727504E-003
 -0.273008286869210       1.518716650707475E-002 -5.151384304591743E-003
 -0.278039585978947       1.518896281509716E-002 -5.153789028546629E-003
 -0.283070572202496       1.519079705732094E-002 -5.156345846573768E-003
 -0.288101276467308       1.519266258787987E-002 -5.159068767661173E-003
 -0.293131741499350       1.519455024759326E-002 -5.161973609409211E-003
 -0.298162025195619       1.519644759767209E-002 -5.165078300290852E-003
 -0.303192205012714       1.519833790557559E-002 -5.168403244915190E-003
 -0.308222383714956       1.520019879309397E-002 -5.171971768233344E-003
 -0.313252696957729       1.520200041972713E-002 -5.175810659410649E-003
 -0.318283323372172       1.520370301941629E-002 -5.179950842590885E-003
 -0.323314498094652       1.520525352662524E-002 -5.184428210646010E-003
 -0.328346531094055       1.520658090168100E-002 -5.189284670307361E-003
 -0.333379832262263       1.520758956927374E-002 -5.194569464294871E-003
 -0.338414946162202       1.520815007027301E-002 -5.200340860575353E-003
 -0.343452600755926       1.520808551419172E-002 -5.206668334240242E-003
 -0.348493776661088       1.520715155691562E-002 -5.213635419406963E-003
 -0.353539806999899       1.520500613720651E-002 -5.221343486137765E-003
 -0.358592523526571       1.520116255444514E-002 -5.229916815710505E-003
 -0.363654473812989       1.519491462452937E-002 -5.239509532162479E-003
 -0.368729249126923       1.518521356283930E-002 -5.250315243116723E-003
 -0.373821987096138       1.517045878728750E-002 -5.262580727860114E-003
 -0.378940153748138       1.514813058813597E-002 -5.276625832356397E-003
 -0.384094776728375       1.511412414099889E-002 -5.292873171571988E-003
 -0.389302412836377       1.506150502716778E-002 -5.311893864144803E-003
 -0.394588315604957       1.497811789438168E-002 -5.334480518663485E-003
 -0.399991558534995       1.484186999479305E-002 -5.361768684413902E-003
 -0.405573275063421       1.461119198453203E-002 -5.395449208395616E-003
 -0.411429374978172       1.420532100212453E-002 -5.438162483524838E-003
 -0.417706856374867       1.346440091088319E-002 -5.494287722667130E-003
 -0.424583386244798       1.211172441064546E-002 -5.571692115089127E-003
 -0.433414329318893       2.922942940747997E-002 -6.350384250125890E-003
 -0.406296734064147       2.671992416340600E-002 -7.286941853342450E-003
 -0.414995966882589       3.333273583920456E-002 -7.016196473575941E-003
 -0.435730536262930       2.917644222160026E-002 -4.190609590658961E-003
  0.500255924999053       2.652944059893863E-003 -6.877079565191376E-004
 -0.435803263624044      -2.914068497683539E-002  4.189649770489448E-003
 -0.415108822243323      -3.337858348311715E-002  7.015339488151209E-003
 -0.406354504746949      -2.679758426526592E-002  7.286280326014193E-003
 -0.433363245074726      -2.920962910554094E-002  6.349893009073578E-003
 -0.424567957485675      -1.208383051560948E-002  5.571346434537606E-003
 -0.417698591582693      -1.343952214459011E-002  5.493961774858774E-003
 -0.411423853280038      -1.418238106174195E-002  5.437851811763814E-003
 -0.405568986401444      -1.458932720056427E-002  5.395150796392831E-003
 -0.399988013587761      -1.482067223170614E-002  5.361480375863941E-003
 -0.394585316266780      -1.495737901101300E-002  5.334200709773223E-003
 -0.389299848441126      -1.504110619180430E-002  5.311621325432585E-003
 -0.384092569336784      -1.509398987624641E-002  5.292606937687456E-003
 -0.378938242480026      -1.512820904428358E-002  5.276365130499166E-003
 -0.373820322617236      -1.515071250440186E-002  5.262324929394552E-003
 -0.368727790947408      -1.516561460988312E-002  5.250063829783933E-003
 -0.363653188524852      -1.517544173261555E-002  5.239262071833004E-003
 -0.358591383475972      -1.518179926966142E-002  5.229672944570219E-003
 -0.353538789234423      -1.518573955822249E-002  5.221102895337389E-003
 -0.348492862081516      -1.518797144047457E-002  5.213397844876542E-003
 -0.343451773429210      -1.518898362706579E-002  5.206433548797290E-003
 -0.338414192763598      -1.518911971294277E-002  5.200108667729911E-003
 -0.333379141621372      -1.518862522234842E-002  5.194339693320195E-003
 -0.328345893824675      -1.518767796122128E-002  5.189057172279004E-003
 -0.323313906292255      -1.518640810468692E-002  5.184202855225813E-003
 -0.318282770366072      -1.518491179279406E-002  5.179727515390394E-003
 -0.313252177107581      -1.518326051444147E-002  5.175589259816429E-003
 -0.308221892243194      -1.518150769576267E-002  5.171752207592646E-003
 -0.303191737866277      -1.517969339485976E-002  5.168185445017696E-003
 -0.298161578931524      -1.517784769099057E-002  5.164862192088573E-003
 -0.293131313189739      -1.517599315940989E-002  5.161759131928563E-003
 -0.288100863620465      -1.517414669683215E-002  5.158855867075147E-003
 -0.283070172696971      -1.517232088012455E-002  5.156134475407615E-003
 -0.278039198008443      -1.517052498573487E-002  5.153579144991025E-003
 -0.273007908896381      -1.516876575997986E-002  5.151175871912100E-003
 -0.267976283855006      -1.516704800496886E-002  5.148912208746561E-003
 -0.262944308511684      -1.516537502669841E-002  5.146777054014643E-003
 -0.257911974088100      -1.516548677974104E-002  5.144760475020329E-003
 -0.252879276056177      -1.516606345420788E-002  5.142853558042049E-003
 -0.247846213260065      -1.516657906697062E-002  5.141048281066527E-003
 -0.242812787139166      -1.516704099130121E-002  5.139337405196690E-003
 -0.237779001109674      -1.516745556399475E-002  5.137714381604490E-003
 -0.232744860084341      -1.516782825059457E-002  5.136173271495324E-003
 -0.227710370091417      -1.516816378123918E-002  5.134708676998815E-003
 -0.222675537972141      -1.516846626284163E-002  5.133315681286050E-003
 -0.217640371140572      -1.516873927210408E-002  5.131989796508321E-003
 -0.212604877392975      -1.516898593306316E-002  5.130726918382196E-003
 -0.207569064756885      -1.516920898191294E-002  5.129523286457480E-003
 -0.202532941371822      -1.516941082144526E-002  5.128375449252165E-003
 -0.197496515395395      -1.516959356696169E-002  5.127280233570612E-003
 -0.192459794929815      -1.516975908506091E-002  5.126234717436248E-003
 -0.187422787964729      -1.516990902659643E-002  5.125236206144722E-003
 -0.182385502333262      -1.517004485473819E-002  5.124282211029499E-003
 -0.177347945678612      -1.517016786890465E-002  5.123370430591715E-003
 -0.172310125429134      -1.517027922531011E-002  5.122498733685022E-003
 -0.167272048780258      -1.517037995459681E-002  5.121665144507178E-003
 -0.162233722681862      -1.517047097701454E-002  5.120867829172825E-003
 -0.157195153829996      -1.517055311556064E-002  5.120105083676761E-003
 -0.152156348662095      -1.517062710732603E-002  5.119375323086917E-003
 -0.147117313354899      -1.517069361337159E-002  5.118677071818345E-003
 -0.142078053824569      -1.517075322731902E-002  5.118008954868220E-003
 -0.137038575728462      -1.517080648280290E-002  5.117369689906767E-003
 -0.131998884468171      -1.517085386004775E-002  5.116758080120512E-003
 -0.126958985193577      -1.517089579157547E-002  5.116173007735716E-003
 -0.121918882807588      -1.517093266722531E-002  5.115613428143624E-003
 -0.116878581971386      -1.517096483859481E-002  5.115078364564601E-003
 -0.111838087110033      -1.517099262288379E-002  5.114566903200372E-003
 -0.106797402418226      -1.517101630637081E-002  5.114078188815176E-003
 -0.101756531866199      -1.517103614741421E-002  5.113611420712148E-003
 -9.671547920559377E-002 -1.517105237912766E-002  5.113165849062979E-003
 -9.167424797525395E-002 -1.517106521176931E-002  5.112740771552290E-003
 -8.663284150690943E-002 -1.517107483483142E-002  5.112335530313264E-003
 -8.159126293067123E-002 -1.517108141890666E-002  5.111949509123503E-003
 -7.654951518032657E-002 -1.517108511736310E-002  5.111582130836344E-003
 -7.150760099840089E-002 -1.517108606778614E-002  5.111232855031677E-003
 -6.646552294093130E-002 -1.517108439331777E-002  5.110901175858292E-003
 -6.142328338200111E-002 -1.517108020381194E-002  5.110586620057517E-003
 -5.638088451796824E-002 -1.517107359686410E-002  5.110288745153191E-003
 -5.133832837138123E-002 -1.517106465873956E-002  5.110007137787217E-003
 -4.629561679461144E-002 -1.517105346519645E-002  5.109741412195809E-003
 -4.125275147315881E-002 -1.517104008219675E-002  5.109491208812219E-003
 -3.620973392864209E-002 -1.517102456657481E-002  5.109256192984213E-003
 -3.116656552148742E-002 -1.517100696657596E-002  5.109036053803542E-003
 -2.612324745325397E-002 -1.517098732237398E-002  5.108830503030679E-003
 -2.107978076867550E-002 -1.517096566652474E-002  5.108639274113522E-003
 -1.603616635736661E-002 -1.517094202430778E-002  5.108462121295855E-003
 -1.099240495516706E-002 -1.517091641410234E-002  5.108298818800306E-003
 -5.948497145197434E-003 -1.517088884764402E-002  5.108149160090903E-003
 -9.044433585498092E-004 -1.517085933026512E-002  5.108012957204941E-003
  4.139756125354416E-003 -1.517082786111745E-002  5.107890040149358E-003
  9.184101178740904E-003 -1.517079443329545E-002  5.107780256364543E-003
  1.422859182584183E-002 -1.517075903399197E-002  5.107683470242244E-003
  1.927322824357514E-002 -1.517072164457569E-002  5.107599562702767E-003
  2.431801076261093E-002 -1.517068224063814E-002  5.107528430828149E-003
  2.936293986882379E-002 -1.517064079203525E-002  5.107469987543070E-003
  3.440801620511036E-002 -1.517059726287211E-002  5.107424161349034E-003
  3.945324057362508E-002 -1.517055161145921E-002  5.107390896106758E-003
  4.449861393841947E-002 -1.517050379026139E-002  5.107370150863952E-003
  4.954413742851209E-002 -1.517045374577731E-002  5.107361899733439E-003
  5.458981234143091E-002 -1.517040141842887E-002  5.107366131812342E-003
  5.963564014719221E-002 -1.517034674240292E-002  5.107382851148743E-003
  6.468162249278349E-002 -1.517028964542980E-002  5.107412076755714E-003
  6.972776120719017E-002 -1.517023004860470E-002  5.107453842664963E-003
  7.477405830692949E-002 -1.517016786608355E-002  5.107508198031383E-003
  7.982051600219592E-002 -1.517010300481963E-002  5.107575207279997E-003
  8.486713670360177E-002 -1.517003536421445E-002  5.107654950301047E-003
  8.991392302957035E-002 -1.516996483574818E-002  5.107747522694234E-003
  9.496087781444924E-002 -1.516989130256434E-002  5.107853036059869E-003
  0.100008004117333      -1.516981463901007E-002  5.107971618342175E-003
  0.105055305231699      -1.516973471011453E-002  5.108103414227411E-003
  0.110102784695906      -1.516965137104357E-002  5.108248585593791E-003
  0.115150446304590      -1.516956446646021E-002  5.108407312022391E-003
  0.120198294121066      -1.516947382984980E-002  5.108579791368353E-003
  0.125246332490785      -1.516937928276722E-002  5.108766240395048E-003
  0.130294566055943      -1.516928063400836E-002  5.108966895480417E-003
  0.135342999771358      -1.516917767870241E-002  5.109182013391982E-003
  0.140391638921680      -1.516907019732519E-002  5.109411872141322E-003
  0.145440489140069      -1.516895795458628E-002  5.109656771923822E-003
  0.150489556428505      -1.516884069824419E-002  5.109917036144146E-003
  0.155538847179810      -1.516871815777626E-002  5.110193012540145E-003
  0.160588368201594      -1.516859004292622E-002  5.110485074410356E-003
  0.165638126742275      -1.516845604209990E-002  5.110793621952825E-003
  0.170688130519387      -1.516831582061946E-002  5.111119083726873E-003
  0.175738387750391      -1.516816901875275E-002  5.111461918246294E-003
  0.180788907186228      -1.516801524960596E-002  5.111822615714775E-003
  0.185839698147889      -1.516785409671650E-002  5.112201699922814E-003
  0.190890770566345      -1.516768511146763E-002  5.112599730310243E-003
  0.195942135026120      -1.516750781017355E-002  5.113017304220233E-003
  0.200993802812948      -1.516732167085903E-002  5.113455059358333E-003
  0.206045785965921      -1.516712612971323E-002  5.113913676475446E-003
  0.211098097334624      -1.516692057709857E-002  5.114393882303644E-003
  0.216150750641828      -1.516670435314236E-002  5.114896452762262E-003
  0.221203760552333      -1.516647674283447E-002  5.115422216467331E-003
  0.226257142748677      -1.516623697048684E-002  5.115972058580383E-003
  0.231310914014557      -1.516598419361969E-002  5.116546925022375E-003
  0.236365092326796      -1.516571749605736E-002  5.117147827104283E-003
  0.241419696956961      -1.516543588018181E-002  5.117775846615449E-003
  0.246474748583779      -1.516513825825664E-002  5.118432141421294E-003
  0.251530269417704      -1.516482344259710E-002  5.119117951635494E-003
  0.256586283339237      -1.516449013452895E-002  5.119834606426075E-003
  0.261642816052698      -1.516413691186797E-002  5.120583531539180E-003
  0.266699895257564      -1.516376221471050E-002  5.121366257628168E-003
  0.271757550839755      -1.516336432934339E-002  5.122184429482666E-003
  0.276815815085541      -1.516294136986592E-002  5.123039816281199E-003
  0.281874722921334      -1.516249125723555E-002  5.123934322995120E-003
  0.286934312183027      -1.516201169531221E-002  5.124870003096763E-003
  0.291994623919213      -1.516150014333181E-002  5.125849072754197E-003
  0.297055702733395      -1.516095378428390E-002  5.126873926709302E-003
  0.302117597171071      -1.516036948842809E-002  5.127947156082825E-003
  0.307180360158776      -1.515974377107062E-002  5.129071568385323E-003
  0.312244049503370      -1.515907274361415E-002  5.130250210050527E-003
  0.317308728461406      -1.515835205656531E-002  5.131486391878944E-003
  0.322374466390347      -1.515757683297942E-002  5.132783717835230E-003
  0.327441339495677      -1.515674159052806E-002  5.134146117724744E-003
  0.332509431690767      -1.515584014979781E-002  5.135577884380234E-003
  0.337578835589889      -1.515486552613375E-002  5.137083716091775E-003
  0.342649653659025      -1.515380980147733E-002  5.138668765172306E-003
  0.347721999554511      -1.515266397185785E-002  5.140338693720938E-003
  0.352795999687160      -1.515147063992178E-002  5.142099737852284E-003
  0.357871795090085      -1.515250424092987E-002  5.143958781944069E-003
  0.362949543475084      -1.515355010533614E-002  5.145923444768059E-003
  0.368029421886464      -1.515460383723061E-002  5.148002179792573E-003
  0.373111629706914      -1.515565984441584E-002  5.150204392457153E-003
  0.378196392288366      -1.515671104329305E-002  5.152540577865320E-003
  0.383283965316012      -1.515774848511886E-002  5.155022483176942E-003
  0.388374640085079      -1.515876088021399E-002  5.157663300032146E-003
  0.393468749922298      -1.515973398896020E-002  5.160477893681879E-003
  0.398566678055128      -1.516064983757242E-002  5.163483077264644E-003
  0.403668867328946      -1.516148570192633E-002  5.166697941928116E-003
  0.408775832308232      -1.516221278198100E-002  5.170144256474865E-003
  0.413888174491727      -1.516279445943682E-002  5.173846954133208E-003
  0.419006601659276      -1.516318398598406E-002  5.177834729243721E-003
  0.424131952823106      -1.516332136768801E-002  5.182140773631625E-003
  0.429265231078416      -1.516312899935588E-002  5.186803691859821E-003
  0.434407648579952      -1.516250460099693E-002  5.191868647550034E-003
  0.439560693432059      -1.516130143122812E-002  5.197388811412775E-003
  0.444726193596428      -1.515921111963433E-002  5.203427208917594E-003
  0.449905369810309      -1.515680117796209E-002  5.210059108705437E-003
  0.455102737959807      -1.515274815865914E-002  5.217375166652847E-003
  0.460320844628581      -1.514701393480879E-002  5.225485676057746E-003
  0.465564002838853      -1.513954450835225E-002  5.234526525824540E-003
  0.470838292881993      -1.513136770415067E-002  5.244667861928642E-003
  0.476150692671890      -1.510726816823071E-002  5.256677156608389E-003
  0.481518037317229      -1.508693520232627E-002  5.269780807350110E-003
  0.486953333930730      -1.505500019582860E-002  5.284860554959458E-003
  0.492480760527616      -1.500722928581132E-002  5.302408969927692E-003
  0.498139447739004      -1.493373052876649E-002  5.323096691248284E-003
  0.503996397735396      -1.481305855649549E-002  5.347866614779862E-003
  0.510183487813157      -1.459713249999071E-002  5.378094130357595E-003
  0.517042655548990      -1.409793387255866E-002  5.415873797883293E-003
  0.525030609740171      -1.187512742644356E-002  5.464568910858992E-003
  0.531315581560300      -6.660501642476800E-003  5.529959652012674E-003
  0.535298744728436      -3.292690116237815E-003  5.622944844270752E-003
  0.540296428811221      -6.896583785678378E-004  5.767246627964204E-003
  0.547114942043757       2.397023617465967E-003  6.032926049255823E-003
  0.558247528209017      -0.170458593383702       6.871766191064789E-003
  0.905837956719858      -8.892792575371156E-002  7.446509822806378E-003
  0.593048717765938       0.237681052891075       5.862066082036468E-003
  0.529197778880007      -8.050198963418884E-004  2.180891900278085E-003
  0.507143315354132      -2.838028016234216E-003 -8.369719471774434E-005
  0.509078334883618      -1.139060602276146E-003 -2.282241197133465E-004
  0.508055996845141       9.978019627130588E-003 -2.429000057869357E-004
  0.501922142994167       1.870339892464096E-002 -1.052684348384015E-004
  0.493157358813697       2.026168850436993E-002 -5.051445245541481E-005
  0.485575105064499       2.098952389738029E-002 -3.859069258193245E-005
  0.478520271359545       2.143626845285179E-002 -3.201472228966702E-005
  0.471818268618855       2.166323573818832E-002 -2.635075989208836E-005
  0.465386386391546       2.173266363566509E-002 -2.213662884613966E-005
  0.459169681124900       2.169329256486104E-002 -1.902439265770592E-005
  0.453127165082300       2.157871421376266E-002 -1.670153867363302E-005
  0.447254230041450       2.142644111691289E-002 -1.493480207450748E-005
  0.441479546139052       2.123582172862038E-002 -1.355891190799965E-005
  0.435801122783954       2.102690588023079E-002 -1.245967024229921E-005
  0.430205451337562       2.080825756887162E-002 -1.156001625212288E-005
  0.424679925871177       2.058584033781509E-002 -1.082117238002682E-005
  0.419213097123826       2.036396037859509E-002 -1.060290591528025E-005
  0.413798450764547       2.014563230156467E-002 -1.002651192874218E-005
  0.408427567895661       1.993261760609857E-002 -9.505492703653265E-006
  0.403094066212701       1.972624143912162E-002 -9.044960661047744E-006
  0.397792742393482       1.952726455238044E-002 -8.636895647329248E-006
  0.392519251982297       1.933609692040563E-002 -8.273003960235652E-006
  0.387269937249598       1.915290356123828E-002 -7.946092619063787E-006
  0.382041701209315       1.897767818970932E-002 -7.650321909760222E-006
  0.376831909296172       1.881029626279604E-002 -7.381053049742879E-006
  0.371638310946142       1.865055338208832E-002 -7.134596452753913E-006
  0.366458976210029       1.849819312503463E-002 -6.907983513875535E-006
  0.361292244051906       1.835292717888222E-002 -6.698790421040354E-006
  0.356136679904272       1.821444984090105E-002 -6.505009312456394E-006
  0.350991040647744       1.808244838404732E-002 -6.324955146313505E-006
  0.345854245592216       1.795661038518626E-002 -6.157197866022261E-006
  0.340725352337517       1.783662882208312E-002 -6.000512176275683E-006
  0.335603536618766       1.772220553323429E-002 -5.853839639650429E-006
  0.330488075419246       1.761305347946971E-002 -5.716259518335632E-006
  0.325378332772002       1.750889813165048E-002 -5.586965947674084E-006
  0.320273747782485       1.740947822495973E-002 -5.465249785865851E-006
  0.315173824491391       1.731454605767578E-002 -5.350483987774869E-006
  0.310078123268170       1.722386746644841E-002 -5.242111680202230E-006
  0.304986254608079       1.713805583384640E-002 -5.139636344239099E-006
  0.299897873405836       1.705909477113543E-002 -5.042613659792533E-006
  0.294812664711273       1.698357068073075E-002 -4.950644681598853E-006
  0.289730350822520       1.691131201656602E-002 -4.863370087570502E-006
  0.284650682827910       1.684215739008877E-002 -4.780465303857176E-006
  0.279573437177846       1.677595506906584E-002 -4.701636349827246E-006
  0.274498412715725       1.671256246522950E-002 -4.626616277272018E-006
  0.269425428100553       1.665184562297939E-002 -4.555162107301719E-006
  0.264354319563643       1.659367871763994E-002 -4.487052181148474E-006
  0.259284938951955       1.653794356924318E-002 -4.422083861936867E-006
  0.254217152017153       1.648452917561186E-002 -4.360071533328220E-006
  0.249150836916465       1.643333126730463E-002 -4.300844848926439E-006
  0.244085882896224       1.638425188574645E-002 -4.244247198006263E-006
  0.239022189133403       1.633719898503573E-002 -4.190134355336735E-006
  0.233959663714137       1.629208605737118E-002 -4.138373290640298E-006
  0.228898222731297       1.624883178184343E-002 -4.088841114290755E-006
  0.223837789485697       1.620735969565662E-002 -4.041424142396111E-006
  0.218778293777750       1.616759788702034E-002 -3.996017066371345E-006
  0.213719671278193       1.612947870861039E-002 -3.952522211552664E-006
  0.208661862968132       1.609293851061175E-002 -3.910848874713899E-006
  0.203604814639886       1.605791739210971E-002 -3.870912732232119E-006
  0.198548476451347       1.602435896981857E-002 -3.832635307672672E-006
  0.193492802527486       1.599221016302485E-002 -3.795943494270976E-006
  0.188437750603474       1.596142099366646E-002 -3.760769123711194E-006
  0.183383281704614       1.593194440060492E-002 -3.727048578456921E-006
  0.178329359858885       1.590373606707189E-002 -3.694722440288665E-006
  0.173275951838417       1.587675426039498E-002 -3.663735172521864E-006
  0.168223026926696       1.585095968317339E-002 -3.634034832109695E-006
  0.163170556708671       1.582631533508849E-002 -3.605572807820240E-006
  0.158118514881291       1.580278638461923E-002 -3.578303582571148E-006
  0.153066877082289       1.578034004994450E-002 -3.552184517068292E-006
  0.148015620735291       1.575894548840457E-002 -3.527175652292126E-006
  0.142964724909563       1.573857369394249E-002 -3.503239529497222E-006
  0.137914170192882       1.571919740193442E-002 -3.480341025655239E-006
  0.132863938576223       1.570079100093918E-002 -3.458447203241506E-006
  0.127814013349055       1.568333045083543E-002 -3.437527172683844E-006
  0.122764379004261       1.566679320704137E-002 -3.417551965858261E-006
  0.117715021151674       1.565115815022916E-002 -3.398494421159807E-006
  0.112665926439497       1.563640552136529E-002 -3.380329077231295E-006
  0.107617082482778       1.562251686153993E-002 -3.363032075928732E-006
  0.102568477798380       1.560947495650133E-002 -3.346581072731324E-006
  9.752010174578675E-002  1.559726378537986E-002 -3.330955155433256E-006
  9.247194447326949E-002  1.558586847351778E-002 -3.316134768608655E-006
  8.742399686893758E-002  1.557527524907884E-002 -3.302101644866068E-006
  8.237625051626324E-002  1.556547140323552E-002 -3.288838741095982E-006
  7.732869765372072E-002  1.555644525380928E-002 -3.276330180959226E-006
  7.228133113816271E-002  1.554818611198295E-002 -3.264561201307325E-006
  6.723414441172576E-002  1.554068425222745E-002 -3.253518103570611E-006
  6.218713147192964E-002  1.553393088501182E-002 -3.243188209158435E-006
  5.714028684476270E-002  1.552791813231329E-002 -3.233559818732439E-006
  5.209360556057176E-002  1.552263900582097E-002 -3.224622175962057E-006
  4.704708313253663E-002  1.551808738761428E-002 -3.216365432600536E-006
  4.200071553759510E-002  1.551425801335722E-002 -3.208780619305844E-006
  3.695449919968793E-002  1.551114645787536E-002 -3.201859617807267E-006
  3.190843097515242E-002  1.550874912294200E-002 -3.195595136309212E-006
  2.686250814023884E-002  1.550706322746011E-002 -3.189980688131472E-006
  2.181672838059786E-002  1.550608679972776E-002 -3.185010572014018E-006
  1.677108978269982E-002  1.550581867193952E-002 -3.180679855781781E-006
  1.172559082710083E-002  1.550625847675921E-002 -3.176984362363780E-006
  6.680230383581200E-003  1.550740664612114E-002 -3.173920656852513E-006
  1.635007708023588E-003  1.550926441200266E-002 -3.171486037692635E-006
 -3.410077558908684E-003  1.551183380944516E-002 -3.169678528799923E-006
 -8.455025391313811E-003  1.551511768165010E-002 -3.168496874153499E-006
 -1.349983537580033E-002  1.551911968720710E-002 -3.167940534261435E-006
 -1.854450670747003E-002  1.552384430933654E-002 -3.168009685736266E-006
 -2.358903818401313E-002  1.552929686776483E-002 -3.168705221097527E-006
 -2.863342819793170E-002  1.553548353253004E-002 -3.170028752905323E-006
 -3.367767472679297E-002  1.554241134018700E-002 -3.171982618228211E-006
 -3.872177532145185E-002  1.555008821246386E-002 -3.174569886247664E-006
 -4.376572709214367E-002  1.555852297733972E-002 -3.177794367241171E-006
 -4.880952669231278E-002  1.556772539274487E-002 -3.181660624988411E-006
 -5.385317030005900E-002  1.557770617292241E-002 -3.186173990481712E-006
 -5.889665359706552E-002  1.558847701756917E-002 -3.191340578175414E-006
 -6.393997174481424E-002  1.560005064394895E-002 -3.197167305224938E-006
 -6.898311935788930E-002  1.561244082203551E-002 -3.203661912752495E-006
 -7.402609047413619E-002  1.562566241294612E-002 -3.210832990180470E-006
 -7.906887852146385E-002  1.563973141071149E-002 -3.218690002547801E-006
 -8.411147628095543E-002  1.565466498772332E-002 -3.227243320078897E-006
 -8.915387584599548E-002  1.567048154393676E-002 -3.236504252087382E-006
 -9.419606857701561E-002  1.568720076015849E-002 -3.246485083415725E-006
 -9.923804505149972E-002  1.570484365558445E-002 -3.257199115086539E-006
 -0.104279795008779       1.572343264988225E-002 -3.268660708269505E-006
 -0.109321307289044       1.574299163020592E-002 -3.280885333170176E-006
 -0.114362569766075       1.576354602323499E-002 -3.293889621723356E-006
 -0.119403569273016       1.578512287278434E-002 -3.307691425764193E-006
 -0.124444291520436       1.580775092327324E-002 -3.322309879947546E-006
 -0.129484721005890       1.583146070935623E-002 -3.337765470399414E-006
 -0.134524840914022       1.585628465229788E-002 -3.354080110548557E-006
 -0.139564633006220       1.588225716333185E-002 -3.371277222125084E-006
 -0.144604077498586       1.590941475463162E-002 -3.389381824305505E-006
 -0.149643152926944       1.593779615830501E-002 -3.408420631413759E-006
 -0.154681835997331       1.596744245392520E-002 -3.428422158289001E-006
 -0.159720101420355       1.599839720510730E-002 -3.449416836221458E-006
 -0.164757921727404       1.603070660580538E-002 -3.471437138726391E-006
 -0.169795267066593       1.606441963671584E-002 -3.494517719515849E-006
 -0.174832104975895       1.609958823250204E-002 -3.518695563210766E-006
 -0.179868400130747       1.613626746027472E-002 -3.544010150054355E-006
 -0.184904114062798       1.617451570999251E-002 -3.570503635687241E-006
 -0.189939204846221       1.621439489715511E-002 -3.598221050113355E-006
 -0.194973626747325       1.625597067836376E-002 -3.627210513892390E-006
 -0.200007329832793       1.629931267981961E-002 -3.657523477188162E-006
 -0.205040259530957       1.634449473928675E-002 -3.689214981796945E-006
 -0.210072356139904       1.639159516113879E-002 -3.722343950695857E-006
 -0.215103554275142       1.644069698446110E-002 -3.756973506643246E-006
 -0.220133782248630       1.649188826325513E-002 -3.793171325682529E-006
 -0.225162961369537       1.654526235778466E-002 -3.831010025850156E-006
 -0.230191005155812       1.660091823499869E-002 -3.870567601282812E-006
 -0.235217818443857       1.665896077529532E-002 -3.911927901453423E-006
 -0.240243296381727       1.671950108174774E-002 -3.955181166758948E-006
 -0.245267323288919       1.678265678620891E-002 -4.000424623292785E-006
 -0.250289771363240       1.684855234491409E-002 -4.047763149389508E-006
 -0.255310499212163       1.691731931341060E-002 -4.097310020562256E-006
 -0.260329350182620       1.698909658736625E-002 -4.149187745241737E-006
 -0.265346145017377       1.706811906614079E-002 -4.203529004908052E-006
 -0.270360695366959       1.715070156202522E-002 -4.260477713975412E-006
 -0.275372786240178       1.723699719016455E-002 -4.320190217316015E-006
 -0.280382177968761       1.732719353849101E-002 -4.382836647511878E-006
 -0.285388603003993       1.742148731964112E-002 -4.448602466817274E-006
 -0.290391762213764       1.752008402036340E-002 -4.517690225318913E-006
 -0.295391320644327       1.762319722913808E-002 -4.590321570852317E-006
 -0.300386902669737       1.773104752825025E-002 -4.666739554670742E-006
 -0.305378086444269       1.784386079959362E-002 -4.747211285309485E-006
 -0.310364397566056       1.796186574436451E-002 -4.832030996092440E-006
 -0.315345301856442       1.808529035136561E-002 -4.921523602811313E-006
 -0.320320197160943       1.821435696028992E-002 -5.016048847915756E-006
 -0.325288404089012       1.834927544833712E-002 -5.116006150635333E-006
 -0.330249155637719       1.849023390769242E-002 -5.221840309530242E-006
 -0.335201585699901       1.863738596387451E-002 -5.334048242206538E-006
 -0.340144716558159       1.879083358686009E-002 -5.453186996901068E-006
 -0.345077445639913       1.895060383760543E-002 -5.579883331476544E-006
 -0.349998532101673       1.911661742549820E-002 -5.714845247661879E-006
 -0.354906584295110       1.928864616207243E-002 -5.858875976673374E-006
 -0.359800049964840       1.946625528377677E-002 -6.012891080794626E-006
 -0.364677212334590       1.964872503634654E-002 -6.177939551515555E-006
 -0.369536197389338       1.983494364036069E-002 -6.355230109422128E-006
 -0.374375001220084       2.002326044604983E-002 -6.546164361009100E-006
 -0.379191552246010       2.021128318475197E-002 -6.752379150363579E-006
 -0.383983833193463       2.039559585058800E-002 -6.975801442150120E-006
 -0.388750104996234       2.057136245042436E-002 -7.218720614347466E-006
 -0.393489304977007       2.073176424225814E-002 -7.483885396080436E-006
 -0.398201745396660       2.086719012799015E-002 -7.774636389625705E-006
 -0.402890335951416       2.096405481734211E-002 -8.095090943444700E-006
 -0.407562734461718       2.100304579652744E-002 -8.450406400170876E-006
 -0.412235172797768       2.095647850128659E-002 -8.847162467249805E-006
 -0.416939375030784       2.078423585205636E-002 -9.293926802205223E-006
 -0.421735349248182       2.042742712817860E-002 -9.802104647320623E-006
 -0.426735787475847       1.979834753193041E-002 -1.038723027948896E-005
 -0.432154755110870       1.876463051420497E-002 -1.107094416453853E-005
 -0.438411073486739       1.712644049482521E-002 -1.188402509421322E-005
 -0.446358259027467       1.461149886995127E-002 -1.287101811218924E-005
 -0.457713440032396       1.109277286656068E-002 -1.409720866661527E-005
 -0.473696016251082       1.014201015159850E-002 -1.565889053264117E-005
 -0.461482308260030       2.369321236594757E-002 -1.769790713989233E-005
 -0.438932407056678       1.762061952629779E-002 -2.042092701067582E-005
 -0.432769971709486       1.505182613657368E-002 -2.412166560253375E-005
 -0.432102222637371       1.436496576803866E-002 -2.919186301077603E-005
 -0.433482584098168       1.403091512684062E-002 -3.593114196783820E-005
 -0.435907950374517       1.396616458998434E-002 -4.353707700235513E-005
 -0.436729084577420       1.554623170409974E-002 -7.333423255912322E-005
 -0.434356168369703       2.321232322557611E-002 -1.729525403552440E-004
 -0.447206898557650       3.899517203667468E-002 -2.674551542810650E-004
 -0.477672402004840       3.323951046878532E-002 -1.608384416493369E-004
 -0.478030432145175      -3.323728569073007E-002  1.616572914057593E-004
 -0.447003728624417      -3.925990586599670E-002  2.681856536356462E-004
 -0.434074134374802      -2.281514299274528E-002  1.735235723846631E-004
 -0.436689002820032      -1.520828868425313E-002  7.376225753503434E-005
 -0.435892650301938      -1.373867390755186E-002  4.389789703975739E-005
 -0.433480559979754      -1.381145171500761E-002  3.625711303524235E-005
 -0.432110663114837      -1.411575892727109E-002  2.949449607796066E-005
 -0.432795406748667      -1.473676671837962E-002  2.440707967161505E-005
 -0.439018165483223      -1.709775652077282E-002  2.069294471518042E-005
 -0.461371052832940      -2.265716646906105E-002  1.795913636735349E-005
 -0.473620605176535      -1.043343332505390E-002  1.591120980051690E-005
 -0.458310538612327      -1.117398997767968E-002  1.434202333547004E-005
 -0.447062024336897      -1.429487078105090E-002  1.310940996272218E-005
 -0.439069821086735      -1.651590568041326E-002  1.211684581299858E-005
 -0.432717943576018      -1.794376696407397E-002  1.129887673398740E-005
 -0.427183877578870      -1.882598541609999E-002  1.061083085443734E-005
 -0.422062023433431      -1.934703419732133E-002  1.002183201000273E-005
 -0.417145512197597      -1.962889970842308E-002  9.510163615188796E-006
 -0.412325774416030      -1.975158905635539E-002  9.060230947768421E-006
 -0.407545035221288      -1.976804754641675E-002  8.660580100005255E-006
 -0.402772596731003      -1.971375194079838E-002  8.302603751771677E-006
 -0.397992496532878      -1.961276784362888E-002  7.979689516901372E-006
 -0.393196890926207      -1.948159548555081E-002  7.686652862130321E-006
 -0.388382426927876      -1.933164274240812E-002  7.419353615443655E-006
 -0.383548218472154      -1.917084019036397E-002  7.174431861827454E-006
 -0.378694703214227      -1.900471320331443E-002  6.949122410567895E-006
 -0.373822992044397      -1.883710512981247E-002  6.741121758872574E-006
 -0.368934498777782      -1.867067246339736E-002  6.548490745923598E-006
 -0.364030731249017      -1.850722847484692E-002  6.369581938878951E-006
 -0.359113176245613      -1.834798448041711E-002  6.202984487930621E-006
 -0.354183239233242      -1.819372092399792E-002  6.047481564621972E-006
 -0.349242216009868      -1.804490969210662E-002  5.902017032788121E-006
 -0.344291282767301      -1.790180214910890E-002  5.765669007444352E-006
 -0.339331496513207      -1.776449283491322E-002  5.637628638588779E-006
 -0.334363801057041      -1.763296573555285E-002  5.517182913561787E-006
 -0.329389035711985      -1.750712798431578E-002  5.403700587452240E-006
 -0.324407945042156      -1.738683444099110E-002  5.296620582342704E-006
 -0.319421188698163      -1.727190561668049E-002  5.195442348305927E-006
 -0.314429350815954      -1.716214072338567E-002  5.099717802855292E-006
 -0.309432948714676      -1.705732713937976E-002  5.009044548678085E-006
 -0.304432440784184      -1.695724723230599E-002  4.923060134860472E-006
 -0.299428233542622      -1.686168323117684E-002  4.841437175104797E-006
 -0.294420687895411      -1.677042065597149E-002  4.763879176991583E-006
 -0.289410124652245      -1.668325068124527E-002  4.690116959700488E-006
 -0.284396829370693      -1.659997171286828E-002  4.619905566952364E-006
 -0.279381060421788      -1.652349444094929E-002  4.553021595120008E-006
 -0.274363042962088      -1.645215943087341E-002  4.489260871077848E-006
 -0.269342977832385      -1.638390816258676E-002  4.428436428970744E-006
 -0.264321047044306      -1.631859230285781E-002  4.370376740085809E-006
 -0.259297413839827      -1.625607079892179E-002  4.314924159418040E-006
 -0.254272224852807      -1.619620984716082E-002  4.261933559623392E-006
 -0.249245611999890      -1.613888276117086E-002  4.211271124088046E-006
 -0.244217694136128      -1.608396977004131E-002  4.162813279771698E-006
 -0.239188578506542      -1.603135776966860E-002  4.116445751039558E-006
 -0.234158362020120      -1.598094004434087E-002  4.072062716486177E-006
 -0.229127132369570      -1.593261597146901E-002  4.029566059077312E-006
 -0.224094969016874      -1.588629071874919E-002  3.988864695383248E-006
 -0.219061944061840      -1.584187494083335E-002  3.949873975044579E-006
 -0.214028123008818      -1.579928448041502E-002  3.912515142474720E-006
 -0.208993565444413      -1.575844007713520E-002  3.876714852399148E-006
 -0.203958325637362      -1.571926708690975E-002  3.842404734196645E-006
 -0.198922453070414      -1.568169521310085E-002  3.809520998966885E-006
 -0.193885992912495      -1.564565825046625E-002  3.778004083207382E-006
 -0.188848986438516      -1.561109384247516E-002  3.747798328324566E-006
 -0.183811471403166      -1.557794325197587E-002  3.718851688536390E-006
 -0.178773482374098      -1.554615114522253E-002  3.691115466312590E-006
 -0.173735051029483      -1.551566538890486E-002  3.664544072309584E-006
 -0.168696206423975      -1.548643685966982E-002  3.639094805368100E-006
 -0.163656975226730      -1.545841926587011E-002  3.614727654332095E-006
 -0.158617381934803      -1.543156898073106E-002  3.591405115261273E-006
 -0.153577449064569      -1.540584488647644E-002  3.569092025089063E-006
 -0.148537197323711      -1.538120822886535E-002  3.547755410091472E-006
 -0.143496645765917      -1.535762248136053E-002  3.527364346612911E-006
 -0.138455811930054      -1.533505321865053E-002  3.507889833574658E-006
 -0.133414711965700      -1.531346799865145E-002  3.489304676269940E-006
 -0.128373360746324      -1.529283625263059E-002  3.471583378549953E-006
 -0.123331771971425      -1.527312918294197E-002  3.454702045223310E-006
 -0.118289958258869      -1.525431966779760E-002  3.438638292054638E-006
 -0.113247931228320      -1.523638217267803E-002  3.423371162372785E-006
 -0.108205701576731      -1.521929266797842E-002  3.408881051622025E-006
 -0.103163279146690      -1.520302855235700E-002  3.395149637636411E-006
 -9.812067298820443E-002 -1.518756858162107E-002  3.382159816225990E-006
 -9.307789141474204E-002 -1.517289280261267E-002  3.369895643132344E-006
 -8.803494205393377E-002 -1.515898249183372E-002  3.358342279388175E-006
 -8.299183189344311E-002 -1.514582009855346E-002  3.347485942291425E-006
 -7.794856732253259E-002 -1.513338919208493E-002  3.337313860930443E-006
 -7.290515416960403E-002 -1.512167441291989E-002  3.327814233717567E-006
 -6.786159773613093E-002 -1.511066142761931E-002  3.318976191965303E-006
 -6.281790282730404E-002 -1.510033688705699E-002  3.310789765163413E-006
 -5.777407377952858E-002 -1.509068838800578E-002  3.303245850026084E-006
 -5.273011448522440E-002 -1.508170443779628E-002  3.296336183175298E-006
 -4.768602841500682E-002 -1.507337442175531E-002  3.290053315181995E-006
 -4.264181863740525E-002 -1.506568857357255E-002  3.284390588955332E-006
 -3.759748783645176E-002 -1.505863794813998E-002  3.279342119809911E-006
 -3.255303832711431E-002 -1.505221439692064E-002  3.274902777806647E-006
 -2.750847206881157E-002 -1.504641054573224E-002  3.271068173331881E-006
 -2.246379067711073E-002 -1.504121977468169E-002  3.267834644277733E-006
 -1.741899543360450E-002 -1.503663620040726E-002  3.265199245449599E-006
 -1.237408729423312E-002 -1.503265466033287E-002  3.263159740675815E-006
 -7.329066895964827E-003 -1.502927069893916E-002  3.261714596126976E-006
 -2.283934561929179E-003 -1.502648055614145E-002  3.260862976757895E-006
  2.761309694878469E-003 -1.502428115721326E-002  3.260604744281376E-006
  7.806666169397330E-003 -1.502267010497731E-002  3.260940456473033E-006
  1.285213546368256E-002 -1.502164567369017E-002  3.261871370475669E-006
  1.789771848751313E-002 -1.502120680463613E-002  3.263399445655332E-006
  2.294341646045917E-002 -1.502135310361387E-002  3.265527350936255E-006
  2.798923091529131E-002 -1.502208484016444E-002  3.268258472423499E-006
  3.303516370285595E-002 -1.502340294850785E-002  3.271596924364936E-006
  3.808121699847321E-002 -1.502530903041037E-002  3.275547561624965E-006
  4.312739330974981E-002 -1.502780535967508E-002  3.280115994897646E-006
  4.817369548603122E-002 -1.503089488859093E-002  3.285308608007248E-006
  5.322012672942183E-002 -1.503458125613853E-002  3.291132578201227E-006
  5.826669060751370E-002 -1.503886879812748E-002  3.297595898308503E-006
  6.331339106795009E-002 -1.504376255925988E-002  3.304707402093514E-006
  6.836023245480470E-002 -1.504926830720444E-002  3.312476792809337E-006
  7.340721952700964E-002 -1.505539254869929E-002  3.320914673948346E-006
  7.845435747894550E-002 -1.506214254786004E-002  3.330032584006701E-006
  8.350165196327732E-002 -1.506952634665467E-002  3.339843034648003E-006
  8.854910911631572E-002 -1.507755278775563E-002  3.350359552038271E-006
  9.359673558600033E-002 -1.508623153982639E-002  3.361596722700760E-006
  9.864453856277675E-002 -1.509557312537517E-002  3.373570243584801E-006
  0.103692525813652      -1.510558895132716E-002  3.386296976502684E-006
  0.108740705719596      -1.511629134248650E-002  3.399795007491333E-006
  0.113789087316674      -1.512769357797260E-002  3.414083712536888E-006
  0.118837680341296      -1.513980993095575E-002  3.429183827185155E-006
  0.123886495279854      -1.515265571178236E-002  3.445117525101285E-006
  0.128935543423295      -1.516624731475879E-002  3.461908500851266E-006
  0.133984836927048      -1.518060226884273E-002  3.479582062674352E-006
  0.139034388876886      -1.519573929254259E-002  3.498165232031956E-006
  0.144084213361352      -1.521167835319899E-002  3.517686852483320E-006
  0.149134325551396      -1.522844073119413E-002  3.538177709349785E-006
  0.154184741788011      -1.524604908914421E-002  3.559670659149447E-006
  0.159235479678833      -1.526452754676991E-002  3.582200771638777E-006
  0.164286558204527      -1.528390176162065E-002  3.605805486208916E-006
  0.169337997836246      -1.530419901620754E-002  3.630524780542578E-006
  0.174389820665308      -1.532544831209274E-002  3.656401358395884E-006
  0.179442050546537      -1.534768047131494E-002  3.683480853805741E-006
  0.184494713256997      -1.537092824589621E-002  3.711812055565273E-006
  0.189547836671778      -1.539522643602303E-002  3.741447155140737E-006
  0.194601450959029      -1.542061201742170E-002  3.772442018256879E-006
  0.199655588796682      -1.544712427896482E-002  3.804856485766514E-006
  0.204710285613414      -1.547480497104992E-002  3.838754705341083E-006
  0.209765579857101      -1.550369846568582E-002  3.874205498110287E-006
  0.214821513294261      -1.553385192929104E-002  3.911282765985874E-006
  0.219878131344523      -1.556531550900759E-002  3.950065942854911E-006
  0.224935483454972      -1.559814253376775E-002  3.990640496578130E-006
  0.229993623519536      -1.563238973106840E-002  4.033098489319535E-006
  0.235052610349829      -1.566811746060930E-002  4.077539201627903E-006
  0.240112508204642      -1.570538996612633E-002  4.124069831849242E-006
  0.245173387386319      -1.574427564645135E-002  4.172806280533523E-006
  0.250235324913875      -1.578484734713832E-002  4.223874030991694E-006
  0.255298405284063      -1.582718267387128E-002  4.277409142939628E-006
  0.260362721333571      -1.587136432865904E-002  4.333559374379773E-006
  0.265428375217908      -1.591748046994513E-002  4.392485452081092E-006
  0.270495479524888      -1.596562509734789E-002  4.454362516045559E-006
  0.275564158544117      -1.601589846143128E-002  4.519381763910025E-006
  0.280634549717584      -1.606840749858458E-002  4.587752332262388E-006
  0.285706805300911      -1.612326629019279E-002  4.659703454449217E-006
  0.290781094270526      -1.618059654439369E-002  4.735486943362615E-006
  0.295857604518521      -1.624052809751044E-002  4.815380063046554E-006
  0.300936545385019      -1.630319943008992E-002  4.899688859406010E-006
  0.306018150587809      -1.636875819043333E-002  4.988752045283754E-006
  0.311102681620675      -1.643736171471983E-002  5.082945550113968E-006
  0.316190431706610      -1.650917752839045E-002  5.182687879340314E-006
  0.321281730410145      -1.658438380751333E-002  5.288446464749746E-006
  0.326376949034676      -1.666316977015432E-002  5.400745238350166E-006
  0.331476506846430      -1.674582084472929E-002  5.520173731542195E-006
  0.336580871887283      -1.683759008544284E-002  5.647398103682876E-006
  0.341690589524882      -1.693388856237055E-002  5.783174637777056E-006
  0.346806273724734      -1.703497716337801E-002  5.928366447180256E-006
  0.351928625688215      -1.714112981340114E-002  6.083964435514743E-006
  0.357058448711779      -1.725263230698467E-002  6.251114004341595E-006
  0.362196666003990      -1.736978028786312E-002  6.431149698942988E-006
  0.367344342134963      -1.749287603967820E-002  6.625641035712470E-006
  0.372502708967326      -1.762222362834386E-002  6.836454352147710E-006
  0.377673197146249      -1.775812176647203E-002  7.065837812480610E-006
  0.382857474531446      -1.790085353625412E-002  7.316539607807410E-006
  0.388057493381509      -1.805067178568245E-002  7.591971892038374E-006
  0.393275548751785      -1.820777856923886E-002  7.896430620748858E-006
  0.398514351738890      -1.837229639007334E-002  8.235357858591672E-006
  0.403777124126576      -1.854422806872092E-002  8.615520068676935E-006
  0.409067733620775      -1.872339868055314E-002  9.044321133881631E-006
  0.414390982489870      -1.890932100182677E-002  9.516810592153783E-006
  0.419753542411843      -1.910116536880335E-002  9.617807382380575E-006
  0.425159393048686      -1.929768567971769E-002  1.021877584616545E-005
  0.430617651984959      -1.949671009400924E-002  1.094532145878105E-005
  0.436137943332118      -1.969520425975291E-002  1.181527147183476E-005
  0.441730396755112      -1.988862600757302E-002  1.287777524293829E-005
  0.447395614009779      -2.006050832767885E-002  1.420862196050976E-005
  0.453193689879431      -2.022138313001245E-002  1.591941829784737E-005
  0.459125137063897      -2.034300358086373E-002  1.817105318849750E-005
  0.465222900308863      -2.040456757184921E-002  2.118832426439238E-005
  0.471530504453725      -2.037342017630086E-002  2.526407753405002E-005
  0.478107875752907      -2.020059406463070E-002  3.068886832766676E-005
  0.485047240065726      -1.981657500721143E-002  3.670924255855610E-005
  0.492531894644119      -1.914026877715198E-002  4.677733318712600E-005
  0.501201457728433      -1.763506966086140E-002  1.049854886781267E-004
  0.507734180912893      -9.389792483312853E-003  2.467859981357716E-004
  0.509025558299883       1.390418742236629E-003  2.275909985192092E-004
  0.507079102935777       2.957867831973398E-003  8.266714300449120E-005
  0.497723651513957       7.289638116689736E-003 -1.364736158033540E-003
  0.493369209486598       1.027885925368335E-002 -1.208133401624192E-003
  0.488169423645276       1.129634145550745E-002 -8.145265236075346E-004
  0.483036697375037       1.130759259303794E-002 -5.585725609662743E-004
  0.477973864778148       1.129655948285317E-002 -4.299977855190258E-004
  0.472925497730520       1.128466147718581E-002 -3.458250630533084E-004
  0.467880092953943       1.127354851218713E-002 -2.873347902774329E-004
  0.462835279321197       1.126347738406774E-002 -2.441668671671300E-004
  0.457790572780682       1.125442704406424E-002 -2.109360166546047E-004
  0.452745881435805       1.124654395296043E-002 -1.842820547680660E-004
  0.447701212115212       1.123910566684777E-002 -1.638729122906650E-004
  0.442656526156120       1.123243317772011E-002 -1.469056031327134E-004
  0.437611849743541       1.122638086431721E-002 -1.325381985511754E-004
  0.432567183555516       1.122087363093405E-002 -1.203537258916849E-004
  0.427522529232853       1.121680232569656E-002 -1.099184725858382E-004
  0.422477897218324       1.121779263490284E-002 -1.005979599434816E-004
  0.417433274970800       1.121863610837682E-002 -9.283784436936556E-005
  0.412388659973468       1.121936233112597E-002 -8.609716448853890E-005
  0.407344052841949       1.121999146036933E-002 -8.017544830647320E-005
  0.402299453505874       1.122053935857759E-002 -7.493643495272700E-005
  0.397254861646463       1.122101879158958E-002 -7.027435486128921E-005
  0.392210276863786       1.122144014365357E-002 -6.610441329073054E-005
  0.387165698735211       1.122181193465381E-002 -6.235738679223751E-005
  0.382121126840139       1.122214120734983E-002 -5.897606057854192E-005
  0.377076560771893       1.122243382260261E-002 -5.591271683503765E-005
  0.372032000143621       1.122269468764103E-002 -5.312727104742021E-005
  0.366987444591080       1.122292793453475E-002 -5.058584099464333E-005
  0.361942893773638       1.122313706102927E-002 -4.825962481868626E-005
  0.356898347374231       1.122332504256603E-002 -4.612401000912393E-005
  0.351853805098688       1.122349442202627E-002 -4.415785941122924E-005
  0.346809266674679       1.122364738210363E-002 -4.234293506319100E-005
  0.341764731850470       1.122378580403060E-002 -4.066343036980154E-005
  0.336720200393572       1.122391131550823E-002 -3.910558807932565E-005
  0.331675672089377       1.122402533004071E-002 -3.765738660837543E-005
  0.326631146739810       1.122412907938237E-002 -3.630828115102186E-005
  0.321586624162038       1.122422364043736E-002 -3.504898890590394E-005
  0.316542104187246       1.122430995766258E-002 -3.387131005201235E-005
  0.311497586659493       1.122438886181091E-002 -3.276797781048526E-005
  0.306453071434651       1.122446108567641E-002 -3.173253232064895E-005
  0.301408558379421       1.122452727737718E-002 -3.075921407323620E-005
  0.296364047370436       1.122458801160094E-002 -2.984287352289713E-005
  0.291319538293428       1.122464379916378E-002 -2.897889409547892E-005
  0.286275031042482       1.122469509516043E-002 -2.816312638520391E-005
  0.281230525519340       1.122474230593990E-002 -2.739183169087594E-005
  0.276186021632772       1.122478579509189E-002 -2.666163341676223E-005
  0.271141519298011       1.122482588860281E-002 -2.596947508962244E-005
  0.266097018436224       1.122486287930708E-002 -2.531258399173412E-005
  0.261052518974040       1.122489703074296E-002 -2.468843954824390E-005
  0.256008020843118       1.122492858050007E-002 -2.409474577772526E-005
  0.250963523979753       1.122495774313399E-002 -2.352940721176248E-005
  0.245919028324517       1.122498471270989E-002 -2.299050779238504E-005
  0.240874533821931       1.122500966502788E-002 -2.247629232732020E-005
  0.235830040420167       1.122503275957418E-002 -2.198515015604263E-005
  0.230785548070776       1.122505414123590E-002 -2.151560072800110E-005
  0.225741056728438       1.122507394181112E-002 -2.106628083563473E-005
  0.220696566350736       1.122509228134150E-002 -2.063593329084044E-005
  0.215652076897945       1.122510926929045E-002 -2.022339685907720E-005
  0.210607588332848       1.122512500558694E-002 -1.982759728972986E-005
  0.205563100620554       1.122513958155173E-002 -1.944753930998256E-005
  0.200518613728343       1.122515308072086E-002 -1.908229946267474E-005
  0.195474127625517       1.122516557957887E-002 -1.873101968753532E-005
  0.190429642283267       1.122517714821278E-002 -1.839290155591771E-005
  0.185385157674551       1.122518785089625E-002 -1.806720108541658E-005
  0.180340673773974       1.122519774661211E-002 -1.775322406605172E-005
  0.175296190557692       1.122520688952040E-002 -1.745032183907522E-005
  0.170251708003311       1.122521532937820E-002 -1.715788747969014E-005
  0.165207226089797       1.122522311191656E-002 -1.687535233776959E-005
  0.160162744797399       1.122523027917943E-002 -1.660218289749361E-005
  0.155118264107573       1.122523686982857E-002 -1.633787792271801E-005
  0.150073784002909       1.122524291941827E-002 -1.608196585591351E-005
  0.145029304467073       1.122524846064296E-002 -1.583400244549880E-005
  0.139984825484744       1.122525352356063E-002 -1.559356857674188E-005
  0.134940347041559       1.122525813579444E-002 -1.536026828484370E-005
  0.129895869124069       1.122526232271480E-002 -1.513372693398355E-005
  0.124851391719687       1.122526610760385E-002 -1.491358954153915E-005
  0.119806914816647       1.122526951180401E-002 -1.469951923711173E-005
  0.114762438403967       1.122527255485214E-002 -1.449119583890929E-005
  0.109717962471411       1.122527525460069E-002 -1.428831453898198E-005
  0.104673487009457       1.122527762732699E-002 -1.409058468367766E-005
  9.962901200926438E-002  1.122527968783173E-002 -1.389772864184147E-005
  9.458453746265039E-002  1.122528144952758E-002 -1.370948075063037E-005
  8.954006336206030E-002  1.122528292451875E-002 -1.352558633197106E-005
  8.449558970054635E-002  1.122528412367231E-002 -1.334580077276731E-005
  7.945111647174596E-002  1.122528505668181E-002 -1.316988865978135E-005
  7.440664366986270E-002  1.122528573212375E-002 -1.299762296636862E-005
  6.936217128964867E-002  1.122528615750759E-002 -1.282878428539032E-005
  6.431769932638905E-002  1.122528633931952E-002 -1.266316009932961E-005
  5.927322777588807E-002  1.122528628306044E-002 -1.250054408726966E-005
  5.422875663445671E-002  1.122528599327858E-002 -1.234073546428596E-005
  4.918428589890179E-002  1.122528547359686E-002 -1.218353834433169E-005
  4.413981556651685E-002  1.122528472673537E-002 -1.202876112977187E-005
  3.909534563507398E-002  1.122528375452917E-002 -1.187621591770223E-005
  3.405087610281753E-002  1.122528255794135E-002 -1.172571792294987E-005
  2.900640696845886E-002  1.122528113707180E-002 -1.157708491493343E-005
  2.396193823117251E-002  1.122527949116148E-002 -1.143013666228471E-005
  1.891746989059365E-002  1.122527761859246E-002 -1.128469438271026E-005
  1.387300194681693E-002  1.122527551688349E-002 -1.114058020011596E-005
  8.828534400396435E-003  1.122527318268134E-002 -1.099761659701459E-005
  3.784067252347056E-003  1.122527061174777E-002 -1.085562586515606E-005
 -1.260399495852859E-003  1.122526779894191E-002 -1.071442955108633E-005
 -6.304865842257716E-003  1.122526473819795E-002 -1.057384789192042E-005
 -1.134933178444935E-002  1.122526142249841E-002 -1.043369923495881E-005
 -1.639379731953030E-002  1.122525784384198E-002 -1.029379944476633E-005
 -2.143826244411615E-002  1.122525399320641E-002 -1.015396128745535E-005
 -2.648272715432615E-002  1.122524986050579E-002 -1.001399379223158E-005
 -3.152719144577223E-002  1.122524543454213E-002 -9.873701583658421E-006
 -3.657165531354663E-002  1.122524070295046E-002 -9.732884181786206E-006
 -4.161611875220827E-002  1.122523565213740E-002 -9.591335264184435E-006
 -4.666058175576720E-002  1.122523026721265E-002 -9.448841886409311E-006
 -5.170504431766716E-002  1.122522453191257E-002 -9.305183653224540E-006
 -5.674950643076656E-002  1.122521842851545E-002 -9.160131834998705E-006
 -6.179396808731771E-002  1.122521193774759E-002 -9.013448423469455E-006
 -6.683842927894387E-002  1.122520503867957E-002 -8.864885119441359E-006
 -7.188288999661405E-002  1.122519770861162E-002 -8.714182241921330E-006
 -7.692735023061550E-002  1.122518992294698E-002 -8.561067552510182E-006
 -8.197180997052439E-002  1.122518165505227E-002 -8.405254982544593E-006
 -8.701626920517334E-002  1.122517287610352E-002 -8.246443254098502E-006
 -9.206072792261624E-002  1.122516355491628E-002 -8.084314380241897E-006
 -9.710518611009031E-002  1.122515365775820E-002 -7.918532029698984E-006
 -0.102149643753975       1.122514314814207E-002 -7.748739744225956E-006
 -0.107194100839748       1.122513198659756E-002 -7.574558987282297E-006
 -0.112238557351936       1.122512013041882E-002 -7.395587003110895E-006
 -0.117283013274065       1.122510753338546E-002 -7.211394467839183E-006
 -0.122327468588599       1.122509414545373E-002 -7.021522903636850E-006
 -0.127371923276888       1.122507991241458E-002 -6.825481827518385E-006
 -0.132416377319092       1.122506477551454E-002 -6.622745603585949E-006
 -0.137460830694119       1.122504867103472E-002 -6.412749958638994E-006
 -0.142505283379543       1.122503152982306E-002 -6.194888120157732E-006
 -0.147549735351525       1.122501327677398E-002 -5.968506529554926E-006
 -0.152594186584720       1.122499383024855E-002 -5.732900069152109E-006
 -0.157638637052183       1.122497310142756E-002 -5.487306745398267E-006
 -0.162683086725266       1.122495099358862E-002 -5.230901750631133E-006
 -0.167727535573501       1.122492740129746E-002 -4.962790820385249E-006
 -0.172771983564483       1.122490220950143E-002 -4.682002785967473E-006
 -0.177816430663736       1.122487529251179E-002 -4.387481210763664E-006
 -0.182860876834573       1.122484651285922E-002 -4.078074975826970E-006
 -0.187905322037939       1.122481572000458E-002 -3.752527666673773E-006
 -0.192949766232253       1.122478274888384E-002 -3.409465573670462E-006
 -0.197994209373220       1.122474741826231E-002 -3.047384103540506E-006
 -0.203038651413647       1.122470952887013E-002 -2.664632352173735E-006
 -0.208083092303231       1.122466886128500E-002 -2.259395552261074E-006
 -0.213127531988340       1.122462517352311E-002 -1.829675048572354E-006
 -0.218171970411769       1.122457819829131E-002 -1.373265403207115E-006
 -0.223216407512489       1.122452763984620E-002 -8.877281450925068E-007
 -0.228260843225367       1.122447317039497E-002 -3.703615943490953E-007
 -0.233306666278854       1.117415054012430E-002  1.818339273552844E-007
 -0.238351134736969       1.117408404659003E-002  7.721963181849174E-007
 -0.243395603194851       1.117401254524835E-002  1.404448343981906E-006
 -0.248440071652477       1.117393556164591E-002  2.082751907752142E-006
 -0.253484540109821       1.117385256535998E-002  2.811771401146036E-006
 -0.258529008566853       1.117376296201263E-002  3.596747911189463E-006
 -0.263573477023542       1.117366608393238E-002  4.443586463171221E-006
 -0.268617945479849       1.117356117919558E-002  5.358958977574388E-006
 -0.273662413935731       1.117344739871989E-002  6.350426268254236E-006
 -0.278706882391141       1.117332378100502E-002  7.426583209599838E-006
 -0.283751350846020       1.117318923401931E-002  8.597232241395547E-006
 -0.288795819300304       1.117304251360793E-002  9.873591727128522E-006
 -0.293840287753919       1.117288219763938E-002  1.126854740372893E-005
 -0.298884756206774       1.117270665490462E-002  1.279695743926326E-005
 -0.303929224658769       1.117251400751824E-002  1.447602459474197E-005
 -0.308973693109780       1.117230208522660E-002  1.632575295366819E-005
 -0.314018161559664       1.117206836957216E-002  1.836951198892429E-005
 -0.319062630008250       1.117180992526041E-002  2.063473791616030E-005
 -0.324107098455330       1.117152331526665E-002  2.315381207657713E-005
 -0.329151566900656       1.117120449512676E-002  2.596516961784897E-005
 -0.334196035343922       1.117084868036200E-002  2.911471062320717E-005
 -0.339240503784754       1.117045017892455E-002  3.265761250756819E-005
 -0.344284972222685       1.117000217766692E-002  3.666068071435395E-005
 -0.349329440657129       1.116949646775216E-002  4.120543019761417E-005
 -0.354373909087344       1.116892308805512E-002  4.639217194534872E-005
 -0.359418377512372       1.116826985704515E-002  5.234550116297838E-005
 -0.364462845930967       1.116752175095839E-002  5.922177005400728E-005
 -0.369507314341478       1.116666006694667E-002  6.721941668260553E-005
 -0.374551782761543       1.117156229569741E-002  7.659347655929256E-005
 -0.379596251176960       1.117735276617270E-002  8.767633526059379E-005
 -0.384640719585455       1.118375970111630E-002  1.009079798950322E-004
 -0.389685187985468       1.119088014392775E-002  1.168810144822105E-004
 -0.394729656374920       1.119882966434225E-002  1.364091360018817E-004
 -0.399774124750890       1.120774469433696E-002  1.606337695667925E-004
 -0.404818593108999       1.121778279893480E-002  1.911943181132157E-004
 -0.409863061442300       1.122911708799205E-002  2.305072948963205E-004
 -0.414907529740096       1.124191595924177E-002  2.822372726734060E-004
 -0.419951997990403       1.125628778346292E-002  3.521170044909703E-004
 -0.424996466202626       1.127214282765462E-002  4.494285178545054E-004
 -0.430040934501762       1.128885865365838E-002  5.897977299390276E-004
 -0.435085403399020       1.130447234882569E-002  8.007388261500444E-004
 -0.440129874321778       1.131354454262389E-002  1.132200833822523E-003
 -0.445174350439349       1.130241100193190E-002  1.670535028064062E-003
 -0.450218840607425       1.124107040667916E-002  2.295896832748933E-003
 -0.455263472916089       1.101093472312928E-002  6.066296923555089E-004
 -0.460283909245986       1.095218248093148E-002 -2.068914468169261E-003
 -0.465343270615854       1.094038541802797E-002 -3.257242595420475E-003
 -0.470395696728223       1.093680824649351E-002 -3.844029562393142E-003
 -0.475448010262859       1.093537013603019E-002 -4.213980903323255E-003
 -0.480509439557785       1.093367354035017E-002 -4.489087010799740E-003
 -0.485601764986166       1.092552663481319E-002 -4.986923568388840E-003
 -0.490768053605631       1.065917361434808E-002 -6.036184123107125E-003
 -0.495689785663534       8.945598945074507E-003 -6.078532754683170E-003
 -0.499278795898045       5.108538170180946E-003 -3.728758703351673E-003
 -0.500587776578706       9.680485702037854E-007  3.546240990249224E-007
 -0.499278768913343      -5.105371716586622E-003  3.727389822510152E-003
 -0.495689438643780      -8.941644082547115E-003  6.071169511557654E-003
 -0.490768371692937      -1.065375236591802E-002  6.029587948817201E-003
 -0.485600734797704      -1.091827802369228E-002  4.983222778410729E-003
 -0.480507435252634      -1.092855851974090E-002  4.488170757738544E-003
 -0.475448737424917      -1.093220088450074E-002  4.213825336764325E-003
 -0.470402166077894      -1.093223890957025E-002  3.844104190460839E-003
 -0.465362467639673      -1.092910763917414E-002  3.258546277036730E-003
 -0.460331746380917      -1.091757900233035E-002  2.074285176572773E-003
 -0.455263155458892      -1.101120670598207E-002 -5.934066163217071E-004
 -0.450218782411743      -1.124440727120874E-002 -2.293961337936856E-003
 -0.445174333527630      -1.130716306549947E-002 -1.672717697915138E-003
 -0.440129872305970      -1.131862573911116E-002 -1.133707999164139E-003
 -0.435085406178049      -1.130946443729971E-002 -8.016619306217762E-004
 -0.430040938124396      -1.129363199494419E-002 -5.903878494180792E-004
 -0.424996469504669      -1.127667333646231E-002 -4.498337786162281E-004
 -0.419952000804234      -1.126058685039582E-002 -3.524150742039924E-004
 -0.414907532140709      -1.124600567520408E-002 -2.824695043080905E-004
 -0.409863063522443      -1.123302105454437E-002 -2.306968178473171E-004
 -0.404818594937896      -1.122152288742178E-002 -1.913548067449914E-004
 -0.399774126376914      -1.121134012434201E-002 -1.607737340428187E-004
 -0.394729657832936      -1.120229696865302E-002 -1.365341110200002E-004
 -0.389685189301829      -1.119423344082034E-002 -1.169947345631455E-004
 -0.384640720780834      -1.118701104140899E-002 -1.010130435458066E-004
 -0.379596252267977      -1.118051246643012E-002 -8.777459808450788E-005
 -0.374551783761776      -1.117463922870951E-002 -7.668629346371544E-005
 -0.369507315260513      -1.116950197610197E-002 -6.730779631641024E-005
 -0.364462846749212      -1.117037496744793E-002 -5.930647619997581E-005
 -0.359418378245798      -1.117113272224426E-002 -5.242712099948793E-005
 -0.354373909748661      -1.117179423051323E-002 -4.647116303075551E-005
 -0.349329441256585      -1.117237474461493E-002 -4.128215344037982E-005
 -0.344284972768637      -1.117288662982557E-002 -3.673542391944151E-005
 -0.339240504284090      -1.117333999627441E-002 -3.273060746076902E-005
 -0.334196035802373      -1.117374317460640E-002 -2.918614566209814E-005
 -0.329151567323032      -1.117410307828308E-002 -2.603519901267660E-005
 -0.324107098845700      -1.117442548252827E-002 -2.322256310952263E-005
 -0.319062630370081      -1.117471524122153E-002 -2.070231628674049E-005
 -0.314018161895930      -1.117497645707258E-002 -1.843600598499250E-005
 -0.308973693423046      -1.117521261625505E-002 -1.639123670066559E-005
 -0.303929224951262      -1.117542669574735E-002 -1.454056060935625E-005
 -0.298884756480437      -1.117562124952756E-002 -1.286059865568433E-005
 -0.293840288010453      -1.117579847825224E-002 -1.133133878878263E-005
 -0.288795819541208      -1.117596028593887E-002 -9.935571584600071E-006
 -0.283751351072618      -1.117610832634569E-002 -8.658433267083563E-006
 -0.278706882604608      -1.117624404113451E-002 -7.487033351507741E-006
 -0.273662414137115      -1.117636869143522E-002 -6.410149434002697E-006
 -0.268617945670083      -1.117648338408226E-002 -5.417975617243117E-006
 -0.263573477203466      -1.117658909352567E-002 -4.501914053594122E-006
 -0.258529008737221      -1.117668668021038E-002 -3.654401361487279E-006
 -0.253484540271312      -1.117677690605806E-002 -2.868763388571542E-006
 -0.248440071805706      -1.117686044756190E-002 -2.139093165111920E-006
 -0.243395603340376      -1.117693790690343E-002 -1.460147901822017E-006
 -0.238351134875295      -1.117700982142563E-002 -8.272617074867095E-007
 -0.233306666410442      -1.117707667173347E-002 -2.362713557613625E-007
 -0.228263546535584      -1.112737261808812E-002  3.165470930257463E-007
 -0.223219045543333      -1.112743362673677E-002  8.345325827982484E-007
 -0.218174545928036      -1.112749080146595E-002  1.320685725015777E-006
 -0.213130047625077      -1.112754443846025E-002  1.777709039332426E-006
 -0.208085550573904      -1.112759480580610E-002  2.208041752120706E-006
 -0.203041054717757      -1.112764214660166E-002  2.613889983601149E-006
 -0.197996560003419      -1.112768668167291E-002  2.997253009477278E-006
 -0.192952066380974      -1.112772861195092E-002  3.359946162447986E-006
 -0.187907573803588      -1.112776812055738E-002  3.703620863354100E-006
 -0.182863082227305      -1.112780537464004E-002  4.029782180038303E-006
 -0.177818591610856      -1.112784052699001E-002  4.339804258549568E-006
 -0.172774101915480      -1.112787371747072E-002  4.634943919365388E-006
 -0.167729613104764      -1.112790507428368E-002  4.916352655717914E-006
 -0.162685125144488      -1.112793471509040E-002  5.185087254028497E-006
 -0.157640638002486      -1.112796274801056E-002  5.442119211113819E-006
 -0.152596151648515      -1.112798927251063E-002  5.688343098732846E-006
 -0.147551666054135      -1.112801438019609E-002  5.924584014451540E-006
 -0.142507181192597      -1.112803815552038E-002  6.151604225891368E-006
 -0.137462697038740      -1.112806067641884E-002  6.370109109926398E-006
 -0.132418213568894      -1.112808201487714E-002  6.580752475124463E-006
 -0.127373730760793      -1.112810223744218E-002  6.784141330519919E-006
 -0.122329248593495      -1.112812140568066E-002  6.980840176699926E-006
 -0.117284767047301      -1.112813957659287E-002  7.171374869864148E-006
 -0.112240286103687      -1.112815680298546E-002  7.356236104481188E-006
 -0.107195805745242      -1.112817313380743E-002  7.535882565071345E-006
 -0.102151325955603      -1.112818861445484E-002  7.710743776166857E-006
 -9.710684671940305E-002 -1.112820328704566E-002  7.881222688070388E-006
 -9.206236802221593E-002 -1.112821719066891E-002  8.047698030664861E-006
 -8.701788985051220E-002 -1.112823036161093E-002  8.210526450317755E-006
 -8.197341219161301E-002 -1.112824283355974E-002  8.370044463024250E-006
 -7.692893503364928E-002 -1.112825463779154E-002  8.526570240582506E-006
 -7.188445836552482E-002 -1.112826580333971E-002  8.680405242585575E-006
 -6.683998217688109E-002 -1.112827635714795E-002  8.831835718952948E-006
 -6.179550645806499E-002 -1.112828632421032E-002  8.981134088780939E-006
 -5.675103120009966E-002 -1.112829572769808E-002  9.128560212092300E-006
 -5.170655639465711E-002 -1.112830458907482E-002  9.274362569874001E-006
 -4.666208203403368E-002 -1.112831292820171E-002  9.418779350984053E-006
 -4.161760811112698E-002 -1.112832076343227E-002  9.562039466167091E-006
 -3.657313461941483E-002 -1.112832811169912E-002  9.704363495205240E-006
 -3.152866155293697E-002 -1.112833498859239E-002  9.845964567153455E-006
 -2.648418890627762E-002 -1.112834140843014E-002  9.987049192023333E-006
 -2.143971667454985E-002 -1.112834738432286E-002  1.012781803969665E-005
 -1.639524485338207E-002 -1.112835292823087E-002  1.026846667725330E-005
 -1.135077343890562E-002 -1.112835805101590E-002  1.040918627230999E-005
 -6.306302427744342E-003 -1.112836276248761E-002  1.055016425745257E-005
 -1.261831817005021E-003 -1.112836707144399E-002  1.069158497090571E-005
  3.782638395730804E-003 -1.112837098570782E-002  1.083363027268590E-005
  8.827108212412737E-003 -1.112837451215820E-002  1.097648013769164E-005
  1.387157763452709E-002 -1.112837765675699E-002  1.112031323668661E-005
  1.891604666310098E-002 -1.112838042457221E-002  1.126530749890965E-005
  2.396051529870466E-002 -1.112838281979656E-002  1.141164066950488E-005
  2.900498354145306E-002 -1.112838484576209E-002  1.155949085961435E-005
  3.404945139100551E-002 -1.112838650495153E-002  1.170903709094543E-005
  3.909391884656484E-002 -1.112838779900501E-002  1.186045984159014E-005
  4.413838590687513E-002 -1.112838872872386E-002  1.201394159755219E-005
  4.918285257021741E-002 -1.112838929407045E-002  1.216966740572015E-005
  5.422731883440476E-002 -1.112838949416370E-002  1.232782544014325E-005
  5.927178469677623E-002 -1.112838932727183E-002  1.248860757827055E-005
  6.431625015418863E-002 -1.112838879080054E-002  1.265220999393610E-005
  6.936071520300760E-002 -1.112838788127725E-002  1.281883377212129E-005
  7.440517983909652E-002 -1.112838659433186E-002  1.298868554241913E-005
  7.944964405780459E-002 -1.112838492467224E-002  1.316197814273516E-005
  8.449410785395335E-002 -1.112838286605629E-002  1.333893131364200E-005
  8.953857122182053E-002 -1.112838041125887E-002  1.351977242607577E-005
  9.458303415512323E-002 -1.112837755203328E-002  1.370473725173145E-005
  9.962749664699908E-002 -1.112837427906846E-002  1.389407077699367E-005
  0.104671958689985      -1.112837058193977E-002  1.408802806646836E-005
  0.109716420275994      -1.112836644905376E-002  1.428687518718336E-005
  0.114760881396290      -1.112836186758697E-002  1.449089019166200E-005
  0.119805342041461      -1.112835682341663E-002  1.470036417118186E-005
  0.124849802201388      -1.112835130104460E-002  1.491560239319093E-005
  0.129894261865212      -1.112834528351265E-002  1.513692551725502E-005
  0.134938721021300      -1.112833875230785E-002  1.536467091513549E-005
  0.139983179657204      -1.112833168725909E-002  1.559919409341702E-005
  0.145027637759623      -1.112832406642166E-002  1.584087023672514E-005
  0.150072095314351      -1.112831586594977E-002  1.609009588608655E-005
  0.155116552306235      -1.112830705995617E-002  1.634729076127251E-005
  0.160161008719113      -1.112829762035590E-002  1.661289974836081E-005
  0.165205464535766      -1.112828751669450E-002  1.688739507445667E-005
  0.170249919737843      -1.112827671595752E-002  1.717127867876281E-005
  0.175294374305804      -1.112826518235909E-002  1.746508481989433E-005
  0.180338828218837      -1.112825287710865E-002  1.776938293182289E-005
  0.185383281454782      -1.112823975815153E-002  1.808478076624867E-005
  0.190427733990043      -1.112822577988108E-002  1.841192785909519E-005
  0.195472185799489      -1.112821089281930E-002  1.875151934895444E-005
  0.200516636856356      -1.112819504326049E-002  1.910430020204131E-005
  0.205561087132131      -1.112817817287544E-002  1.947106989424127E-005
  0.210605536596431      -1.112816021826937E-002  1.985268759935963E-005
  0.215649985216867      -1.112814111048761E-002  2.025007796194228E-005
  0.220694432958905      -1.112812077446373E-002  2.066423752195717E-005
  0.225738879785699      -1.112809912840016E-002  2.109624188413865E-005
  0.230783325657926      -1.112807608307319E-002  2.154725373649393E-005
  0.235827770533591      -1.112805154105193E-002  2.201853182487552E-005
  0.240872214367826      -1.112802539581751E-002  2.251144103252352E-005
  0.245916657112660      -1.112799753076988E-002  2.302746371839258E-005
  0.250961098716778      -1.112796781810417E-002  2.356821249407534E-005
  0.256005539125243      -1.112793611753659E-002  2.413544466655081E-005
  0.261049978279207      -1.112790227485842E-002  2.473107859090672E-005
  0.266094416115582      -1.112786612028895E-002  2.535721223390078E-005
  0.271138852566686      -1.112782746659603E-002  2.601614430751814E-005
  0.276183287559853      -1.112778610694670E-002  2.671039837656757E-005
  0.281227721017001      -1.112774181244092E-002  2.744275044558017E-005
  0.286272152854163      -1.112769432927639E-002  2.821626061205344E-005
  0.291316582980969      -1.112764337547853E-002  2.903430948581320E-005
  0.296361011300078      -1.112758863711754E-002  2.990064023003543E-005
  0.301405437706552      -1.112752976392073E-002  3.081940723536874E-005
  0.306449862087174      -1.112746636416473E-002  3.179523266622721E-005
  0.311494284319698      -1.112739799871077E-002  3.283327237850377E-005
  0.316538704272025      -1.112732417401468E-002  3.393929303536792E-005
  0.321583121801308      -1.112724433390423E-002  3.511976266542060E-005
  0.326627536752977      -1.112715784987027E-002  3.638195743114689E-005
  0.331671948959683      -1.112706400955554E-002  3.773408801437736E-005
  0.336716358240153      -1.112696200304714E-002  3.918544988617764E-005
  0.341760764397976      -1.112685090648188E-002  4.074660276422933E-005
  0.346805167220311      -1.112672966234159E-002  4.242958594521322E-005
  0.351849566476544      -1.112659705565094E-002  4.424817795577228E-005
  0.356893961916921      -1.112645168507186E-002  4.621821122937223E-005
  0.361938353271192      -1.112629192759696E-002  4.835795551794577E-005
  0.366982740247358      -1.112611589516461E-002  5.068858762372031E-005
  0.372027122530602      -1.112592138099685E-002  5.323477024099674E-005
  0.377071499782592      -1.112570579276471E-002  5.602536969836853E-005
  0.382115871641400      -1.112546606873062E-002  5.909435218710120E-005
  0.387160237722468      -1.112519857170463E-002  6.248191256679854E-005
  0.392204597621460      -1.112489895385786E-002  6.623591339022998E-005
  0.397248950920972      -1.112456198301582E-002  7.041375595531291E-005
  0.402293297207114      -1.112418131804810E-002  7.508490627821688E-005
  0.407337636117286      -1.112374921875157E-002  8.033461173065842E-005
  0.412381967498160      -1.112325618688298E-002  8.627097596380956E-005
  0.417426291844420      -1.112269072774097E-002  9.305555284797837E-005
  0.422470606449140      -1.112204282153987E-002  1.012000442099515E-004
  0.427514911133768      -1.112128358961876E-002  1.101705693366666E-004
  0.432559196396188      -1.112537708305881E-002  1.205429396614393E-004
  0.437603467337392      -1.113132548263181E-002  1.326417925059405E-004
  0.442647726722210      -1.113789645796261E-002  1.467198326087304E-004
  0.447692001157636      -1.114521944783428E-002  1.634207449022615E-004
  0.452736254296884      -1.115306663977133E-002  1.850673259165850E-004
  0.457780519872544      -1.116214011618412E-002  2.113874388652158E-004
  0.462824837025753      -1.117234101681613E-002  2.445868406215024E-004
  0.467869339577398      -1.118380770060705E-002  2.878250577005457E-004
  0.472914573791355      -1.119664657497547E-002  3.464925479492881E-004
  0.477962955685268      -1.121071665269061E-002  4.312249240786172E-004
  0.483025941311879      -1.122439170339058E-002  5.614624253975013E-004
  0.488159461873863      -1.121558497950870E-002  8.130408223676363E-004
  0.493366018144674      -1.019500011484739E-002  1.199253894676191E-003
  0.497722933306926      -7.220645446162216E-003  1.364069815483515E-003
  0.500254333202013      -2.620568515552493E-003  6.967457870644712E-004
