   1.95481639427501       5.281926891335574E-003 -0.101115865443728     
 -0.517844736446714        4.02658058427068      -0.822425292909746     
  -1.61400447680450       5.873084674993134E-002 -0.374189764316121     
  -2.11931243910773      -0.274045502299003       0.344378765388690     
  -1.61782689360083        1.86985093288300      -3.998655567169977E-003
   3.27842302941601       -1.61390522882541       9.707485014141841E-002
 -0.499634708942307        3.98617740069658       0.840427834744423     
   1.84702623795836       0.183879675103567       0.385457385714635     
 -0.488998024633408       0.101001798659038      -0.329884515657628     
   2.30794968155721       -1.12028567747482       6.640192392225260E-004
  -1.29652572110416        2.43535333186408      -7.117926623101142E-003
   3.57064458490141       -1.72556484186681       0.122506124623142     
   1.06133835564840       0.422875338355403      -2.291466567351151E-002
 -0.687028051127218        1.49417735362286      -0.147703601956453     
  -1.24184134101148        2.50527871723225       1.592682988006959E-003
  -1.45900417121253        2.22489000654383       9.114093548512550E-003
  -1.68525558332720       0.623703283484658      -0.124142644512732     
   1.82715573896786       0.642659172923532      -3.772363553655882E-003
   3.72470661550212       -1.38996182346877       0.148635394277348     
   3.66494601864051       -1.51884019580586      -1.816072649442902E-004
   2.29680499849930       -1.17888285178297      -4.289416849734294E-002
 -0.658546224764099        1.59227287895472      -0.682298150675014     
  0.726831671395815      -0.432749025186649      -0.848040330949241     
 -0.811822526478812        1.28913223559840       0.303710840409858     
  -1.44021680370306        2.02209179000987      -5.385596357565629E-003
  -1.00974193316864        1.82415946544829       7.829552347497787E-002
   2.06704098685285      -0.359838292251988       0.717134390976411     
 -0.161338316524336      -0.358883645685606       0.425657567152888     
  -1.43203022737557        2.47753129051132      -0.232665524805369     
   1.90234964057409      -0.641570220731970       2.331962376989946E-003
   3.52154452279655       -1.82029757527712      -9.709411349308690E-002
   2.08833598467861      -0.505709298720496      -0.420037954681102     
   2.76232397397555       -1.52946859294123       0.462405013555629     
  0.405283410233172      -0.309489319570357       0.246118605995517     
  6.852621938871961E-002   1.17947464220559       3.348105446584251E-003
  0.334376066697432       6.803152927738951E-002 -2.948834261334844E-002
  -1.58171461629637        1.67231190181316       0.159423228603229     
  -1.34749339975119        2.99462499745160       0.253959836066454     
  0.898011279800939       -1.06915408219734      -4.732005463124023E-002
 -0.271334894083785       -1.62459104776804      -7.958969424241831E-002
  0.780146957604273       0.141207304217985      -1.920329399189159E-002
  0.899321210328383      -0.682983039283158      -0.807157513870964     
   3.91967986119609      -0.968375955029344       -1.17059089801001     
   1.11986557695420       0.498803343230779       0.138680809963404     
  0.661089919227591      -0.109982633833135      -6.404776089252102E-003
  0.729443686070603       0.805211123585721       0.101993310967582     
 -0.683202508930024        1.47834548422406       0.615615623551617     
  0.543862173519353       -1.68419597111415       0.194136009619215     
  -1.45209189676486        2.91135288295757       0.278436526353979     
   1.04628295981854       0.398521317933000       1.935524490193827E-003
   2.23747516229794       -1.00452967027429      -4.866020680091607E-002
   2.42462448410558       0.421280978032498      -0.105022271898516     
  -2.41328929316617        1.15451418222192       0.307035466455917     
   2.92253212552113       -2.13256822784490      -4.438331324921431E-003
   1.92043609168683       5.585873856030762E-002  7.290671353185216E-002
  -1.57507135616856        1.78898952002456       0.379281909873352     
   1.12234800841207       0.705889439029208       0.125917125280527     
   1.03652509734854       0.215234560654542      -0.591098772031691     
  0.956567968281766      -3.317712871523118E-002 -2.936566780761302E-005
 -0.534924660269482        2.62949302306967      -5.746540247472543E-002
 -0.870221919446629        1.64564953705877      -0.580762261307634     
 -0.168330154851447        2.02250137866879      -0.174783705283233     
  -1.03409746040639        1.96150136944106      -0.242922682173587     
   1.54340106535752       0.126575274812769      -9.363547103277298E-003
  0.576679297716149       0.247279580485375       9.289862270510575E-003
 -0.755954527321626      -0.700844764912362       0.417780812573271     
  -2.23010920665471      -8.386281596236331E-002  0.503700142666753     
  -1.69943034790136       0.534323093276337       0.487098117114293     
   2.73144995493253      -8.021666417753609E-002  2.175518030053149E-003
   2.39636560562801       -1.35763165048539       0.120525988342794     
   1.98569251136408       2.786375258951283E-002 -0.894692731803989     
  0.350969774463399       0.578081367228108       0.457934760255286     
  0.507764900144191      -9.587740990732840E-003 -6.989702836230400E-004
  0.574020887687160      -1.611087799861634E-002  0.144361755076373     
   1.56748623183759        1.78009277353588       0.459610186966378     
  0.661516087405290      -0.243764334548106      -0.355599564335027     
  0.891911870848328       0.803969387090679      -0.822615191205587     
   1.01159429083874       0.560303625852260      -3.591433177995619E-004
   2.32838375851909       0.181589906721139      -4.714099061165442E-002
   2.56673951851863       0.850236596435328       -1.05533774482140     
  0.311793790734940        1.67011587952987      -0.658096593632964     
  0.212069010084759        1.70184256648518      -5.759669416177592E-002
   1.10717958959001        1.80675532603976      -1.793915351292807E-002
 -7.473386639445267E-002  0.913100302081394       0.128429305801281     
 -0.846306958413282        1.58898743673950       0.687089608252444     
   1.93012512939596      -0.908892204442283       0.182392137809212     
   1.63177670032251       0.163689499003085       0.391095667616334     
   2.88676988767985       -1.48471440035952       1.476970256553176E-003
   2.41307187300292       0.490403128771944       3.937724863105808E-002
   2.74102692481524       0.135327298479012        1.87537347088737     
  -2.03702929255505      -0.321845840622683      -0.221426551564394     
   1.67661878803250       0.782947170440198       -1.01140973873914     
  -1.36894585233817        2.41818873670007      -1.137692864848381E-002
  0.703597901618588      -0.553583737091622      -0.240211217966672     
  0.845322437336919        1.69772543642810       -1.06766328278000     
   2.79830884708085       -2.31339996225775        1.82630909340705     
  -1.16262075026109        2.16520911891843      -0.272274709394550     
   2.41723869893418       0.147484730505930       7.138556852118644E-004
  0.432797149363264      -0.543467157013137      -0.120372970832519     
  -1.52664916419909      -0.971742566501614      -0.354350089009015     
 -0.563732029920104      -1.826165075852465E-002   2.72147058567463     
  -1.07519568046395        1.08200165288920       -1.01309589113828     
  -3.27843722582211        1.70037310890124       2.161641276026689E-003
  0.434365634531120       0.399138130246322      -0.433048851138692     
   1.82145087382099      -0.161097788208041      -0.538036993035730     
   3.46731221522591      -0.629958667465813        1.75165968314661     
   1.27181373965531        2.37715762425571        1.87749535609673     
   1.86646447209701      -0.714783965305949       7.097821365092703E-003
  0.606196986783342       0.257590793762438      -1.173667029479791E-002
   3.23656398272271       0.598490537029396      -0.390605161696906     
 -0.918444852508335        2.19284051072988       -3.58360136644097     
   1.24846608147198        1.24900319682090        1.89731210193358     
   2.48985800283318       -1.44488614646371       2.799845655205237E-004
  3.648637425958647E-003   1.41959707042016       3.827576633325102E-002
   1.54540308242398      -0.249990784034296        1.97778504491821     
 -0.951875751625980        3.06076811132621       -1.14686602752673     
   2.54392644914566       -1.20827844289341       -2.55556421818819     
   2.13446918060866        1.01718566711308       1.873001750702176E-003
  0.490914947143952       -1.55394538260234      -0.406224028400839     
   1.46324875359204        2.28505884736798       -2.40570442423362     
  -1.64207053724652        2.55111625840718        1.96777813959511     
 -0.561306393142109      -0.369123480784647      -0.615133848502161     
  0.859934556479306      -0.665869236661938      -6.216550114596788E-003
  -1.78021034602094       0.596339454207407      -0.135214724657560     
  -1.50246451093280       0.726453500638093       0.104283572236283     
  0.836430243337827        1.52211292501073        3.61726150092351     
  0.289542425903184      -0.955521294364503        2.17562296131360     
   1.76455287903431       0.644510643336121      -1.598685925025574E-003
   4.55406704103294       0.228757421004240       0.906489331549847     
   1.47387817530930       0.866680822731535        3.68286193328632     
   2.50525856250277       -1.90846366500377       -5.35403104214083     
   9.09867590652303        3.38284043600843       -11.2233524746089     
   1.68334396324497      -0.897218314213182      -4.274688172673918E-002
   1.63372169038564       -1.12980360887431       0.383455644517154     
 -0.697374888598535        1.91238550068639       -1.00818321672217     
 -0.237046672812581        2.43111501208801       -6.70703100231049     
   1.00498512562201       0.274493218979027      -0.236956385916552     
   2.86485924651195       -1.09563396859058      -5.300684374434475E-003
  -6.59086316858507       0.632595853201960        13.7393283872965     
  -5.21991994682906        3.37923718242189        7.68467356291863     
  0.567323359945837        1.45380962070682       8.007325380406177E-002
 -0.836349556621261        2.63317143755250       0.122196714158013     
   5.01354783539526       3.855395137997400E-002   11.1893932858862     
   9.23520322865661        2.92563502097561        14.5130227244873     
  -5.63442123469267        3.07418018449501       -11.4904970093149     
  0.443097886412751      -0.378046259653867       3.692459707129850E-002
  -1.25716298471837        1.84458428840988        3.79976909162064     
   5.74916544036789        1.29202082336645       -5.09929884186164     
   1.47472396197080       0.679806640059164      -0.789088469286378     
  0.581718351268566      -0.148514553536250       0.143785069346820     
  0.707763736423168      -0.354258117871984       0.256453061596234     
  -1.92412083127787       0.743347445854892       -2.99930073126100     
 -0.254146760419954       -1.08042044770692       -4.59507119340280     
   5.92592278890262        1.49056905337107        4.11432804989775     
  0.103095611381544       0.873885014214207      -8.716518956806883E-003
 -0.546698323390357        1.68846875713760      -9.154444134779209E-002
   1.13171873590756      -8.312723527933530E-002  -1.61114203934200     
  2.153770419936653E-002 -0.427553437498717        1.95641147546800     
  0.318851453044009      -0.469883939066784      -0.572709108749060     
  -1.82675672048880       0.399171171616229      -7.077823584918162E-002
  0.505684069839386      -0.462534144400883      -3.397836424476441E-002
  -1.17875163926584        1.38395060996813        2.04939918218744     
   3.18640336113051       -1.94342035935228        2.13775455767771     
   1.34184299998011        1.63568163380286       -1.54717518826371     
   3.33597301028560       -1.56004366559016       3.584239533603277E-003
 -0.912116899460294        1.62427910023350       1.054571743106420E-002
 -0.660232748770403        2.68612399745908       0.857878931191941     
  -2.02375841203510      -0.622487841834500      -0.178258538717625     
   1.82341148100405       5.151695171932572E-002  0.401707148945864     
  -1.66839154158927       0.872837818719736       3.726756035501156E-002
  -1.22034402100423        2.46255096059286      -0.155584136144595     
 -0.789103973544359        1.09460747704206       -1.90929819838295     
  -1.50100590091178        2.42718374642254       0.275426320086273     
 -6.999283541543216E-002   1.33292131965006        1.17374650096292     
   3.28987882094902      -0.672175251045200      -7.860776193664068E-004
   2.17617804016013      -0.283151342732170      -5.138144303023968E-002
 -0.436354028660761       0.884235280237841      -0.252724124781409     
 -0.775080758982339        2.04668156927251       0.725890544914889     
   3.20837722037443       -1.66592691328621       6.420860103156423E-004
 -0.878592253429934        1.66281326874281      -2.345794398997743E-002
  -1.68520739084263       0.918003206262693      -0.111229687090525     
 -0.995484827251238        1.04957957726912       0.768169915531772     
  0.562396844940242      -0.216828386828154       0.833873264124047     
   1.89365437268510      -0.883602930969502      -0.155434390929336     
  0.689349596643685       6.762292144489182E-002  2.469153929444958E-003
   1.66910212758710        1.63245597291621      -0.153145727965759     
  0.684834483626723      -4.303287197187022E-002 -0.666311393905041     
  -1.49399616681274        2.95202373921660      -0.149575140819675     
  -2.83709151479107        1.22196164374391      -1.752307012257465E-002
  -1.35379427600815        2.43680072645113       3.871132352928438E-002
 -0.869555422386368       0.231734980291206       0.312553534078778     
  0.235230402673628       0.744720619672946       0.242284476242304     
 -0.453567576206653       0.807048584466256       0.157922334917243     
   1.67562277165813      -0.125872574904900      -6.892625423092166E-004
  0.844218073479921       -1.01070590990202      -0.103455307899517     
   1.37755872568273       0.127652433656433      -6.397326815292929E-002
 -0.706729230403235        1.32798332516391       0.693668239422831     
 -0.964377557345783       0.971718559454281       1.590718970168506E-002
 -0.744263369924693      -0.489962849842541      -1.082574071198539E-002
 -0.809944645628062        1.07426669093228      -5.701151534558858E-002
  -1.28967293121311        2.21526159421207      -0.266569023702198     
   2.14952044399311      -6.372832208087043E-003   1.57684722356868     
  0.847445549554377       0.628743646405685      -0.274093511070794     
  0.134895365732201        1.80343682719131       1.014771019949547E-003
   3.10166626270020       -1.74774726539740       8.849266986825584E-002
  0.145676249542489       0.949150270176007      -0.126495489253850     
  0.662133418028826       0.903014862864861       -1.62715539120378     
  -1.06951259819671        2.81131391437946      -0.714806504112836     
 -0.875243196661940        1.35448271870918      -3.127137011281314E-002
 -0.444498542461983        1.52441629659125       0.106278639143898     
  -1.93549232534502      -0.629734754441999       0.825979720679845     
  -1.79327956564932      -0.942341094738715       0.120741661280222     
   1.57978995524826      -4.058186592391075E-002  0.131272633347606     
 -0.584714349281452       0.354443491281337       1.156899408288857E-004
   2.15115918023217       0.153653360666967      -0.232613303740425     
   2.35759578412112      -0.120820931238131       -1.13145253609201     
 -0.529466976882590        2.91829198937492        1.78905255458052     
 -8.278862422664063E-002 -0.231064072641536       0.728354447582216     
  0.360029322260515        1.46466275691854      -1.886684076167742E-002
  0.250408960834970        1.63118646792894      -6.086515188593367E-002
 -0.254660998354828      -0.122980501612856      -0.413555149597892     
   2.46499188037470       0.973485326222005       0.983122143468063     
   2.08683093723257       -1.21964207271547       0.674377907520380     
  0.654787203342453      -0.178570451528952      -1.858199219691453E-003
   3.21073585977269       -1.63650419417119       1.633227040537034E-002
   1.71285410261277       0.135096623522319      -2.984083830581585E-002
 -0.149955067243716        1.87030914277936       -1.72843307272671     
 -0.806632960202801        1.93712174841675      -0.246600826171123     
  0.599145898493576       0.843313878648156      -3.219858240582344E-002
  0.519578599484976       0.848180833356361       0.143743750725700     
  -1.24682748435441       -1.23691602543265       0.792624960176312     
 -0.743173457807814       0.333495841834321       1.189337851159235E-002
  0.823980624482944      -0.490845939218211      -5.723891275610274E-002
   1.30648200202390      -4.283374970504469E-002 -1.700346642043490E-003
   1.67243753679291       0.227917510426640      -0.287473671765026     
 -0.833434496924961        1.31470665781828       -1.53209360637625     
 -0.823925164042042        2.09253180397071        1.88249973786688     
  0.277075459909594        1.61435106038125       0.321801773689459     
  0.324457568760991       0.782140454853991      -7.733678041384568E-003
  0.215732347420831       0.768634798227276      -3.325076509514108E-002
  -1.59947008059924       -1.32133849525914       0.336679445969433     
  -1.05770062359803        1.50057256667132        1.79465709125604     
 -0.765984067698799        2.75324660195104       0.204032043849384     
   1.60176592079622      -1.004945768855701E-002  3.455684283182536E-004
   2.27550768425063      -0.364626787810304       0.182096807788182     
   1.36445963702335        1.85691634694324        1.15333807272173     
  -1.92519139966278        2.75383043723193       -2.63801964781517     
  0.463393140019046        1.50703993990053      -0.736305852402556     
  -1.67112054710464        1.77760677293542      -2.006976407001939E-002
  0.362966773818860       0.845482153693749       7.566203466959448E-002
  -2.25710265225171       9.258129579462415E-002 -0.442437426384050     
  -1.49097280974401       0.153504035539588       0.138267451539479     
   1.85125587399234       0.128658052036626       0.427521240610674     
  0.493584001004777      -2.443747253836365E-003 -4.851244206491513E-003
  0.158650309109353       0.888646116659056      -2.246579571891515E-002
  0.703992895547473      -0.255327164433503      -0.371265785181258     
  -2.07827856087204        2.78075440944920        1.92826290397730     
 -0.207704321886931        2.92696277649665       6.510198082299751E-002
  -1.97966232574290        2.19545554658387      -3.286392153750923E-002
  -1.68103381666499        1.70962575773783      -1.464320377200733E-002
 -0.826173225054528        2.76871853450582      -0.199344135674732     
  0.101831744458819      -0.303529725852698      -0.383527142926520     
  0.840791881422795      -0.461744551525553      -0.129996947878727     
  -1.37699597979653        2.34567161901666      -2.550620912554803E-003
  -1.34317466339990       0.944520255035926       1.181071367443753E-002
 -0.578901093887065        1.08587114370017        1.59517086359852     
 -0.989088452090519        2.50605219010201      -0.329909300789873     
  0.698746913089259        1.82868118000122      -0.194481075837218     
 -0.556487555002836        1.66880062247511      -1.384860219280246E-002
 -0.821806153533242        2.61280103022699      -6.311912744164161E-002
 -0.983148211338669        1.97069762057118      -0.815230570587233     
 -5.896156135708265E-002   2.91075902249967       0.383372554403217     
   1.50609610553941      -0.261368157945676      -0.244525204276588     
  -1.59750321608799        1.58939675911047      -4.271765248598863E-003
   1.63193371889776       3.227097707348746E-002  9.019904366515273E-002
  9.228386620755802E-002   1.40186210699870       4.675471888027831E-002
   3.00183253594591       -4.12200941674066        1.39199174450107     
   1.06895910535387        1.37794439902888      -0.194446854181831     
 -0.734831364456083        1.33497388853524      -2.043093065118503E-002
  -1.25634960085664        2.12552773286445       5.606817664942360E-002
  -2.10361989435365        1.99394067012532      -0.379365461895052     
  0.356686926374368      -0.723741254580672       -2.39251397980888     
 -0.491615410677448       -1.01019610152517       0.526194828737501     
  0.755744750791106      -0.418017509558283      -2.808051854336512E-003
   1.54509375921186      -3.472092864704567E-002 -5.196277328566969E-002
  -1.15831712637199       0.663074578486820      -0.983052934532106     
  -1.35248224467107       -2.10621172691185       -3.25388055681613     
 -0.989672243900399       -1.27292210860314      -0.379564954252300     
 -0.172287004945508        2.98362021807135      -2.657683621897902E-002
   1.61530823216055        1.60016672075756       0.158407263780321     
  -1.04593507550796        3.04534347030492        1.25879615969724     
  -1.11641062035478       -1.97738674164202        3.48242731580530     
  0.859045040726137       0.549893896079895       0.435366271929118     
 -0.205623045246839        1.00064042666911      -4.228933219510697E-003
 -0.396538070615636        1.51261319779705       6.685569865145813E-002
   1.03806027898706       0.296900368745021       0.413764649382935     
  -1.18255470393935        1.90982818508942      -0.559996904581367     
  -1.29516115889889        2.36000488281863      -0.230921860079413     
 -0.863124713229795        1.94789465469291      -2.140597491107646E-002
  -1.45313137006698        2.53276801294284      -4.020601903094546E-002
  -1.73532001795746      -0.921121016715995       -1.16436578045920     
  -1.00752930502221        1.26540966121549       0.504677218670849     
   1.54320053158544       0.373579384076751        1.00213610531451     
   1.80822993909639       0.734407375075720      -2.250924949830096E-003
  -1.50615752635522      -5.711717225228534E-002 -0.296191184809593     
   1.03545632416833      -0.126090059611697       -1.78559928471324     
  -1.51762680763761        2.60564496981991        1.10640423025737     
  -1.58436502365066        2.82700236847035       0.963618094062314     
 -0.700522511895082        1.73177771433563      -2.769955800511878E-002
  -1.08184266072097        2.12747566780028       9.858765338519423E-002
  -1.60600148476640        2.18070807902309        1.60920969037936     
 -0.949251995043847        1.83919712234057       0.896338762974102     
 -0.662984256153289        2.53796453859955      -0.910737328225671     
  0.941181885648265       0.450289790329159       2.129404532122713E-003
  0.439057213530128       0.741432519000800        2.05149087280197     
   1.31424555540671        1.40918712953673       -1.20019929275459     
  0.656646724629831       0.152320761872744       -1.47908663514245     
   1.14123658341999        1.13138740488296      -8.141009636191876E-003
  0.345569398755867       0.863141125376647      -0.214369834049977     
   1.11767570263386       0.995341401087513       -2.98419579148401     
 -0.408273281689917        2.80685231372040       0.596257902208844     
  0.611132060857368       0.400015703431955        1.68600817306156     
  0.840867812666915       0.480687845701138      -4.864595190908127E-003
  -1.07072297464146        2.04035685356196      -0.472301065437690     
   1.94203538348141       0.981176971054871       -3.25250532886334     
 -0.827844540655335       0.468950948005038       0.912376676386430     
  0.180687851341184      -0.577665190788372        1.56103942499883     
 -0.654353314067190        2.20359417878759      -3.199816963101409E-002
  -1.35741830585955       0.272235781539162       0.346069190425077     
  -1.32625338627552      -0.789662331390058        4.41505640682081     
 -0.214475673646108      -0.563916574311109        2.03256018765584     
  -1.38565283502726        2.71519937639291       -3.81898326791003     
 -0.393547634286875        1.52528439581079      -1.448654998962672E-003
  -1.82173577960496       -1.26272551677472       0.630465136540540     
 -0.911189254090958      -0.239206381058970        5.94687892323232     
  -1.10409312706476       0.316056166079212        3.26700681761174     
   3.61533637417479      -0.517936594880947       -4.01354135259829     
  -1.05514631286513        2.13507375565636       4.918431020443498E-002
  -1.13535254048427       -1.24988707568110      -0.791822147872558     
  -3.66504825246410        2.07176512673944       -7.99101980434680     
   2.32956038140584      -0.573853930763011       -1.27739807039289     
   3.18934946514239      -0.801012496173130        5.34631578023693     
 -0.896805815343336        2.61416868321501      -9.957194375838452E-004
  0.513189028257119       0.167466722449119      -5.979995450006736E-002
   2.75784803658739       4.662270750704273E-002  -1.59053410005088     
  0.262367770762236       -1.15444336852203       -1.72247139387222     
  -2.00835206707482       0.535864632657990        1.20792940757247     
 -0.626893743836641        2.06362855158885      -6.285065140338998E-002
  -1.51647869277674        2.95783571716103       2.450385336230120E-002
  0.242962224681400       -1.40902711593235        3.40924917773798     
 -0.295185781417962       -1.37973666527281        1.88273391406485     
  0.144889307551298       -1.60173937347165       -2.63356275018472     
 -0.950889282739890        1.04015727410068       5.987210815053553E-003
  0.265138568706667      -0.355983988021491       0.322144567433072     
  -1.37987486010377        1.15212931223743        2.20433051830869     
 -9.384791734206339E-002   1.67379827981841        2.64203647699916     
   1.26507167782608       4.212832595619361E-002 -0.609333909585563     
  -1.74065527946317       0.470641795430743       1.597251127989937E-002
  0.708782512841649       0.714170271041728      -0.211395772556762     
  -1.51151344533833       0.415041973979363       -4.03809584583370     
  -1.17336703964846        1.25783151157493      -6.054925630622407E-002
   1.88047214930050        1.19779489198411        2.31206372802514     
  -1.53250527621510        2.47453101738930      -5.657026354746931E-003
 -0.696855527328263        1.32408060693195       -1.14768031416256     
 -0.152451093093006        1.09117702784288       -2.61622946866898     
  -1.76859443525476       -1.16915796447582      -0.478110428147792     
  -1.31936873477478        2.46055146307056      -4.856445282133885E-002
  -1.05282165692005        1.95462251732587       0.187609811955209     
  -1.10668402837436       -1.10908840763330        3.58549551841959     
  -1.17405095009111        2.53341205549202        1.50999198827640     
  0.636639898997341       0.465705466973711       -1.65625497908309     
  0.623482941761476      -0.311704937269503       1.403730035253144E-003
  0.780970900337919      -0.365921277006748       0.267388069693648     
  -1.36500490394839      -0.321538126681098        2.38406994641916     
  0.854626306915186       0.182053667835800       0.960033843893730     
   1.41005263571473       0.547374438950716       0.509330907315600     
  -1.25671883168994       0.142329984272253       3.632156258882042E-002
  -1.81217461047520       0.108266100043590      -0.374418262199589     
   1.12141748552146      -0.678872809867609      -0.186757504048495     
  0.704859940892285       -1.03737799130459       0.605876872062010     
  1.463916627946202E-002   1.11661254175275        2.03305443034549     
  0.378061146132134      -0.365868186845161      -4.137028961007801E-003
 -0.281965303601667      -0.314907120364730       -3.63019157743336     
 -0.998435726033644        3.39221875309968       -3.43474513868289     
  -2.58630198628652      -3.451164471785456E-002  0.879795887025752     
 -0.871313611989469        1.51202640080223      -8.750952098202490E-002
  -1.21315178655327      -0.914697130704362       0.760596604223133     
  -3.79048562876884        2.27375010611654        7.23625431197490     
  -1.87438186415689       -1.07717521279079       -1.06790671314563     
  -1.07378436545592        1.65324038813994       -3.64070021716503     
  0.425402638332459       0.865110991926774      -3.698908303634364E-003
 -0.659793565963837      -0.475106234673439       0.845726827482941     
  -2.84486233820605       0.565674792941801        7.86824914567816     
  0.609991749960763      -7.306109809079753E-002   3.23549001443310     
   4.37966206050344       6.167096395812936E-002  -3.65978227388496     
  -1.00122073511468       0.838023289972612       2.829507544328946E-002
  -1.29531888543377       0.450138350618360       -1.09676528349479     
  -1.63276395123399      -0.519722758119629       -11.0447159876814     
   1.57399064905618       0.199320523681258      -5.915399665781217E-002
   4.38905441845578      -0.753271573932241        5.97984605827184     
   1.01222826679785       0.410902452652616      -9.418489741160628E-003
  0.786693171774164       0.519148877142657      -7.073567371656150E-002
   1.73452443507863       0.451366848282038       -3.26159313522783     
  0.195285450095546        1.49379193473597       -2.81330207423791     
  -3.01166922684999       0.130029577016963        1.95413141230479     
 -0.959830323187403        1.21150455873514      -6.368357864467748E-002
  -1.39485437334150       0.179476972798938       0.353163581720000     
 -0.193578333950687       0.410144558580956        5.87073899146175     
  -2.55056280543319        1.08307142317946      -0.368033444986018     
 -0.527165598618730       0.356579695596802       -3.66310245498139     
  0.494432239265680      -6.002871216767597E-003  5.960635863618874E-003
 -0.108251281625792        1.36737328134496       0.175931910733811     
  -1.66643761430894      -4.025911700273241E-002   2.86097509354755     
   1.27380153906583       0.234496479821685        3.29236602944988     
   2.07521051977373        1.13301953789819       -1.09805859502371     
 -0.250207310543482        1.45868543447647       2.583789495733623E-002
  4.013920784066641E-002 -0.234153770624457      -0.322504487245158     
  0.121907284563153       0.999909303962615       -4.76785218265091     
  0.421166038913108       0.861242562414247       -1.44817137336294     
  0.806139348234266        1.33780185114693        2.45760277495484     
  0.545383814319266       0.256004521870038      -4.821534849615091E-003
   2.63419241550340      -0.340477628804143       -5.45376094619630     
 -9.463751335784344E-002  0.532524206536963       -7.70053713223097     
  -5.36938401296182      -0.333971249438175        2.89276370477798     
 -0.379726170837014      -0.203355767163176      -0.152937885604908     
  0.504562076931326      -0.854926861415663        1.40859123838099     
   1.42548846007437      -0.437599591023473        9.81027889492544     
  -3.01890691598833       0.617668162947746       -3.91197529112650     
  -2.29840198992018       0.889296810448094       -5.31158879062842     
   1.98052990455136      -0.713732324746403      -1.031027098171456E-004
   2.16861583908666      -0.560313215038969      -0.523286161921677     
 -0.391082248518072        1.26404587550453        3.69940903050996     
  -3.28768013667116        1.07207069889646        11.1151661900180     
   2.80781862604184       -1.23581396433219      -0.395535454539148     
  7.331479551744591E-002  -1.45115690720305       0.111782717800460     
  0.652086244925071      -0.946592040168536       -1.15939880358679     
   1.40873156651633      -0.835829292559949       -9.43248300153375     
   5.75505103503827       0.951991377157154        6.09513106049917     
  3.343464861235237E-002  0.678209685668667        3.18163412244290     
   1.14777245402750       -1.17231029442304       7.702680145146085E-004
 -0.302832278604737      -0.414743455991032       -1.15382390664873     
   5.29669893470544       0.411328527253062       -8.20511041980053     
 -0.675267884120618       0.872413044838740       -2.57573011468097     
  -4.91132586391392       0.161227678898148        8.46352956035731     
 -0.568960227300283      -0.565762784055341       2.596127552306551E-002
 -0.589890278170443       0.805376529336433        1.42591813849434     
   3.94735809472321      -0.181147789868982        9.81310515341196     
 -0.519438337214684        1.00734114832769       -1.06248173385367     
  -3.47002238194387      -0.165488000206396       -9.42320268476677     
  -1.13987286065948       0.640090574022409       2.919419816207715E-002
  0.329186509577434      -0.411644669665901      -0.937099562450446     
  -1.07679561512278      -0.720580934361768       0.900054517128339     
  -2.90127530831202      -0.257276382709594        7.78659652468721     
  0.665607970520799       5.298628004379353E-002  -3.14543830427260     
 -0.385298499371084       0.394524201517753       9.062660116285705E-002
  0.160573707303662       0.431344004056240      -0.783971502635999     
  -1.77180052154398       0.104114412951704       -2.89093103268314     
   3.37813652916050      -0.342718677326327        7.28768557985577     
  0.835934802919063      -0.514785095943919        3.89670812934851     
 -0.331082322760245       -1.42941488336507       7.812174770932403E-003
  0.726793360282209      -0.244163229338593       0.843894118260886     
  0.828085662717075      -6.136207272423568E-002 -2.093089305872332E-002
   3.60330180191848       0.195472457104524       -8.70348921247845     
  -1.16832434686546       0.161524642394238        1.69605356995028     
 -0.687417641101616       2.498657102805212E-002 -5.770474723115314E-002
 -0.454659776052754      -1.394169026342919E-002  0.750600847980998     
  0.571652103043157       0.145256797853946        1.61902063936446     
  -4.20201919936719       0.171491006487337       -7.81572844911753     
  0.102635691092672      -7.587118748896109E-002 -0.629940005178903     
  0.672195999592908      -0.239572079713519       6.127186000705417E-004
  0.476464334797815       4.650603884720136E-003 -0.634017570917352     
  0.323193568811195       4.685048097005628E-003  -1.00608470317407     
 -6.370665898806116E-008  5.680864060652079E-003   6.76963923106374     
 -0.323193367753471       5.680752641456617E-003 -0.499406718326488     
 -0.476412026612955       4.276358721788730E-003 -1.271770295291337E-002
 -0.476411425636739      -7.695653715504788E-003 -0.325072475162530     
 -0.323193366831733      -8.455061621764416E-003 -0.181072052858470     
  4.752144915046276E-008 -8.454829696823722E-003   5.10809745853425     
  0.323199611025624      -1.409097267050119E-002 -0.932435299225868     
  0.476473729013040      -7.564154818156334E-003 -3.933064576834159E-003
