   2.44175546371255        1.08440226574829      -0.101115865443728     
   1.01204845866070      -9.043436351610394E-002 -0.822425292909746     
 -0.216913125277369       0.791824904299784      -0.374189764316121     
 -0.166218784261541       0.757515397486609       0.344378765388690     
  -1.09321475591019      -2.557185002380374E-002 -3.998655567169977E-003
   1.30206906188415       0.251572936796355       9.707485014141841E-002
   1.11780755586415       8.270766393780267E-002  0.840427834744423     
  0.724862575331454       0.965203400172516       0.385457385714635     
 -0.756568081832573       0.673721243365118      -0.329884515657628     
   1.18217110116846      -0.404569340484062       6.640192392225260E-004
   1.18836131466009      -0.330747895440365      -7.117926623101142E-003
   1.51358233153434      -0.283191132388277       0.122506124623142     
  0.861181473170550       0.585379660163387      -2.291466567351151E-002
  8.962763198310203E-002  5.606747681886372E-002 -0.147703601956453     
  0.973387883250075       0.347835719947781       1.592682988006959E-003
  -1.22500246218363       0.620638796959163       9.114093548512550E-003
 -0.572596420226011       0.743619830258892      -0.124142644512732     
  0.768746810763413       0.641913119450033      -3.772363553655882E-003
   1.12430337818319      -0.356285901353912       0.148635394277348     
   1.60078513652188      -0.292439664607467      -1.816072649442902E-004
   1.10803598845527      -0.299972674542701      -4.289416849734294E-002
  0.871369372114355       0.228836099585843      -0.682298150675014     
  -1.10410954964599       0.254443213978340      -0.848040330949241     
   1.27311996608274       0.393233310514715       0.303710840409858     
  0.118914313061365       0.779195138689924      -5.385596357565629E-003
  0.120068378251629       0.862552597311933       7.829552347497787E-002
   1.30317460411753      -0.116413743391633       0.717134390976411     
  -1.18069114979930       8.620392918668013E-002  0.425657567152888     
  0.970712712723855       0.427676471387492      -0.232665524805369     
   1.38348234870674      -0.256811656613232       2.331962376989946E-003
   1.00056155892585      -0.312135287958655      -9.709411349308690E-002
   1.28667452623914      -0.310089441147836      -0.420037954681102     
  0.799528670070038        1.17162583682481       0.462405013555629     
  -1.28296423042933       4.573408205751953E-002  0.246118605995517     
 -0.529754999815348       0.700102928417829       3.348105446584251E-003
  0.887999375711712       0.501600940338748      -2.948834261334844E-002
 -0.612334287761632       0.718378761517796       0.159423228603229     
   1.07673474114149      -4.761835892907967E-002  0.253959836066454     
  0.927208462557054       0.382744147558983      -4.732005463124023E-002
  0.835112245056744       0.338420551008787      -7.958969424241831E-002
   1.20414594942467      -8.702357520034390E-002 -1.920329399189159E-002
   1.30069179695553      -1.505253225837948E-002 -0.807157513870964     
   1.08070592631289      -1.223910216185986E-002  -1.17059089801001     
  0.606299734868313       0.412051926313921       0.138680809963404     
  0.108997654715721       0.956292643308696      -6.404776089252102E-003
 -0.221078394469050        1.29634645564187       0.101993310967582     
   1.13397035979345       0.564175414453975       0.615615623551617     
  -1.26252540794882       0.186365269144247       0.194136009619215     
  -1.03325857957023       0.232110615389045       0.278436526353979     
  0.861468570057423       0.603130119694300       1.935524490193827E-003
   1.36803833690012      -0.227208480487831      -4.866020680091607E-002
  0.507136376443511        1.17157120897760      -0.105022271898516     
 -0.744288331626613      -4.119173763894915E-002  0.307035466455917     
  0.398801119368112      -0.540945770773802      -4.438331324921431E-003
  0.799120352929174       0.816278180278215       7.290671353185216E-002
   1.17223397461243       0.381483203473976       0.379281909873352     
  0.449449740173408        1.17323126508354       0.125917125280527     
   1.01779816169298       0.189658489849874      -0.591098772031691     
  0.579995695219962       0.158887316073055      -2.936566780761302E-005
  0.860726338863784       0.363774435301626      -5.746540247472543E-002
   1.11726486839333       0.405004400446831      -0.580762261307634     
  9.048557580145190E-002  0.843756322660203      -0.174783705283233     
  -1.19420625658998      -4.414751170982917E-002 -0.242922682173587     
  0.526201780344126       0.263448604961873      -9.363547103277298E-003
  0.777180734583034       0.366011502627302       9.289862270510575E-003
 -0.811236779818639       0.539564787184930       0.417780812573271     
 -0.462259707625651       0.843058416853336       0.503700142666753     
 -0.953332580313320       0.523808330660681       0.487098117114293     
  0.846718158218475       0.610010415520498       2.175518030053149E-003
   1.33672258525031      -0.409423576054429       0.120525988342794     
  0.798940708834198        1.07632142737405      -0.894692731803989     
  0.780186623769246      -0.145803106075763       0.457934760255286     
  0.105676100096892       0.934575300176642      -6.989702836230400E-004
  0.671285719764866       0.472906408024151       0.144361755076373     
 -0.876125259610543        1.71319445418454       0.459610186966378     
  -1.14083268342493       8.111239702237558E-002 -0.355599564335027     
 -0.354893625279550        1.00370476125118      -0.822615191205587     
  0.768569343750643       0.624351665004029      -3.591433177995619E-004
  0.538156800706814        1.11478354840926      -4.714099061165442E-002
  0.639399736799359       0.856073838232960       -1.05533774482140     
  0.863432383791737       0.736043817523617      -0.658096593632964     
 -0.429351698374481       0.940724640642262      -5.759669416177592E-002
  0.599610225476123      -0.236237626806611      -1.793915351292807E-002
  0.711171063523249      -0.334174306430637       0.128429305801281     
  -1.00518296002090      -5.062119769769682E-002  0.687089608252444     
   1.17534707225651      -0.102278333991384       0.182392137809212     
  3.468882220336156E-002 -0.453829836897082       0.391095667616334     
   1.14755662647227        1.14413214031560       1.476970256553176E-003
  0.806354699871920       0.621248981234064       3.937724863105808E-002
 -0.237376731854772        1.22015171408483        1.87537347088737     
 -0.687717510428432      -9.946957987736460E-002 -0.221426551564394     
  0.297879247015343        1.31454468128949       -1.01140973873914     
 -0.191296796046098        1.09055278874345      -1.137692864848381E-002
  -1.27807063976599       0.216311136003477      -0.240211217966672     
  5.027361415058854E-002 -0.657485455370074       -1.06766328278000     
  0.948612513940248        1.13327325169887        1.82630909340705     
   1.50945760927049       8.222247044792835E-002  0.281847884297642     
  0.768741539652464       0.712351144825585       7.138556852118644E-004
  0.356371545371127       0.371570091049275      -0.120372970832519     
 -0.922108975901947      -7.792913125601278E-003 -0.354350089009015     
  -1.03734331678857      -0.414418560959475        2.72147058567463     
   1.49361231071736       0.220119194338846       -1.01309589113828     
 -0.592473779712134      -0.420137688191013       2.161641276026689E-003
  -1.28691283731003       0.279776370139172      -0.433048851138692     
  0.407392601714866      -0.751885922199660      -0.538036993035730     
   1.80747504498710      -4.693470046442560E-002   1.75165968314661     
  0.284961898558695       0.916824610335592        1.87749535609673     
  0.666648523145143      -0.709424356928684       7.097821365092703E-003
  0.774783856346638       0.331059096784960      -1.173667029479791E-002
   2.97009520034583        1.79821776845820      -0.390605161696906     
 -0.272464514751556      -0.621921744274961       -3.58360136644097     
  -1.39882264069019      -0.629526475260262        1.89731210193358     
   1.04476902689294      -0.391529730739052       2.799845655205237E-004
  0.550053505820439       1.539167837141584E-002  3.827576633325102E-002
  0.740149009627978       0.118209661384419        1.97778504491821     
  -1.59860986821461      -0.517080226613237       -1.14686602752673     
  0.996692547185053       0.909181841691882       -2.55556421818819     
  0.578045884995856        1.74983676935300       1.873001750702176E-003
  -1.09416194432756       0.499725354207833      -0.406224028400839     
 -0.178374616285829        1.16528102510363       -2.40570442423362     
  -1.24256223233491      -0.216975776469576        1.96777813959511     
 -0.816226663797456       0.772454779344539      -0.615133848502161     
  -1.16556948346782       0.366790961266260      -6.216550114596788E-003
 -0.826249577549702       0.412775205059145      -0.135214724657560     
  -1.08816138300082       5.902740173430177E-004  0.104283572236283     
  -1.70878526811582       0.847958401645015        3.61726150092351     
  -1.00929569752161       0.152126754285899        2.17562296131360     
  0.737857953878607       0.707143437837554      -1.598685925025574E-003
   3.29109917092529      -0.464026294280778       0.906489331549847     
   2.26200742406603       0.510708681770961        3.68286193328632     
   1.94679238625356       0.981374675543176       -5.35403104214083     
   6.87876532947894       0.442715801812764       -11.2233524746089     
 -0.517747657502399       -1.53313516499129      -4.274688172673918E-002
  0.119774490929679       -1.51430243674563       0.383455644517154     
   1.79367030377835      -0.178858336395751       -1.00818321672217     
  -1.47633988373150        1.06650546402786       -6.70703100231049     
  0.375784982294285       0.787310289933569      -0.236956385916552     
   1.72193035556816        1.35542956979444      -5.300684374434475E-003
  -7.44806276720515       0.781458681160018        13.7393283872965     
  -6.26708812256910      -3.537172491152711E-002   7.68467356291863     
 -0.614972925177478      -0.686111337128380       8.007325380406177E-002
 -0.213403419870707      -0.897361303012409       0.122196714158013     
   3.85408808983121      -0.196790478867884        11.1893932858862     
   7.20806417870036       0.484897997747428        14.5130227244873     
  -6.06763811129516       0.502998847799115       -11.4904970093149     
  0.621711656375906      -0.165053704643009       3.692459707129850E-002
  -1.66546660085608      -0.159381429130047        3.79976909162064     
   2.37590242181769      -0.140924963531122       -5.09929884186164     
   1.28528900847693       0.146983620583308      -0.789088469286378     
 -0.563288624299007       0.215664767648822       0.143785069346820     
 -0.387550691999345       0.202002185574610       0.256453061596234     
 -0.584400145347963       0.127384162496685       -2.99930073126100     
  -2.56230881555087      -0.157733975967283       -4.59507119340280     
   2.20150794894317      -0.176222491607257        4.11432804989775     
  0.482594321768005       9.254045681104736E-003 -8.716518956806883E-003
  0.476470901120412       4.521869099486518E-003 -9.154444134779209E-002
  0.323193379379800       5.682543588595611E-003  -1.61114203934200     
 -7.476686592033965E-014  5.680742439394864E-003   1.95641147546800     
 -0.323193366451178       1.753281355586814E-002 -0.572709108749060     
 -0.476407822621795       4.456615519020614E-003 -7.077823584918162E-002
 -0.476407827400072      -7.692778431226470E-003 -3.397836424476441E-002
 -0.323193365002737      -8.457926044513845E-003   2.04939918218744     
 -5.177945253963003E-015 -8.455055973961786E-003   2.13775455767771     
  0.323193369260363      -8.457172074633867E-003  -1.54717518826371     
  0.476469571658712      -7.524392684040964E-003  3.584239533603277E-003
