   1.54427413068119      -0.263757887627960      -0.101115865443728     
  0.507904058509637        3.97275522626295      -0.822425292909746     
  -1.91162853355883       6.618937452700280E-002 -0.374189764316121     
  -1.61496045153489       0.548032190202032       0.344378765388690     
 -0.645035324764773       2.138013134731082E-002 -3.998655567169977E-003
   2.76190826626024       -1.14325899072927       9.707485014141841E-002
  0.492910898047993        3.93432971894269       0.840427834744423     
   1.95003073878918      -3.177459795020771E-002  0.385457385714635     
  -1.64850331093020      -0.214328060974032      -0.329884515657628     
   2.23437096459223       -1.46825935825261       6.640192392225260E-004
 -0.919865333097911       0.535660655096752      -7.117926623101142E-003
   2.63017890984089       -1.38174080925808       0.122506124623142     
   1.03907615131616       0.978214550300546      -2.291466567351151E-002
 -0.136258408306810       0.642684340859700      -0.147703601956453     
 -0.986797523822577       0.609844913391976       1.592682988006959E-003
 -0.648265185713654       3.751230015564141E-002  9.114093548512550E-003
  -1.16255165611428      -0.286608590296501      -0.124142644512732     
   1.64991103842062       0.543748839717639      -3.772363553655882E-003
   2.93303713554846      -0.900448937759909       0.148635394277348     
   2.88883067418704       -1.18113554792427      -1.816072649442902E-004
   2.24463958141801       -1.45085941096842      -4.289416849734294E-002
 -1.178700583071782E-002  0.718359350889306      -0.682298150675014     
  0.433313496218314      -0.678571108138983      -0.848040330949241     
  0.484485822003173      -0.383410952528002       0.303710840409858     
  0.286020357578176       0.565587079656521      -5.385596357565629E-003
 -0.162568575027940       0.900803882690202       7.829552347497787E-002
   1.60542824672911      -0.911216225024497       0.717134390976411     
  0.695806972214780      -0.776953070439471       0.425657567152888     
 -0.413280154011895       0.494564981745418      -0.232665524805369     
   1.54231994479880       -1.19517799286403       2.331962376989946E-003
   2.54655248838695       -1.33400306992626      -9.709411349308690E-002
   1.58561928450043       -1.09820918888778      -0.420037954681102     
   2.19504205664816      -0.191894387159382       0.462405013555629     
  0.907276594550401      -0.406549213924204       0.246118605995517     
  -1.30821796111125      -0.204618110123618       3.348105446584251E-003
  0.982778840315811       0.552697027285499      -2.948834261334844E-002
 -0.793084115372887       0.285801809983970       0.159423228603229     
 -0.770035657296317       0.861426998001822       0.253959836066454     
  0.177792915851628       -1.26565844404633      -4.732005463124023E-002
 -9.667000684337644E-002 -0.483725883640970      -7.958969424241831E-002
 -0.157032595555830      -1.888633721308727E-002 -1.920329399189159E-002
   1.34868880312093      -0.264009209776160      -0.807157513870964     
   3.16525107004199      -0.703792843584656       -1.17059089801001     
   1.06545783595900       0.769368876943614       0.138680809963404     
  0.996912921136354       0.587089256789203      -6.404776089252102E-003
  0.879783281391764        1.09319297875120       0.101993310967582     
 -0.333177182598117       0.518250615475912       0.615615623551617     
 -7.363012995688006E-002  -1.69825270737180       0.194136009619215     
 -0.693240686576998       0.420275866027929       0.278436526353979     
   1.05400207362377       0.945954056816788       1.935524490193827E-003
   2.18129860118863       -1.42910409269054      -4.866020680091607E-002
   2.08303006855940       0.775249958484863      -0.105022271898516     
  -1.59741149175916       0.132910071534598       0.307035466455917     
   2.70607053444432       -1.01543316077034      -4.438331324921431E-003
   1.90085321603998      -0.366842487174096       7.290671353185216E-002
 -0.411222011991171       0.449332039341963       0.379281909873352     
   1.21792231768255        1.39705810057270       0.125917125280527     
  0.716283799865629       0.760853534690255      -0.591098772031691     
   1.22242684823313       6.586235049020525E-002 -2.936566780761302E-005
 -0.663272151984713        1.01651525483485      -5.746540247472543E-002
  6.590307729343026E-002  0.846397352080124      -0.580762261307634     
  0.219587382559276       0.599697234619471      -0.174783705283233     
 -0.529987989878145       0.970285078868754      -0.242922682173587     
   1.57030757407632      -0.485574469068123      -9.363547103277298E-003
  0.992428575221074       0.523286264907179       9.289862270510575E-003
  -1.71413315915526      -0.211260113309952       0.417780812573271     
  -1.35180027964456       0.101945291113699       0.503700142666753     
  -1.51139466889569       0.678606427239562       0.487098117114293     
   1.81735949086590       0.502712153874534       2.175518030053149E-003
   2.31840215529076       -1.44051404942285       0.120525988342794     
   2.08457895626447       0.117018050489207      -0.894692731803989     
  0.393688124951256       0.708639751757513       0.457934760255286     
  0.946657921534922       0.574885333932730      -6.989702836230400E-004
  0.986315935861044       0.647123093484484       0.144361755076373     
  0.416531228122197        1.54639234636324       0.459610186966378     
   1.04300636798775      -0.225934136253119      -0.355599564335027     
  0.695691501665892        1.43286501195018      -0.822615191205587     
   1.63629561179003       0.544382485166695      -3.591433177995619E-004
   1.98662225853568       0.447146609035035      -4.714099061165442E-002
   1.93159206275129       0.831842129421753       -1.05533774482140     
   1.29471398598149       0.713371947793134      -0.658096593632964     
  0.226255392915603        2.03434206081760      -5.759669416177592E-002
  0.823243134703187       3.282085758333327E-002 -1.793915351292807E-002
  0.282067997894093       0.154262459073346       0.128429305801281     
 -0.834626287495196       7.403652375989916E-003  0.687089608252444     
   1.79753003072677       -1.21368425763355       0.182392137809212     
   1.52949801903057      -0.555326756639444       0.391095667616334     
   2.10412996197234      -0.180875689488517       1.476970256553176E-003
   2.05222473233964       0.789049992766664       3.937724863105808E-002
   1.63039056653096       0.786164040103930        1.87537347088737     
  -1.50925779628980       0.211886904566661      -0.221426551564394     
   1.54479057895597       0.622721408716722       -1.01140973873914     
 -0.266603817052665       0.887009871876863      -1.137692864848381E-002
   1.21394352209773      -1.087129287416652E-002 -0.240211217966672     
  0.856791831133877       0.209341918167960       -1.06766328278000     
   2.33137378396471      -0.776313182178080        1.82630909340705     
  0.476465350165637       4.621652422705610E-003 -0.272274709394550     
   1.82283931376775       0.517150969229123       7.138556852118644E-004
   1.04166248823688      -9.585905312933923E-002 -0.120372970832519     
  -1.66171369217893       0.959263874685216      -0.354350089009015     
  -1.67978479210681      -0.492141783598622        2.72147058567463     
 -0.810958033374131       0.702491980351586       -1.01309589113828     
  -1.87481711049824      -0.279521544385889       2.161641276026689E-003
  0.499117292701823      -0.446175777852880      -0.433048851138692     
   1.43828481189340      -0.657662059034998      -0.538036993035730     
   2.99049281401188      -0.564559368955811        1.75165968314661     
  0.800373367703335        1.67149229168048        1.87749535609673     
   1.47453276020675       -1.20318690132585       7.097821365092703E-003
  0.979065143502848       0.510849136310391      -1.173667029479791E-002
   3.23884025215436        1.06482221759831      -0.390605161696906     
 -0.553534906422357       0.590809196875258       -3.58360136644097     
 -0.107062648787708        1.61988452974379        1.89731210193358     
   2.34678956200393       -1.46444720930860       2.799845655205237E-004
  0.867591202000035       1.569607378846538E-002  3.827576633325102E-002
   1.57103955703479      -0.179855051487199        1.97778504491821     
 -0.835882262853464        1.58778029588636       -1.14686602752673     
   2.06752340185654      -0.591809215480566       -2.55556421818819     
   1.70175326146753        1.34954004343651       1.873001750702176E-003
 -0.255188222465460       -1.61948582676495      -0.406224028400839     
   1.02629661643707        1.73677260221014       -2.40570442423362     
  -1.13607336747119        1.18467262720862        1.96777813959511     
  -1.89627853165446      -0.516406083759052      -0.615133848502161     
 -0.136033134153319      -0.936780977571872      -6.216550114596788E-003
  -1.88010904667140      -0.187103824136796      -0.135214724657560     
  -1.69737561844016        1.07085225257170       0.104283572236283     
  0.229949548107908        1.71323526662027        3.61726150092351     
 -0.193758078340892      -0.826384092999210        2.17562296131360     
   1.68153402767930       0.551925369345244      -1.598685925025574E-003
   4.75131755746919       0.321932632177859       0.906489331549847     
  0.554204944970753       0.222037037164896        3.68286193328632     
   2.18492532584081       -1.09878906511838       -5.35403104214083     
   10.7740039471061        2.55582378386677       -11.2233524746089     
  0.895166414142196       -1.05730868856947      -4.274688172673918E-002
   1.19170047474619       -1.30816891258106       0.383455644517154     
 -0.505608169564421       0.190329033117842       -1.00818321672217     
 -0.673199549390452        1.86669538785275       -6.70703100231049     
  0.787530049611282       0.801019836630090      -0.236956385916552     
   2.33858964711971       9.436374618171389E-002 -5.300684374434475E-003
  -6.81018207021972       0.904396493482127        13.7393283872965     
  -6.76415709298640        3.81230148422634        7.68467356291863     
  0.419779945466597        2.08277981246336       8.007325380406177E-002
 -0.989642303436537        2.06171985943453       0.122196714158013     
   5.00575525647410      -0.292997062771445        11.1893932858862     
   10.4501802326959        2.23011600172096        14.5130227244873     
  -6.60132978101541        3.39233155203321       -11.4904970093149     
 -0.188864722798280      -0.293033400869496       3.692459707129850E-002
  -1.10266199123446       0.728828041355352        3.79976909162064     
   5.11495789586641       0.471804520892358       -5.09929884186164     
   1.59418402967386       0.147034477042531      -0.789088469286378     
  0.612381451864244      -0.386673990378297       0.143785069346820     
  0.186431760156806      -0.562849830122933       0.256453061596234     
  -1.69493338045543       0.182569706331719       -2.99930073126100     
 -0.894319131005085       -1.17474832824106       -4.59507119340280     
   4.94682960849248       0.493635922011583        4.11432804989775     
 -9.145924800025218E-002 -2.984766078063725E-002 -8.716518956806883E-003
  0.104401188103175       0.559818139256453      -9.154444134779209E-002
   1.36552358880565      -6.912203044248666E-002  -1.61114203934200     
  0.111638462957597       -1.00162762811510        1.95641147546800     
  0.253844311100428      -0.895578249289500      -0.572709108749060     
  -1.09003953906706      -0.358447392923440      -7.077823584918162E-002
  0.261822475217286       -1.16476093616984      -3.397836424476441E-002
 -0.491883467237017      -0.299561062723576        2.04939918218744     
   2.55042488769736       -1.04063665955923        2.13775455767771     
  0.471899429140905        1.32500887698592       -1.54717518826371     
   2.72852193278183       -1.13431333853402       3.584239533603277E-003
 -0.598316487550929       0.962400136512843       1.054571743106420E-002
  -1.09741393571163        2.02043395202178       0.857878931191941     
 -0.440707374068923      -4.632532554352897E-002 -0.178258538717625     
   1.48556352761596      -0.337669552810768       0.401707148945864     
  -1.97523085926640      -0.113626367875910       3.726756035501156E-002
 -0.805167125245464       0.942534486281298      -0.155584136144595     
 -0.261890306981972      -0.164945750755899       -1.90929819838295     
 -0.579614511335006      -1.087892017741593E-002  0.275426320086273     
  0.208750524061144       0.218865499329950        1.17374650096292     
   3.32638677410512      -0.498640733376924      -7.860776193664068E-004
   1.88153940009493      -0.519573914831398      -5.138144303023968E-002
 -0.253906173241427       0.809379915451569      -0.252724124781409     
 -0.161690823576190       0.773815671884562       0.725890544914889     
   2.78010868542739       -1.03259444819099       6.420860103156423E-004
  -1.18541073916112      -0.298108141857693      -2.345794398997743E-002
  -2.08099364842651      -5.195905915761787E-002 -0.111229687090525     
  -1.29397395832026        1.25868852986447       0.768169915531772     
  0.973639216142134      -0.548462885495928       0.833873264124047     
   1.73349299475382       -1.14617612214720      -0.155434390929336     
   1.22918706276284      -0.358486059448339       2.469153929444958E-003
  0.323633010703414        1.35280215422693      -0.153145727965759     
  -1.14455672530265      -0.116122099858544      -0.666311393905041     
 -0.679293692146106        1.17017723007641      -0.149575140819675     
  -1.93365993375225      -0.319235402131431      -1.752307012257465E-002
 -0.618988977304407      -6.869520707184762E-002  3.871132352928438E-002
  -1.25316733800384      -0.152292592110979       0.312553534078778     
   1.04475670936248      -0.121037500364719       0.242284476242304     
  0.541416688187455       0.747024681202124       0.157922334917243     
   1.23765390837291      -0.182677578242983      -6.892625423092166E-004
  0.504915604724860      -0.232526242055327      -0.103455307899517     
   1.18943809742063      -0.350215962495768      -6.397326815292929E-002
 -0.292739695982850       0.492688780316993       0.693668239422831     
 -0.201937963729203       0.319524094584981       1.590718970168506E-002
  -1.05220689158700      -0.386391701757680      -1.082574071198539E-002
 -0.626080939457430      -0.117761424145148      -5.701151534558858E-002
 -0.432494482093804       0.499432711779449      -0.266569023702198     
   1.71110585432916      -0.344557169068580        1.57684722356868     
   1.11281738104199       0.557438089410675      -0.274093511070794     
 -4.267467262872268E-002   2.18100239030015       1.014771019949547E-003
   2.77079284021103      -0.910649170809795       8.849266986825584E-002
   1.01856495596871      -3.910997875045064E-003 -0.126495489253850     
  0.500027475520944       0.883252101884882       -1.62715539120378     
 -0.864659611591656       0.840241708471696      -0.714806504112836     
 -0.612749737817107      -0.106619875573071      -3.127137011281314E-002
 -0.547947585534973       0.290915641411551       0.106278639143898     
  -1.17841904041197       0.327233474406163       0.825979720679845     
  -1.92979101268364      -0.388829660130479       0.120741661280222     
   1.20745713603239      -0.299066056829161       0.131272633347606     
   1.20377761211000      -0.197362705424136       1.156899408288857E-004
   1.58597795628442      -0.449290774202848      -0.232613303740425     
   1.69138988400439      -0.499696921325365       -1.13145253609201     
 -0.994830668743813        1.60887110834909        1.78905255458052     
  0.290332327540054      -0.518345510816128       0.728354447582216     
  0.445327674128561        1.73148556981218      -1.886684076167742E-002
  0.309686214093758        2.08166508892491      -6.086515188593367E-002
 -0.245386745209091      -0.190915724614266      -0.413555149597892     
   1.83383955453510       0.907428257379466       0.983122143468063     
   1.75572975071367       -1.56543062965251       0.674377907520380     
  0.641557719750629      -0.455833599816103      -1.858199219691453E-003
   2.78351769954087      -0.982662429265106       1.633227040537034E-002
   1.34627873208091      -5.052497248554882E-002 -2.984083830581585E-002
 -9.905961386830571E-002   1.03648095638912       -1.72843307272671     
 -0.517951057422260       0.260882108535635      -0.246600826171123     
  0.688124901994338        1.10944516184761      -3.219858240582344E-002
  0.529180031486370        1.09760801771980       0.143743750725700     
  -1.12509389545134       0.391423411392990       0.792624960176312     
  -1.55582054824669      -0.769032437089984       1.189337851159235E-002
   1.14159446386270      -0.219230933598023      -5.723891275610274E-002
   1.26591590919310      -0.249485824651347      -1.700346642043490E-003
   1.86429857926982      -0.290822093331547      -0.287473671765026     
 -0.264426271174753       0.438894816199162       -1.53209360637625     
 -0.732531991381292        1.48178616186133        1.88249973786688     
  0.319871239616552        2.03215617983454       0.321801773689459     
  0.594488806946240        1.13784452049255      -7.733678041384568E-003
  0.539290605707713        1.21683258706020      -3.325076509514108E-002
  -1.29135654483999       0.103796972218281       0.336679445969433     
 -0.238577218097755      -7.154985810434014E-002   1.79465709125604     
 -0.975245953190592        1.48053597714200       0.204032043849384     
   1.23533959241364       8.310404476800634E-002  3.455684283182536E-004
   1.89258594165139      -0.571571970226668       0.182096807788182     
  0.552969399606868        1.62351005549467        1.15333807272173     
  -1.40636400043357        1.99949287993361       -2.63801964781517     
  0.453758969569655        1.95596851254983      -0.736305852402556     
  -1.42471423539149        1.75662390535774      -2.006976407001939E-002
  0.677207075550918        1.28684654242880       7.566203466959448E-002
  -1.31751975222803       0.154922163593612      -0.442437426384050     
  -1.75335257328847       0.927854551772602       0.138267451539479     
   1.09947485176256      -0.115556472547994       0.427521240610674     
   1.22490182956675      -0.373189530197980      -4.851244206491513E-003
  0.729229108952409       3.965041443650931E-002 -2.246579571891515E-002
 -0.194245452395196      -0.761235326235419      -0.371265785181258     
  -1.60674100318153        1.88374597639176        1.92826290397730     
  -1.05784443862837        1.60753220431455       6.510198082299751E-002
  -1.88058889966213        2.17788491897619      -3.286392153750923E-002
  -1.40242342652253        1.76374655770800      -1.464320377200733E-002
 -0.829592169862962        1.70804951856768      -0.199344135674732     
 -0.518721062545615      -0.668961202724674      -0.383527142926520     
  0.900219742588779      -0.713216479956178      -0.129996947878727     
 -0.377715724672663       0.516921731319953      -2.550620912554803E-003
  -1.16555223665595        1.31491756262452       1.181071367443753E-002
  0.526155606267571      -0.101970283513471        1.59517086359852     
 -0.547266860566295        1.18218804918930      -0.329909300789873     
  6.200510539711087E-002   1.10883563324773      -0.194481075837218     
 -0.936712669739940        1.51414300015108      -1.384860219280246E-002
 -0.923166182360145        1.80987911930469      -6.311912744164161E-002
 -0.491751478772088        1.45135443727563      -0.815230570587233     
 -0.771673203347342        1.66823507781092       0.383372554403217     
   1.64585080631174      -6.288205866285859E-002 -0.244525204276588     
  -1.03195850276741       0.766144223754004      -4.271765248598863E-003
   1.26208745273247      -3.716302583388065E-002  9.019904366515273E-002
 -0.434797050289538       0.315859328688061       4.675471888027831E-002
   2.32218901450433       -4.11926423172189        1.39199174450107     
  0.195164446675925        1.22064241110963      -0.194446854181831     
 -0.396127943038417        1.23349609543656      -2.043093065118503E-002
 -0.471327772131407        1.03910315857836       5.606817664942360E-002
  -1.34495064342578        1.63095821700479      -0.379365461895052     
  0.416900700098603       4.927645355898116E-002  -2.39251397980888     
 -5.757535747387542E-002 -0.648474070441395       0.526194828737501     
  0.335078830406923      -0.109777439387801      -2.808051854336512E-003
   1.23446269654365       2.844773949734031E-002 -5.196277328566969E-002
  0.181132151330355      -0.609004924217285      -0.983052934532106     
  -2.54447919222220       -1.09300131659518       -3.25388055681613     
  -1.31504756125924      -7.657114037231488E-003 -0.379564954252300     
 -0.797441900038072        2.65651949260828      -2.657683621897902E-002
  0.150240821794696        1.48163967633833       0.158407263780321     
 -0.896336788413154        1.73865518984020        1.25879615969724     
  -2.33372564585797       -1.04336649254509        3.48242731580530     
   1.04888098366690       0.478908544527060       0.435366271929118     
  0.538686353087328      -0.379873428967953      -4.228933219510697E-003
  0.395598070123623       0.203403747108942       6.685569865145813E-002
  0.705873576518831       0.998994903971277       0.413764649382935     
 -0.304149479882763       0.679446874492763      -0.559996904581367     
 -0.625873442053850       0.122157179530112      -0.230921860079413     
 -0.516417322365909       0.888889495874181      -2.140597491107646E-002
 -0.700295856452359        1.00610990688333      -4.020601903094546E-002
  -1.30066844672445       0.412158427731120       -1.16436578045920     
 -0.282104969066739       0.858108545511917       0.504677218670849     
   1.33921627097549       0.172140090996880        1.00213610531451     
   1.15261153944845       0.428964205566204      -2.250924949830096E-003
  -1.25089358682845       0.537927177373850      -0.296191184809593     
   1.13427588988224       0.232275258937883       -1.78559928471324     
 -0.557488244014391        1.14706908274167        1.10640423025737     
 -0.656894497605691      -7.507904845834404E-002  0.963618094062314     
 -0.427036379531403       0.889418971902148      -2.769955800511878E-002
 -0.666253141877326        1.09944767444938       9.858765338519423E-002
  -1.22860070528644        1.72150828467105        1.60920969037936     
 -0.322005043490226       0.398121975051862       0.896338762974102     
 -0.635778930053101        1.42248437283551      -0.910737328225671     
  0.504084256270102        1.01887206275508       2.129404532122713E-003
  0.100834066748358      -0.469733465101134        2.05149087280197     
  0.662930085866460        1.40329339883113       -1.20019929275459     
  0.158616074021427       0.495243897973718       -1.47908663514245     
 -0.145610931256060      -0.528635920157275      -8.141009636191876E-003
 -0.496785369555252       0.251632258659458      -0.214369834049977     
 -0.112031551535462        1.35517400866758       -2.98419579148401     
 -0.390438358558694        1.48254467252601       0.596257902208844     
 -0.426364420529385       0.375343111874457        1.68600817306156     
  0.680438620374225       0.275314440772507      -4.864595190908127E-003
 -0.304574414678889       0.495688225626424      -0.472301065437690     
  0.672766045124220       0.543134882485461       -3.25250532886334     
 -0.760961552847086      -0.396663499953941       0.912376676386430     
  -1.30520467735447      -0.494025426789585        1.56103942499883     
 -0.576760995049362        1.07374572916061      -3.199816963101409E-002
  -1.10361521937845      -0.261698109643692       0.346069190425077     
 -0.993720795058564       0.118481991224445        4.41505640682081     
  0.789503794638000       0.383581522578602        2.03256018765584     
 -0.813752246393183        1.27905845587431       -3.81898326791003     
 -0.196556746606999       0.588886144303689      -1.448654998962672E-003
  0.426480800211096      -0.309438753745962       0.630465136540540     
  -2.12817174793068       0.576717159674966        5.94687892323232     
  0.708492886944868      -0.141076443954409        3.26700681761174     
   3.69833340836957      -4.884174988604973E-002  -4.01354135259829     
 -0.587963522813704        1.02858877839713       4.918431020443498E-002
  -1.13527508858249       0.397162419572876      -0.791822147872558     
  -2.02597507180434       0.326724392948788       -7.99101980434680     
   1.99782101373142      -0.197590883470644       -1.27739807039289     
   3.09009657905353      -6.483779794532082E-002   5.34631578023693     
 -0.263982781187797       0.873600226401231      -9.957194375838452E-004
  0.526838854977714      -0.439334588972234      -5.979995450006736E-002
   1.51490993931000       2.848348027697855E-002  -1.59053410005088     
 -0.862417065780786       -1.77594820093652       -1.72247139387222     
  -2.08557198048954      -0.301965640597861        1.20792940757247     
 -0.565415761873963       0.919591609959411      -6.285065140338998E-002
 -0.837983326509204        1.00537165682261       2.450385336230120E-002
 -0.346357391351349      -0.774295687647706        3.40924917773798     
 -0.903082008084806       -1.63824566318240        1.88273391406485     
 -0.222452430213630      -0.149070172267767       -2.63356275018472     
  0.292056339675382       0.260600650214012       5.987210815053553E-003
  0.844706530871802      -0.415234975758320       0.322144567433072     
 -0.916975465753674       0.664686180371547        2.20433051830869     
  5.928027728718598E-002  0.445957815239914        2.64203647699916     
   1.40063006475654      -0.204117022081571      -0.609333909585563     
 -0.475559819490548       0.186508732902026       1.597251127989937E-002
  0.429770529080898      -6.631661498364100E-002 -0.211395772556762     
 -0.477768553253294      -0.524485629626335       -4.03809584583370     
  0.381959582287336       9.479014476623887E-003 -6.054925630622407E-002
   1.49008573114064       4.988938560174781E-002   2.31206372802514     
  0.502579417996163      -7.346558257699939E-002 -5.657026354746931E-003
  0.559747372125016      -1.584884573960216E-002  -1.14768031416256     
 -0.433704867135540       0.129729587657533       -2.61622946866898     
  -1.14786157400130      -0.119552607114193      -0.478110428147792     
 -0.816760481443564       0.480574918107387      -4.856445282133885E-002
 -0.596935889650230       0.723713597034118       0.187609811955209     
  -1.49316690098923      -8.328161193930325E-002   3.58549551841959     
 -0.757897828696561       2.581580420104868E-002   1.50999198827640     
  1.886085500533600E-002  0.170474361137485       -1.65625497908309     
  0.488834186729696      -0.174812833509702       1.403730035253144E-003
  0.708360530573679      -0.521701203311046       0.267388069693648     
 -0.175097377606418      -0.212431183291113        2.38406994641916     
  0.105057610423736       0.236856478784418       0.960033843893730     
   1.78190418373969       0.112397092181491       0.509330907315600     
 -0.357521930989818      -6.186420615049837E-002  3.632156258882042E-002
  0.122501649873789      -0.103490922700834      -0.374418262199589     
  0.702860406582982       0.127484778863057       -5.56346936964685     
  0.524065976152310       0.237378023329272       0.605876872062010     
  0.949935726354597      -0.229775365485424        2.03305443034549     
  0.512322751641656      -0.506779182550647      -4.137028961007801E-003
  0.323193364524674       5.680742178244494E-003  -3.63019157743336     
  9.113296782035363E-007  5.548623199170505E-003  -3.43474513868289     
 -0.323231613160336       4.263836770422590E-003  0.879795887025752     
 -0.476407870904586       3.939657501471155E-003 -8.750952098202490E-002
 -0.476407765561392      -7.761046263857619E-003  0.760596604223133     
 -0.323194181882883      -8.889005976375422E-003   7.23625431197490     
  4.171754082082253E-006 -8.402036933573250E-003  -1.06790671314563     
  0.323193366304286      -8.455025579685346E-003  -3.64070021716503     
  0.476474932587894      -7.591201509344837E-003 -3.698908303634364E-003
