   1.79304800531748      -0.260659777085409      -0.101115865443728     
   1.03900076719513        3.38928102255602      -0.822425292909746     
  -1.82295128404866       0.352055554225296      -0.374189764316121     
  -1.90368060658132       0.431062728171544       0.344378765388690     
  -1.21876014028377      -0.112022664319064      -3.998655567169977E-003
   2.12580865213335      -0.717486606107742       9.707485014141841E-002
   1.00689750603030        3.36343828201368       0.840427834744423     
   1.71181245470922       0.146682551956873       0.385457385714635     
  -1.64996964292597       0.761359875509813      -0.329884515657628     
   2.07908837305534      -0.969051487777237       6.640192392225260E-004
  0.745519036550081      -3.826662408402336E-002 -7.117926623101142E-003
   2.28053944590861       -1.02302343246439       0.122506124623142     
  0.836024854635842        1.17096072530652      -2.291466567351151E-002
  0.186113382957704       0.446505483748891      -0.147703601956453     
  0.326846313949142       0.137323700038355       1.592682988006959E-003
 -0.794763430776215      -0.546437216016477       9.114093548512550E-003
  -1.08973948436548       0.271458810097664      -0.124142644512732     
   1.32208171431114       0.859888614106650      -3.772363553655882E-003
   2.51345852734242      -0.687857157392588       0.148635394277348     
   2.44507748985962      -0.938124871014860      -1.816072649442902E-004
   2.12116697521123      -0.865557960827299      -4.289416849734294E-002
  0.508499433045639       0.638778929041383      -0.682298150675014     
 -3.793750541115419E-002 -0.688394821736285      -0.848040330949241     
  0.845265426202304      -0.113879225655532       0.303710840409858     
  0.700636829869392       0.797000205055676      -5.385596357565629E-003
  0.432061919229184       0.841743954694471       7.829552347497787E-002
   1.46923458904469       -1.19058794036306       0.717134390976411     
  9.087933581889071E-002 -0.611700635113111       0.425657567152888     
  0.609076895511817       0.616523963395171      -0.232665524805369     
   1.45447297717599       -1.30241023735280       2.331962376989946E-003
   2.04587661888920      -0.739200106058665      -9.709411349308690E-002
   1.34270633510907       -1.27091258077365      -0.420037954681102     
   2.20843994974085       0.341796433447855       0.462405013555629     
 -3.780854760132320E-002 -0.653666204394810       0.246118605995517     
  -1.23849866274648       0.215948869826665       3.348105446584251E-003
  0.844479802568795       0.426071989278568      -2.948834261334844E-002
  -1.13685900886585       9.045781346684012E-002  0.159423228603229     
  0.407225831009043       0.143665676856111       0.253959836066454     
  0.490458488376125       0.239683252209178      -4.732005463124023E-002
  0.423102830883404       0.217605332054758      -7.958969424241831E-002
  0.730333419848164      -0.161366444926878      -1.920329399189159E-002
   1.65316830979382      -0.260526947859573      -0.807157513870964     
   2.42182358545858      -0.621677395618801       -1.17059089801001     
  0.937347306213194       0.874634100644706       0.138680809963404     
  0.780696900724387       0.839596585145666      -6.404776089252102E-003
  0.393364074641920        1.37927420278141       0.101993310967582     
  0.827660301367146       7.846592507320027E-002  0.615615623551617     
 -0.653138963123047       -1.46152518847099       0.194136009619215     
 -0.288614822538094      -0.497725082845368       0.278436526353979     
  0.887421685649756        1.15872184049684       1.935524490193827E-003
   2.09718780739211       -1.03148189531918      -4.866020680091607E-002
   1.80045421829378       0.973623831208478      -0.105022271898516     
  -1.35297086371316       0.696988353211880       0.307035466455917     
   1.51519782773514      -0.628004376201595      -4.438331324921431E-003
   1.99727854132236      -0.241893974887330       7.290671353185216E-002
  0.694151141899879      -9.187470379936175E-002  0.379281909873352     
   1.00052002652644        1.79229624333839       0.125917125280527     
  0.879745800244953       0.737458559909869      -0.591098772031691     
  0.694798500951552      -0.319323866038600      -2.936566780761302E-005
  0.368645087613603       0.206452488706766      -5.746540247472543E-002
  0.837638762362605       0.118506212296430      -0.580762261307634     
  0.586441580515205       0.838813265832094      -0.174783705283233     
 -0.479007996022745       0.402954326716697      -0.242922682173587     
   1.60298822178814      -0.447630510285007      -9.363547103277298E-003
  0.866768224866639       0.431740743518371       9.289862270510575E-003
  -1.61146862834477       0.753467463636934       0.417780812573271     
  -1.09157032992673       0.555895023176052       0.503700142666753     
  -1.89101094668166       0.827497414455146       0.487098117114293     
   1.70994618925833       0.691778966666868       2.175518030053149E-003
   2.13883504356918      -0.918964892553597       0.120525988342794     
   2.04050243351785       0.489950663221089      -0.894692731803989     
  0.874951834391866       0.514673775506870       0.457934760255286     
  0.778573578959411       0.802744865972901      -6.989702836230400E-004
  0.838863644187400       0.903609163576182       0.144361755076373     
 -0.271215949068851        1.57684944490278       0.459610186966378     
  9.452103686271358E-002 -0.477938598602170      -0.355599564335027     
  5.460167990000260E-002   1.50962861221342      -0.822615191205587     
   1.32749925221878       0.855020754821447      -3.591433177995619E-004
   1.81264251308046       0.696063469847135      -4.714099061165442E-002
   1.57212788526053       0.804607843390551       -1.05533774482140     
   1.15223113836632       0.945018543793762      -0.658096593632964     
  1.111621555491450E-002   1.64215236478309      -5.759669416177592E-002
  0.516393270236565      -0.109912154880054      -1.793915351292807E-002
  0.661920682279683       0.297975916668300       0.128429305801281     
 -0.833467416707724      -0.360839062600465       0.687089608252444     
   1.93892490111059       -1.12981732085741       0.182392137809212     
   1.29674234262283      -0.846558327596187       0.391095667616334     
   1.70494038034236       3.504028608716989E-002  1.476970256553176E-003
   1.67328423627114       0.950562871649976       3.937724863105808E-002
   1.46785809597787        1.17329334494237        1.87537347088737     
  -1.28596718164180       0.668741983646405      -0.221426551564394     
   1.33935510352885        1.30938063781046       -1.01140973873914     
  0.138520342049185       0.720715331462496      -1.137692864848381E-002
  0.577983582560401      -0.503745540621836      -0.240211217966672     
  0.603423346174744      -0.613592682257527       -1.06766328278000     
   2.18690166902273       2.050760228233089E-002   1.82630909340705     
  0.894888704328581       5.855221788776094E-003  0.281847884297642     
   1.71607291156811       0.717665817486541       7.138556852118644E-004
   1.52211851878054      -0.335807093757567      -0.120372970832519     
  -1.81691970816958        1.03561649071923      -0.354350089009015     
  -1.66188664779497      -1.391705169421141E-002   2.72147058567463     
  0.630030486319343      -7.201881951733852E-003  -1.01309589113828     
  -1.41951689390300       8.563847389989758E-002  2.161641276026689E-003
 -0.193061359698479      -0.508474517241885      -0.433048851138692     
   1.21683185578899      -0.998920189977180      -0.538036993035730     
   2.31801271434923      -0.384393761967643        1.75165968314661     
  0.543914740749650        1.51364001989432        1.87749535609673     
   1.41772301822050       -1.34825722611430       7.097821365092703E-003
  0.876928535139140       0.420768432508288      -1.173667029479791E-002
   3.18432651548674        1.20239831668456      -0.390605161696906     
  0.203625942935378       0.376897326138607       -3.58360136644097     
 -0.591931426229292       0.869131643726489        1.89731210193358     
   2.09465969341438      -0.951677624966492       2.799845655205237E-004
  0.694936519522881      -0.722750976556557       3.827576633325102E-002
   1.41597526103717      -0.482291021591723        1.97778504491821     
 -0.285063512270823       0.804544537105790       -1.14686602752673     
   1.92037423424466      -1.084027106805131E-002  -2.55556421818819     
   1.31182360593019        1.09900325471139       1.873001750702176E-003
 -0.867087927661588       -1.26728097375962      -0.406224028400839     
  0.824962059165537        1.63913984272342       -2.40570442423362     
 -0.636490418309665       0.544508156261242        1.96777813959511     
  -1.62888702933161       0.260850930633379      -0.615133848502161     
 -0.220992170498525      -0.422823819790290      -6.216550114596788E-003
  -1.43032426814494       0.519021364111029      -0.135214724657560     
  -1.90581705606392        1.07726682144255       0.104283572236283     
 -0.444864524265601        2.11915847786632        3.61726150092351     
 -0.382361067054583      -0.909224577249151        2.17562296131360     
   1.33319921240253       0.854894692510467      -1.598685925025574E-003
   5.19778512691173      -2.611458110750350E-002  0.906489331549847     
   1.17159924158521      -7.463172349807526E-002   3.68286193328632     
   1.69547034343787      -0.867307388606893       -5.35403104214083     
   11.0163828843087        1.02391975899357       -11.2233524746089     
  0.399730685898422       -1.23089316158616      -4.274688172673918E-002
  0.839391149996735       -1.47343154879101       0.383455644517154     
  0.812239041558771      -0.165162560335510       -1.00818321672217     
 -0.762328363902048        1.80758294474185       -6.70703100231049     
  0.613465670809020        1.10861821584216      -0.236956385916552     
   2.32764249479801       0.535443840651092      -5.300684374434475E-003
  -6.98581970698191       0.959102002169398        13.7393283872965     
  -7.50201264312494        3.01547906535939        7.68467356291863     
 -9.639757457311236E-002   1.48758998439277       8.007325380406177E-002
 -0.413222093193140        1.09872239854608       0.122196714158013     
   4.70701057245567      -0.454900671269366        11.1893932858862     
   10.5788421051379        1.01441240035209        14.5130227244873     
  -7.05511347115923        2.85655873904373       -11.4904970093149     
  0.912708828245137       0.137397074781436       3.692459707129850E-002
 -0.394231645359127      -0.118126909651530        3.79976909162064     
   4.66968540165124      -0.926731732029874       -5.09929884186164     
   1.50605789711219      -0.110385878682202      -0.789088469286378     
  0.460037292117721      -0.343318740871869       0.143785069346820     
 -6.008432295920572E-002 -0.835045698228683       0.256453061596234     
  -1.75643781475270       0.605889826460645       -2.99930073126100     
  -1.54532564445539       -1.01179042436637       -4.59507119340280     
   4.37882715404336      -0.727964049501256        4.11432804989775     
  0.575125022107323       0.170046999463970      -8.716518956806883E-003
  0.586365074141091       0.254487029376768      -9.154444134779209E-002
  0.842076188682992      -0.419614134474473       -1.61114203934200     
 -0.622406367433190      -0.847900560264575        1.95641147546800     
 -0.565362647759369       -1.07305927399116      -0.572709108749060     
  -1.34894933378103      -6.383280871589103E-002 -7.077823584918162E-002
 -0.628815061894021       -1.17194525789562      -3.397836424476441E-002
  -1.11569836265468      -0.363115245421358        2.04939918218744     
   1.84282330619104      -0.410080583022851        2.13775455767771     
 -0.242286417198268        1.35529442355884       -1.54717518826371     
   2.02953493368682      -0.657282756994988       3.584239533603277E-003
  0.321121171186375       0.177765635222255       1.054571743106420E-002
  -1.02821004482979        1.55178896327452       0.857878931191941     
  0.371756496404790       0.189689803504664      -0.178258538717625     
   1.52285111023407      -0.292530196245059       0.401707148945864     
  -1.44631116354903       0.468718450876814       3.726756035501156E-002
 -0.785263884166349      -0.466252560713078      -0.155584136144595     
 -0.151074012154010       2.844849305934610E-002  -1.90929819838295     
  0.135822077664436       0.440656090559515       0.275426320086273     
  0.635197949620777       0.483228639860249        1.17374650096292     
   2.31190353922468      -0.527648630287028      -7.860776193664068E-004
   1.58228579477465      -0.516731674855552      -5.138144303023968E-002
 -0.133340980230565       0.590109983854411      -0.252724124781409     
  0.350747309538608       0.750158143577642       0.725890544914889     
   2.00925638271734      -0.636185001272028       6.420860103156423E-004
  -1.34761977707202       3.079585619568598E-002 -2.345794398997743E-002
  -2.03313590773485       0.327100803536104      -0.111229687090525     
  -1.05977057375603        1.32435017346358       0.768169915531772     
  8.934519297078290E-002 -0.141440857244956       0.833873264124047     
   1.85654108837095       -1.18300228130391      -0.155434390929336     
  0.814058448026578      -0.720246828522310       2.469153929444958E-003
 -0.224913262678888        1.00800116745270      -0.153145727965759     
  -1.22298303596964       0.484275866497159      -0.666311393905041     
 -0.484746052590603       0.518635056391397      -0.149575140819675     
  -1.44547514888209       0.102042561358477      -1.752307012257465E-002
 -0.930293594156893      -5.239245324236294E-002  3.871132352928438E-002
 -0.733948005989027      -6.502029561655980E-002  0.312553534078778     
  0.567457092841082      -0.269574119638425       0.242284476242304     
  0.714128340546384      -0.320380753675231       0.157922334917243     
  0.896469643726753      -0.709202701152009      -6.892625423092166E-004
  0.231619095582958       0.412178624559088      -0.103455307899517     
  0.783556084218958      -0.804074754544804      -6.397326815292929E-002
  -1.10196024591656      -1.896031125605283E-002  0.693668239422831     
  0.194438090303990       0.836958791805075       1.590718970168506E-002
  -1.04684022768130       0.160714567424628      -1.082574071198539E-002
  -1.21625963435226      -6.064656532855646E-002 -5.701151534558858E-002
  0.341704725734010       0.859202514781445      -0.266569023702198     
   1.14717279911492      -0.421179978693248        1.57684722356868     
   1.37688737432748      -0.207874310614090      -0.274093511070794     
 -0.406736632997706        1.22000152835929       1.014771019949547E-003
   1.87223536249664      -0.572687136252177       8.849266986825584E-002
   1.59247985764475      -0.415351402675060      -0.126495489253850     
  0.241849925923667        1.12606401120682       -1.62715539120378     
 -0.987258624834941      -0.115110260586374      -0.714806504112836     
  -1.15102448648690      -0.116954544602594      -3.127137011281314E-002
 -0.896391008337892      -0.194545786535967       0.106278639143898     
 -0.775290701113245       0.162248583027335       0.825979720679845     
  -2.03919145416551       0.245358237331395       0.120741661280222     
  0.833002421164972      -0.758132997397627       0.131272633347606     
  0.865441060118258      -0.680215287451873       1.156899408288857E-004
   1.10237520901799      -0.856946843707537      -0.232613303740425     
   1.14955071613338      -0.738005789834835       -1.13145253609201     
 -0.873102999258391        1.15919373793843        1.78905255458052     
  0.348037990390121       0.616361962801127       0.728354447582216     
 -0.108900002404521        1.42909716901532      -1.886684076167742E-002
 -7.050905694488917E-002   1.47851628930465      -6.086515188593367E-002
 -0.112286120812174      -0.107836678229907      -0.413555149597892     
  0.167838776256487      -6.074794022639002E-002  0.983122143468063     
   1.56700147251063       -1.62766112430042       0.674377907520380     
  0.367416353779438      -0.511548150493167      -1.858199219691453E-003
   1.80490348927353      -0.539962295139775       1.633227040537034E-002
   1.57672048752440      -0.381987817046233      -2.984083830581585E-002
  1.717413192159498E-002  0.942466740834011       -1.72843307272671     
  -1.29001101515636      -1.955374644635965E-002 -0.246600826171123     
  0.195712295482565        1.35111402345929      -3.219858240582344E-002
  0.110888145004472        1.35257637177833       0.143743750725700     
  -1.01188229510237       0.762396204927399       0.792624960176312     
  -1.00828164477795      -1.389453129470614E-003  1.189337851159235E-002
  0.811823842586799      -0.621242741405127      -5.723891275610274E-002
  0.944209898029357      -0.653634201381953      -1.700346642043490E-003
  0.983076919422377      -0.588600312749726      -0.287473671765026     
  0.267483435642251       0.575963535405790       -1.53209360637625     
 -0.910814487562584       0.475996663393370        1.88249973786688     
 -5.558376765190562E-002   1.58442525424313       0.321801773689459     
  0.103348956979693        1.31720815750413      -7.733678041384568E-003
 -2.253345018905874E-003   1.38521352970165      -3.325076509514108E-002
  -1.10078590996302       0.199394516629975       0.336679445969433     
  0.701990585968962      -0.195285886737798        1.79465709125604     
 -0.428998342658955        1.34786474820962       0.204032043849384     
  0.685660946647433      -0.428769021103856       3.455684283182536E-004
   1.19043496561875      -0.656333406246735       0.182096807788182     
 -0.298421396956376        1.49405717812895        1.15333807272173     
 -0.675974584142090        1.45410899184249       -2.63801964781517     
 -0.262580835078688        1.37461089209362      -0.736305852402556     
 -0.672733392752400        1.60904343653467      -2.006976407001939E-002
 -0.291373138622720        1.47398315208381       7.566203466959448E-002
 -0.658591664815242       0.277165977523854      -0.442437426384050     
  -1.90227755362545       0.956551906809380       0.138267451539479     
  0.912210126104718      -0.564805802050121       0.427521240610674     
  0.781444630519334      -0.753525021120870      -4.851244206491513E-003
  0.478176437497465      -0.321001012998273      -2.246579571891515E-002
 -0.189079442609183      -0.190695964439145      -0.371265785181258     
 -0.696366852992994        1.29394598503868        1.92826290397730     
 -0.547760467927003        1.06453950877081       6.510198082299751E-002
 -0.897183489575604       0.743774117631679      -3.286392153750923E-002
 -0.460278967751149        1.19381882608804      -1.464320377200733E-002
 -0.745459483376451       0.760475353955786      -0.199344135674732     
  -1.44575234726339      -0.345631724323279      -0.383527142926520     
  6.352077645174600E-002 -0.656373581809133      -0.129996947878727     
  0.311779958292666      -0.244403371856971      -2.550620912554803E-003
 -0.228596530602470      -0.105628543479819       1.181071367443753E-002
  0.141442215279863      -0.320432688147686        1.59517086359852     
 -0.812389865698316       0.766585605015954      -0.329909300789873     
 -0.169579324893384       0.912605175006925      -0.194481075837218     
 -0.878649392277498       0.792102368408362      -1.384860219280246E-002
 -0.830209759944068       0.841103123049881      -6.311912744164161E-002
 -0.618368774583647       0.951569605454024      -0.815230570587233     
 -0.546104279147514        1.03994201624434       0.383372554403217     
   1.49695658337894       4.876590752647285E-002 -0.244525204276588     
  0.323590339036898       0.108163763256675      -4.271765248598863E-003
  0.692961648321025      -0.395488521867752       9.019904366515273E-002
 -8.889179954060891E-002  0.116856286806464       4.675471888027831E-002
   1.88544622312887       -4.11052845452082        1.39199174450107     
 -0.222514697970243       0.934112951591256      -0.194446854181831     
 -0.156689302783504       0.827320333260684      -2.043093065118503E-002
 -0.151847391644543       0.687896141764974       5.606817664942360E-002
 -0.274611037934063        1.10900989462514      -0.379365461895052     
  0.787544194264704       0.162376683233601       -2.39251397980888     
 -7.151212851822626E-002 -0.182610242375235       0.526194828737501     
  0.714391538340887      -0.310419079223762      -2.808051854336512E-003
  0.682191025240925      -0.242185135224386      -5.196277328566969E-002
  0.384223850290764      -0.268667441916157      -0.983052934532106     
  -3.03257362539551      -0.269321575079690       -3.25388055681613     
  -1.03790654523317       0.195075105271007      -0.379564954252300     
 -0.436435925863625       0.911348197605381      -2.657683621897902E-002
 -0.276886572757368       0.999723881660737       0.158407263780321     
 -0.418681954333618       0.736681342260244        1.25879615969724     
  -2.82144081647054      -0.258727625906905        3.48242731580530     
  0.762415274905460      -0.424738065162693       0.435366271929118     
  0.765813988536522      -0.260621412106371      -4.228933219510697E-003
  0.772277099802841      -5.649087930055288E-002  6.685569865145813E-002
  7.106707854750158E-002   1.10373480276608       0.413764649382935     
  2.000753823673844E-003  0.514222618651167      -0.559996904581367     
  0.371870200906208       0.216703596715446      -0.230921860079413     
 -0.333591310174548       0.437893330351957      -2.140597491107646E-002
 -0.357888109025706       0.315133795481975      -4.020601903094546E-002
 -0.619155505140537       0.260549593736962       -1.16436578045920     
 -7.335648415790383E-002  0.533235650024837       0.504677218670849     
  0.547750722713818      -0.381465087776925        1.00213610531451     
  0.449760106905424      -0.499404477477930      -2.250924949830096E-003
  0.354375466332057       0.255184903993873      -0.296191184809593     
  0.430416024383368      -0.278290540905292       -1.78559928471324     
 -0.687692651051558       0.158352075117099        1.10640423025737     
 -0.996752229070842       2.873627587220569E-002  0.963618094062314     
 -0.377560252514437       0.474940832735311      -2.769955800511878E-002
 -0.563573607036930       0.349925665823895       9.858765338519423E-002
 -0.502208244578738       0.222936677580494        1.60920969037936     
  0.534351021429804      -0.111092236361405       0.896338762974102     
 -0.471064241368475       0.190323958630132      -0.910737328225671     
  0.525302328553668       8.501293825241309E-002  2.129404532122713E-003
 -0.246621722895118       4.776644697942381E-002   2.05149087280197     
 -0.551340066161166       0.395971934263504       -1.20019929275459     
  0.914307090303756       0.239306510923496       -1.47908663514245     
 -0.418984546874613      -0.206363262598726      -8.141009636191876E-003
 -0.220150086319431      -0.197059360026425      -0.214369834049977     
 -0.476793589776758       0.229348778800144       -2.98419579148401     
 -0.560451266245605       0.379894819715375       0.596257902208844     
  0.333279236606837       0.502143449020258        1.68600817306156     
  0.578109650339301      -0.399054333567376      -4.864595190908127E-003
  0.476466722202210       4.588308401837302E-003 -0.472301065437690     
  0.323193359176065       5.680733464791040E-003  -3.25250532886334     
  4.234463612211772E-007  6.264425300538808E-003  0.912376676386430     
 -0.323193282443243       5.679040281003528E-003   1.56103942499883     
 -0.476407804759395       4.152885949198583E-003 -3.199816963101409E-002
 -0.476412505353209      -7.728850234635312E-003  0.346069190425077     
 -0.323193277822350      -8.455053864404713E-003   4.41505640682081     
  3.026494525216563E-005 -6.799817289289638E-003   2.03256018765584     
  0.323193366402852      -8.793288952660835E-003  -3.81898326791003     
  0.476475923009098      -7.601654048483991E-003 -1.448654998962672E-003
