  0.511320592680504      -5.505276128624204E-003 -2.179541484117078E-003
  0.522121356531184      -9.271556014730070E-003 -5.860985545649872E-003
  0.528925303191211      -8.711773077897493E-005 -7.450886346799767E-003
  0.522402438288641       9.258309986787930E-003 -6.871347099225474E-003
  0.513436811729631       1.191511700227914E-002 -6.028473854715877E-003
  0.506928304095542       1.224195518921940E-002 -5.765202792732384E-003
  0.501092357188552       1.239300645299609E-002 -5.621492821087076E-003
  0.495531016325027       1.247958014212910E-002 -5.528762016385642E-003
  0.490122500733524       1.253258755541372E-002 -5.463520708742392E-003
  0.484807535834029       1.256522451654652E-002 -5.414929422645689E-003
  0.479554054055636       1.258608342640070E-002 -5.377228282867995E-003
  0.474343135022574       1.259991771250481E-002 -5.347062888118981E-003
  0.469162873285771       1.260944852190687E-002 -5.322343405747894E-003
  0.464005411451298       1.261626821337712E-002 -5.301697470390414E-003
  0.458865376429452       1.262132693995052E-002 -5.284184801854860E-003
  0.453739080251598       1.262524850439506E-002 -5.269137879742177E-003
  0.448625302283467       1.262829343347298E-002 -5.255556496508016E-003
  0.443518491576418       1.263069812382511E-002 -5.244128052011134E-003
  0.438418789308506       1.263271692431280E-002 -5.234019226246121E-003
  0.433325130711297       1.263440401011299E-002 -5.225010301825894E-003
  0.428236586536520       1.263583100438590E-002 -5.216929450573277E-003
  0.423152400254592       1.263705049454802E-002 -5.209640341879329E-003
  0.418071955788817       1.263810203770328E-002 -5.203032858478385E-003
  0.412994748360563       1.263901592111313E-002 -5.197016686572169E-003
  0.407920361112779       1.263981570015174E-002 -5.191516889472802E-003
  0.402848446872262       1.264051996693429E-002 -5.186470720240809E-003
  0.397778714090510       1.264114359396247E-002 -5.181825233212291E-003
  0.392710916016496       1.264169861923985E-002 -5.177535445998217E-003
  0.387644842310833       1.264219488702748E-002 -5.173562901187846E-003
  0.382580312493412       1.264264052030014E-002 -5.169874527810502E-003
  0.377517170773399       1.264304227528355E-002 -5.166441731951937E-003
  0.372455281930170       1.264340581165445E-002 -5.163239664755121E-003
  0.367394528001374       1.264373590131271E-002 -5.160246629005963E-003
  0.362334805597243       1.264403659156283E-002 -5.157443594847226E-003
  0.357276023705689       1.264431133399859E-002 -5.154813802035569E-003
  0.352218101885593       1.264456308719958E-002 -5.152342431300191E-003
  0.347160968769775       1.264479439923606E-002 -5.150016331231823E-003
  0.342104560816945       1.264500747442540E-002 -5.147823790077759E-003
  0.337048821265345       1.264520422771741E-002 -5.145754344065852E-003
  0.331993699250788       1.264538632926245E-002 -5.143798615618081E-003
  0.326939149059617       1.264555524116014E-002 -5.141948176151494E-003
  0.321885129492968       1.264571224790505E-002 -5.140195429216311E-003
  0.316831603323390       1.264585848175844E-002 -5.138533510534771E-003
  0.311778536828494       1.264599494397119E-002 -5.136956202154444E-003
  0.306725899389119       1.264612252264056E-002 -5.135457858444319E-003
  0.301673663141843       1.264624200777209E-002 -5.134033342066720E-003
  0.296621802677388       1.264635410406534E-002 -5.132677968391827E-003
  0.291570294778019       1.264645944177949E-002 -5.131387457081485E-003
  0.286519118188154       1.264655858603098E-002 -5.130157889785310E-003
  0.281468253413367       1.264665204474944E-002 -5.128985673069029E-003
  0.276417682543783       1.264674027553475E-002 -5.127867505833058E-003
  0.271367389098454       1.264682369156179E-002 -5.126800350600231E-003
  0.266317357887880       1.264690266670282E-002 -5.125781408146700E-003
  0.261267574892239       1.264697753996663E-002 -5.124808095031802E-003
  0.256218027153282       1.264704861936842E-002 -5.123878023647262E-003
  0.251168702678129       1.264711618530670E-002 -5.122988984461321E-003
  0.246119590353477       1.264718049351958E-002 -5.122138930184614E-003
  0.241070679868914       1.264724177768004E-002 -5.121325961618339E-003
  0.236021961648259       1.264730025167831E-002 -5.120548314979323E-003
  0.230973426787942       1.264735611163529E-002 -5.119804350528940E-003
  0.225925067001621       1.264740953768204E-002 -5.119092542349765E-003
  0.220876874570296       1.264746069553616E-002 -5.118411469140836E-003
  0.215828842297322       1.264750973790152E-002 -5.117759805912662E-003
  0.210780963467750       1.264755680571296E-002 -5.117136316485032E-003
  0.205733231811538       1.264760202924673E-002 -5.116539846697864E-003
  0.200685641470213       1.264764552911151E-002 -5.115969318258100E-003
  0.195638186966603       1.264768741713595E-002 -5.115423723156681E-003
  0.190590863177349       1.264772779716444E-002 -5.114902118594322E-003
  0.185543665307879       1.264776676577133E-002 -5.114403622364976E-003
  0.180496588869615       1.264780441290453E-002 -5.113927408650994E-003
  0.175449629659189       1.264784082246539E-002 -5.113472704188106E-003
  0.170402783739462       1.264787607283238E-002 -5.113038784764927E-003
  0.165356047422188       1.264791023733491E-002 -5.112624972024217E-003
  0.160309417252154       1.264794338468296E-002 -5.112230630537737E-003
  0.155262889992666       1.264797557935701E-002 -5.111855165129790E-003
  0.150216462612254       1.264800688196277E-002 -5.111498018424965E-003
  0.145170132272492       1.264803734955431E-002 -5.111158668602158E-003
  0.140123896316832       1.264806703592904E-002 -5.110836627335164E-003
  0.135077752260356       1.264809599189774E-002 -5.110531437904771E-003
  0.130031697780391       1.264812426553150E-002 -5.110242673466120E-003
  0.124985730707883       1.264815190238853E-002 -5.109969935460849E-003
  0.119939849019505       1.264817894572312E-002 -5.109712852160068E-003
  0.114894050830402       1.264820543667788E-002 -5.109471077329581E-003
  0.109848334387562       1.264823141446139E-002 -5.109244289005863E-003
  0.104802698063732       1.264825691651275E-002 -5.109032188376794E-003
  9.975714035186688E-002  1.264828197865421E-002 -5.108834498757402E-003
  9.471165986005042E-002  1.264830663523306E-002 -5.108650964655503E-003
  8.966625530687536E-002  1.264833091925452E-002 -5.108481350919884E-003
  8.462092551724119E-002  1.264835486250539E-002 -5.108325441965344E-003
  7.957566941854005E-002  1.264837849567035E-002 -5.108183041072849E-003
  7.453048603722295E-002  1.264840184844185E-002 -5.108053969754999E-003
  6.948537449570769E-002  1.264842494962320E-002 -5.107938067187698E-003
  6.444033400961909E-002  1.264844782722685E-002 -5.107835189702818E-003
  5.939536388534604E-002  1.264847050856798E-002 -5.107745210337608E-003
  5.435046351789326E-002  1.264849302035352E-002 -5.107668018440869E-003
  4.930563238902392E-002  1.264851538876822E-002 -5.107603519330947E-003
  4.426087006567873E-002  1.264853763955719E-002 -5.107551634004472E-003
  3.921617619865589E-002  1.264855979810609E-002 -5.107512298896327E-003
  3.417155052155972E-002  1.264858188951956E-002 -5.107485465684832E-003
  2.912699284999551E-002  1.264860393869755E-002 -5.107471101145418E-003
  2.408250308101729E-002  1.264862597041074E-002 -5.107469187049797E-003
  1.903808119281760E-002  1.264864800937509E-002 -5.107479720111116E-003
  1.399372724466799E-002  1.264867008032651E-002 -5.107502711971951E-003
  8.949441377094317E-003  1.264869220809540E-002 -5.107538189240958E-003
  3.905223812305014E-003  1.264871441768105E-002 -5.107586193571249E-003
 -1.138925145138289E-003  1.264873673432780E-002 -5.107646781786357E-003
 -6.183005107397693E-003  1.264875918360299E-002 -5.107720026051528E-003
 -1.122701560218131E-002  1.264878179147550E-002 -5.107806014093904E-003
 -1.627095607129899E-002  1.264880458439735E-002 -5.107904849469399E-003
 -2.131482586894992E-002  1.264882758938773E-002 -5.108016651880555E-003
 -2.635862425972951E-002  1.264885083412120E-002 -5.108141557546526E-003
 -3.140235041634010E-002  1.264887434701872E-002 -5.108279719627025E-003
 -3.644600341699934E-002  1.264889815734312E-002 -5.108431308703135E-003
 -4.148958224252396E-002  1.264892229530018E-002 -5.108596513316897E-003
 -4.653308577307529E-002  1.264894679214539E-002 -5.108775540573840E-003
 -5.157651278454695E-002  1.264897168029695E-002 -5.108968616813189E-003
 -5.661986194456872E-002  1.264899699345539E-002 -5.109175988347015E-003
 -6.166313180810670E-002  1.264902276673213E-002 -5.109397922275197E-003
 -6.670632081262558E-002  1.264904903678713E-002 -5.109634707380504E-003
 -7.174942727278999E-002  1.264907584197615E-002 -5.109886655110966E-003
 -7.679244937466073E-002  1.264910322250910E-002 -5.110154100653593E-003
 -8.183538516935535E-002  1.264913122062107E-002 -5.110437404108406E-003
 -8.687823256612300E-002  1.264915988075809E-002 -5.110736951770170E-003
 -9.192098932479123E-002  1.264918924977748E-002 -5.111053157527574E-003
 -9.696365304752903E-002  1.264921937716523E-002 -5.111386464389090E-003
 -0.102006221169860       1.264925031527343E-002 -5.111737346144763E-003
 -0.107048690950875       1.264928211957911E-002 -5.112106309180802E-003
 -0.112091059462551       1.264931484896658E-002 -5.112493894456940E-003
 -0.117133323578107       1.264934856603617E-002 -5.112900679662697E-003
 -0.122175479959302       1.264938333744363E-002 -5.113327281570411E-003
 -0.127217525042563       1.264941923427274E-002 -5.113774358603530E-003
 -0.132259455023842       1.264945633244477E-002 -5.114242613643156E-003
 -0.137301265842059       1.264949471317052E-002 -5.114732797094544E-003
 -0.142342953160991       1.264953446344858E-002 -5.115245710241596E-003
 -0.147384512349448       1.264957567661807E-002 -5.115782208920718E-003
 -0.152425938459541       1.264961845296996E-002 -5.116343207548098E-003
 -0.157467226202840       1.264966290042551E-002 -5.116929683536183E-003
 -0.162508369924192       1.264970913529160E-002 -5.117542682147020E-003
 -0.167549363572926       1.264975728310271E-002 -5.118183321828482E-003
 -0.172590200671142       1.264980747955967E-002 -5.118852800092307E-003
 -0.177630874278757       1.264985987157988E-002 -5.119552399994188E-003
 -0.182671376954894       1.264991461847483E-002 -5.120283497290752E-003
 -0.187711700715195       1.264997189327210E-002 -5.121047568353424E-003
 -0.192751836984537       1.265003188420287E-002 -5.121846198938307E-003
 -0.197791776544565       1.265009479637864E-002 -5.122681093912713E-003
 -0.202831509475391       1.265016085368692E-002 -5.123554088069229E-003
 -0.207871025090673       1.265023030093822E-002 -5.124467158164689E-003
 -0.212910311865202       1.265030340630333E-002 -5.125422436354429E-003
 -0.217949357353951       1.265038046408638E-002 -5.126422225206063E-003
 -0.222988148101420       1.265046179788948E-002 -5.127469014518366E-003
 -0.228026669539873       1.265054776423271E-002 -5.128565500201254E-003
 -0.233064905874854       1.265063875670514E-002 -5.129714605517349E-003
 -0.238102839956093       1.265073521073937E-002 -5.130919505035604E-003
 -0.243140453131574       1.265083760911927E-002 -5.132183651710529E-003
 -0.248177725082153       1.265094648835296E-002 -5.133510807573008E-003
 -0.253214633633613       1.265106244606853E-002 -5.134905078608879E-003
 -0.258251154542498       1.265118614962859E-002 -5.136370954505178E-003
 -0.263287261251329       1.265131834619326E-002 -5.137913354078051E-003
 -0.268322924607967       1.265145987452722E-002 -5.139537677354293E-003
 -0.273358112542836       1.265161167889638E-002 -5.141249865474692E-003
 -0.278392789696392       1.265177482549155E-002 -5.143056469823883E-003
 -0.283426916987640       1.265195052192617E-002 -5.144964732094952E-003
 -0.288460451112483       1.265214014047598E-002 -5.146982677365826E-003
 -0.293493343958151       1.265234524591651E-002 -5.149119222727504E-003
 -0.298525541916804       1.265256762902390E-002 -5.151384304591743E-003
 -0.303556985077361       1.265280934711156E-002 -5.153789028546629E-003
 -0.308587606269427       1.265307277334230E-002 -5.156345846573768E-003
 -0.313617329926609       1.265336065708331E-002 -5.159068767661173E-003
 -0.318646070727824       1.265367619823992E-002 -5.161973609409211E-003
 -0.323673731963981       1.265402313944875E-002 -5.165078300290852E-003
 -0.328700203562520       1.265440588128304E-002 -5.168403244915190E-003
 -0.333725359682435       1.265482962741936E-002 -5.171971768233344E-003
 -0.338749055765676       1.265530056926631E-002 -5.175810659410649E-003
 -0.343771124894454       1.265582612326356E-002 -5.179950842590885E-003
 -0.348791373253750       1.265641523955907E-002 -5.184428210646010E-003
 -0.353809574428380       1.265707880911411E-002 -5.189284670307361E-003
 -0.358825462164953       1.265783020928333E-002 -5.194569464294871E-003
 -0.363838721087164       1.265868604857659E-002 -5.200340860575353E-003
 -0.368848974646497       1.265966720494687E-002 -5.206668334240242E-003
 -0.373855769285845       1.266080030776543E-002 -5.213635419406963E-003
 -0.378858553337335       1.266211990774473E-002 -5.221343486137765E-003
 -0.383856648481771       1.266367173973811E-002 -5.229916815710505E-003
 -0.388849210525510       1.266551775980042E-002 -5.239509532162479E-003
 -0.393835174568832       1.266774411547531E-002 -5.250315243116723E-003
 -0.398813176954999       1.267047403316341E-002 -5.262580727860114E-003
 -0.403781442018854       1.267388902594561E-002 -5.276625832356397E-003
 -0.408737614373413       1.267826425326382E-002 -5.292873171571988E-003
 -0.413678504986796       1.268402799332696E-002 -5.311893864144803E-003
 -0.418599697063804       1.269186221899068E-002 -5.334480518663485E-003
 -0.423494916115375       1.270287350242396E-002 -5.361768684413902E-003
 -0.428354985327350       1.271888631993384E-002 -5.395449208395616E-003
 -0.433166005488931       1.274296038287515E-002 -5.438162483524838E-003
 -0.437905953742881       1.278036720790426E-002 -5.494287722667130E-003
 -0.442537636554576       1.284200145956752E-002 -5.571692115089127E-003
 -0.446992103688931       1.294897087798302E-002 -5.686255596350532E-003
 -0.451108387839812       1.314203841688532E-002 -5.877414053866036E-003
 -0.454048874906119       1.416269896949460E-002 -6.350384250125890E-003
 -0.455775723614835       1.900242523247705E-002 -7.286941853342450E-003
 -0.466076964712346       2.636497583955969E-002 -7.016196473575941E-003
 -0.485348298435034       2.080553148820583E-002 -4.190609590658961E-003
 -0.485400273787354      -2.076088688850213E-002  4.189649770489448E-003
 -0.466121095546501      -2.636815655234646E-002  7.015339488151209E-003
 -0.455779286472948      -1.902151683402534E-002  7.286280326014193E-003
 -0.454036607529541      -1.416920179513340E-002  6.349893009073578E-003
 -0.451098487701356      -1.314324947516195E-002  5.877001356026976E-003
 -0.446985760404531      -1.294928670951746E-002  5.685883031837557E-003
 -0.442533266849120      -1.284210693665801E-002  5.571346434537606E-003
 -0.437902664807827      -1.278041672702470E-002  5.493961774858774E-003
 -0.433163348977278      -1.274299490344697E-002  5.437851811763814E-003
 -0.428352730660065      -1.271891772504256E-002  5.395150796392831E-003
 -0.423492936672838      -1.270290556158319E-002  5.361480375863941E-003
 -0.418597917377504      -1.269189623468667E-002  5.334200709773223E-003
 -0.413676876618422      -1.268406444906754E-002  5.311621325432585E-003
 -0.408736104338435      -1.267830333881127E-002  5.292606937687456E-003
 -0.403780026826693      -1.267393081887483E-002  5.276365130499166E-003
 -0.398811839300536      -1.267051856611524E-002  5.262324929394552E-003
 -0.393833901364224      -1.266779140245642E-002  5.250063829783933E-003
 -0.388847991660288      -1.266556780688824E-002  5.239262071833004E-003
 -0.383855476005813      -1.266372454956249E-002  5.229672944570219E-003
 -0.378857420903406      -1.266217548140310E-002  5.221102895337389E-003
 -0.373854671758630      -1.266085864565438E-002  5.213397844876542E-003
 -0.368847907822167      -1.265972830712688E-002  5.206433548797290E-003
 -0.363837681488361      -1.265874991493531E-002  5.200108667729911E-003
 -0.358824446888378      -1.265789683961166E-002  5.194339693320195E-003
 -0.353808581029791      -1.265714820314128E-002  5.189057172279004E-003
 -0.348790399660007      -1.265648739697060E-002  5.184202855225813E-003
 -0.343770169335403      -1.265590104371109E-002  5.179727515390394E-003
 -0.338748116720802      -1.265537825237325E-002  5.175589259816429E-003
 -0.333724435838635      -1.265491007278583E-002  5.171752207592646E-003
 -0.328699293780355      -1.265448908848801E-002  5.168185445017696E-003
 -0.323672835250460      -1.265410910805165E-002  5.164862192088573E-003
 -0.318645186214272      -1.265376492778346E-002  5.161759131928563E-003
 -0.313616456850531      -1.265345214709444E-002  5.158855867075147E-003
 -0.308586743959537      -1.265316702333325E-002  5.156134475407615E-003
 -0.303556132941144      -1.265290635658070E-002  5.153579144991025E-003
 -0.298524699430122      -1.265266739745616E-002  5.151175871912100E-003
 -0.293492510656485      -1.265244777278495E-002  5.148912208746561E-003
 -0.288459626583549      -1.265224542524156E-002  5.146777054014643E-003
 -0.283426100865095      -1.265205856403752E-002  5.144760475020329E-003
 -0.278391981654471      -1.265188562438645E-002  5.142853558042049E-003
 -0.273357312291743      -1.265172523400137E-002  5.141048281066527E-003
 -0.268322131889910      -1.265157618525786E-002  5.139337405196690E-003
 -0.263286475837088      -1.265143741195416E-002  5.137714381604490E-003
 -0.258250376228447      -1.265130796981312E-002  5.136173271495324E-003
 -0.253213862239122      -1.265118702005994E-002  5.134708676998815E-003
 -0.248176960447319      -1.265107381552335E-002  5.133315681286050E-003
 -0.243139695115233      -1.265096768882921E-002  5.131989796508321E-003
 -0.238102088434069      -1.265086804233895E-002  5.130726918382196E-003
 -0.233064160738413      -1.265077433953332E-002  5.129523286457480E-003
 -0.228025930694361      -1.265068609761717E-002  5.128375449252165E-003
 -0.222987415465048      -1.265060288114654E-002  5.127280233570612E-003
 -0.217948630856722      -1.265052429652034E-002  5.126234717436248E-003
 -0.212909591447955      -1.265044998720755E-002  5.125236206144722E-003
 -0.207870310704223      -1.265037962959381E-002  5.124282211029499E-003
 -0.202830801079766      -1.265031292936232E-002  5.123370430591715E-003
 -0.197791074108324      -1.265024961833044E-002  5.122498733685022E-003
 -0.192751140484152      -1.265018945167490E-002  5.121665144507178E-003
 -0.187711010134502      -1.265013220549543E-002  5.120867829172825E-003
 -0.182670692284590      -1.265007767466732E-002  5.120105083676761E-003
 -0.177630195515962      -1.265002567094557E-002  5.119375323086917E-003
 -0.172589527818989      -1.264997602128950E-002  5.118677071818345E-003
 -0.167548696640196      -1.264992856637334E-002  5.118008954868220E-003
 -0.162507708924991      -1.264988315926478E-002  5.117369689906767E-003
 -0.157466571156295      -1.264983966424879E-002  5.116758080120512E-003
 -0.152425289389536      -1.264979795577582E-002  5.116173007735716E-003
 -0.147383869284380      -1.264975791752352E-002  5.115613428143624E-003
 -0.142342316133546      -1.264971944155476E-002  5.115078364564601E-003
 -0.137300634889023      -1.264968242756199E-002  5.114566903200372E-003
 -0.132258830185915      -1.264964678219009E-002  5.114078188815176E-003
 -0.127216906364197      -1.264961241842318E-002  5.113611420712148E-003
 -0.122174867488560      -1.264957925503263E-002  5.113165849062979E-003
 -0.117132717366529      -1.264954721607947E-002  5.112740771552290E-003
 -0.112090459565037      -1.264951623046137E-002  5.112335530313264E-003
 -0.107048097425584      -1.264948623150385E-002  5.111949509123503E-003
 -0.102005634078111      -1.264945715658698E-002  5.111582130836344E-003
 -9.696307245372338E-002 -1.264942894680607E-002  5.111232855031677E-003
 -9.192041529633818E-002 -1.264940154666421E-002  5.110901175858292E-003
 -8.687766517337478E-002 -1.264937490378789E-002  5.110586620057517E-003
 -8.183482448555635E-002 -1.264934896866888E-002  5.110288745153191E-003
 -7.679189547589918E-002 -1.264932369442803E-002  5.110007137787217E-003
 -7.174888023795831E-002 -1.264929903659618E-002  5.109741412195809E-003
 -6.670578072339095E-002 -1.264927495291442E-002  5.109491208812219E-003
 -6.166259874888382E-002 -1.264925140314871E-002  5.109256192984213E-003
 -5.661933600250513E-002 -1.264922834891763E-002  5.109036053803542E-003
 -5.157599404950954E-002 -1.264920575353601E-002  5.108830503030679E-003
 -4.653257433764374E-002 -1.264918358186554E-002  5.108639274113522E-003
 -4.148907820199418E-002 -1.264916180017753E-002  5.108462121295855E-003
 -3.644550686938718E-002 -1.264914037602605E-002  5.108298818800306E-003
 -3.140186146239336E-002 -1.264911927812632E-002  5.108149160090903E-003
 -2.635814300294626E-002 -1.264909847624236E-002  5.108012957204941E-003
 -2.131435241559889E-002 -1.264907794108011E-002  5.107890040149358E-003
 -1.627049053044971E-002 -1.264905764418611E-002  5.107780256364543E-003
 -1.122655808573626E-002 -1.264903755785331E-002  5.107683470242244E-003
 -6.182555730129762E-003 -1.264901765502785E-002  5.107599562702767E-003
 -1.138484024736305E-003 -1.264899790922192E-002  5.107528430828149E-003
  3.905656555187521E-003 -1.264897829443027E-002  5.107469987543070E-003
  8.949865618785705E-003 -1.264895878504766E-002  5.107424161349034E-003
  1.399414285841747E-002 -1.264893935579068E-002  5.107390896106758E-003
  1.903848804873093E-002 -1.264891998161924E-002  5.107370150863952E-003
  2.408290104598217E-002 -1.264890063766066E-002  5.107361899733439E-003
  2.912738178760782E-002 -1.264888129913609E-002  5.107366131812342E-003
  3.417193029203855E-002 -1.264886194128439E-002  5.107382851148743E-003
  3.921654665875231E-002 -1.264884253928765E-002  5.107412076755714E-003
  4.426123106858226E-002 -1.264882306819780E-002  5.107453842664963E-003
  4.930598378425727E-002 -1.264880350285993E-002  5.107508198031383E-003
  5.435080515120188E-002 -1.264878381783635E-002  5.107575207279997E-003
  5.939569559858249E-002 -1.264876398732787E-002  5.107654950301047E-003
  6.444065564061541E-002 -1.264874398509302E-002  5.107747522694234E-003
  6.948568587814158E-002 -1.264872378436698E-002  5.107853036059869E-003
  7.453078700047672E-002 -1.264870335777389E-002  5.107971618342175E-003
  7.957595978754638E-002 -1.264868267723774E-002  5.108103414227411E-003
  8.462120511232432E-002 -1.264866171388969E-002  5.108248585593791E-003
  8.966652394357866E-002 -1.264864043796885E-002  5.108407312022391E-003
  9.471191734895192E-002 -1.264861881871966E-002  5.108579791368353E-003
  9.975738649838818E-002 -1.264859682428102E-002  5.108766240395048E-003
  0.104802932667929      -1.264857442157002E-002  5.108966895480417E-003
  0.109848557243905      -1.264855157615906E-002  5.109182013391982E-003
  0.114894261727544      -1.264852825214176E-002  5.109411872141322E-003
  0.119940047740030      -1.264850441199071E-002  5.109656771923822E-003
  0.124985917028043      -1.264848001640577E-002  5.109917036144146E-003
  0.130031871469821      -1.264845502414822E-002  5.110193012540145E-003
  0.135077913081776      -1.264842939186369E-002  5.110485074410356E-003
  0.140124044025719      -1.264840307388878E-002  5.110793621952825E-003
  0.145170266616746      -1.264837602204193E-002  5.111119083726873E-003
  0.150216583331820      -1.264834818539771E-002  5.111461918246294E-003
  0.155262996819153      -1.264831951003774E-002  5.111822615714775E-003
  0.160309509908408      -1.264828993878070E-002  5.112201699922814E-003
  0.165356125621843      -1.264825941088801E-002  5.112599730310243E-003
  0.170402847186463      -1.264822786173914E-002  5.113017304220233E-003
  0.175449678047271      -1.264819522247729E-002  5.113455059358333E-003
  0.180496621881748      -1.264816141961829E-002  5.113913676475446E-003
  0.185543682615671      -1.264812637462023E-002  5.114393882303644E-003
  0.190590864440405      -1.264809000341061E-002  5.114896452762262E-003
  0.195638171831831      -1.264805221586041E-002  5.115422216467331E-003
  0.200685609571076      -1.264801291520353E-002  5.115972058580383E-003
  0.205733182767247      -1.264797199739419E-002  5.116546925022375E-003
  0.210780896882388      -1.264792935038999E-002  5.117147827104283E-003
  0.215828757758900      -1.264788485335656E-002  5.117775846615449E-003
  0.220876771649724      -1.264783837577863E-002  5.118432141421294E-003
  0.225924945251590      -1.264778977646690E-002  5.119117951635494E-003
  0.230973285741712      -1.264773890244908E-002  5.119834606426075E-003
  0.236021800818329      -1.264768558772161E-002  5.120583531539180E-003
  0.241070498745579      -1.264762965184893E-002  5.121366257628168E-003
  0.246119388403241      -1.264757089838693E-002  5.122184429482666E-003
  0.251168479341973      -1.264750911310040E-002  5.123039816281199E-003
  0.256217781844751      -1.264744406194894E-002  5.123934322995120E-003
  0.261267306995350      -1.264737548880168E-002  5.124870003096763E-003
  0.266317066754802      -1.264730311283968E-002  5.125849072754197E-003
  0.271367074046950      -1.264722662559901E-002  5.126873926709302E-003
  0.276417342854376      -1.264714568758891E-002  5.127947156082825E-003
  0.281467888326185      -1.264705992442085E-002  5.129071568385323E-003
  0.286518726899423      -1.264696892236370E-002  5.130250210050527E-003
  0.291569876436142      -1.264687222322198E-002  5.131486391878944E-003
  0.296621356378553      -1.264676931842136E-002  5.132783717835230E-003
  0.301673187925090      -1.264665964215373E-002  5.134146117724744E-003
  0.306725394230777      -1.264654256340869E-002  5.135577884380234E-003
  0.311778000635886      -1.264641737667935E-002  5.137083716091775E-003
  0.316831034927697      -1.264628329108170E-002  5.138668765172306E-003
  0.321884527641081      -1.264613941756992E-002  5.140338693720938E-003
  0.326938512404825      -1.264598475386109E-002  5.142099737852284E-003
  0.331993026342062      -1.264581816657590E-002  5.143958781944069E-003
  0.337048110534979      -1.264563837000138E-002  5.145923444768059E-003
  0.342103810566195      -1.264544390071623E-002  5.148002179792573E-003
  0.347160177152099      -1.264523308712804E-002  5.150204392457153E-003
  0.352217266886983      -1.264500401272350E-002  5.152540577865320E-003
  0.357275143121420      -1.264475447148222E-002  5.155022483176942E-003
  0.362333877004214      -1.264448191349072E-002  5.157663300032146E-003
  0.367393548724937      -1.264418337817580E-002  5.160477893681879E-003
  0.372454249004022      -1.264385541180627E-002  5.163483077264644E-003
  0.377516080890627      -1.264349396480272E-002  5.166697941928116E-003
  0.382579161946135      -1.264309426289146E-002  5.170144256474865E-003
  0.387643626914896      -1.264265064398155E-002  5.173846954133208E-003
  0.392709631016370      -1.264215634952961E-002  5.177834729243721E-003
  0.397777354037486      -1.264160325457158E-002  5.182140773631625E-003
  0.402847005466195      -1.264098151363484E-002  5.186803691859821E-003
  0.407918830993662      -1.264027908906242E-002  5.191868647550034E-003
  0.412993120831572      -1.263948111149476E-002  5.197388811412775E-003
  0.418070220449182      -1.263856899582513E-002  5.203427208917594E-003
  0.423150544521652      -1.263751919425807E-002  5.210059108705437E-003
  0.428234595006305      -1.263630140343564E-002  5.217375166652847E-003
  0.433322983803046      -1.263487594571686E-002  5.225485676057746E-003
  0.438416455245484      -1.263319003602308E-002  5.234526525824540E-003
  0.443515828490456      -1.263121934631966E-002  5.244667861928642E-003
  0.448620627250933      -1.262875922538054E-002  5.256677156608389E-003
  0.453735905696629      -1.262565433502541E-002  5.269780807350110E-003
  0.458862150106432      -1.262177482779563E-002  5.284860554959458E-003
  0.464001983154210      -1.261671374281419E-002  5.302408969927692E-003
  0.469159177816577      -1.260989116171224E-002  5.323096691248284E-003
  0.474339096297538      -1.260035672657405E-002  5.347866614779862E-003
  0.479549565794668      -1.258651814921290E-002  5.378094130357595E-003
  0.484802435637832      -1.256565526286675E-002  5.415873797883293E-003
  0.490116514490265      -1.253301864425396E-002  5.464568910858992E-003
  0.495523624090770      -1.248003164770249E-002  5.529959652012674E-003
  0.501082447680887      -1.239356338351979E-002  5.622944844270752E-003
  0.506913165207934      -1.224301431810805E-002  5.767246627964204E-003
  0.513410090644823      -1.191776592988720E-002  6.032926049255823E-003
  0.522395513775402      -9.271267353996117E-003  6.871766191064789E-003
  0.528967950474247       7.601531455064987E-005  7.446509822806378E-003
  0.522177232428976       9.291811715689173E-003  5.862066082036468E-003
  0.511357441195642       5.554329798802278E-003  2.180891900278085E-003
  0.500266757026560       2.671430761905133E-003 -8.369719471774434E-005
  0.497752362221833       7.313461826430959E-003 -2.282241197133465E-004
  0.493351153486456       1.014365323907258E-002 -2.429000057869357E-004
  0.488196922080020       1.098489405746785E-002 -1.052684348384015E-004
  0.483061396708689       1.100325938495725E-002 -5.051445245541481E-005
  0.477983530921711       1.100518894767652E-002 -3.859069258193245E-005
  0.472926992851004       1.100515779437830E-002 -3.201472228966702E-005
  0.467878036301351       1.100450425741897E-002 -2.635075989208836E-005
  0.462831793221036       1.100384866831244E-002 -2.213662884613966E-005
  0.457786560228215       1.100330283002663E-002 -1.902439265770592E-005
  0.452741726659904       1.100286300151246E-002 -1.670153867363302E-005
  0.447697063830912       1.100250662113370E-002 -1.493480207450748E-005
  0.442652480743094       1.100221342248988E-002 -1.355891190799965E-005
  0.437607938491068       1.100196827481484E-002 -1.245967024229921E-005
  0.432563419280191       1.100176027976441E-002 -1.156001625212288E-005
  0.427518914965532       1.100158145175394E-002 -1.082117238002682E-005
  0.422474417513343       1.100142062979172E-002 -1.060290591528025E-005
  0.417429924285031       1.100128480009570E-002 -1.002651192874218E-005
  0.412385436805343       1.100116480623448E-002 -9.505492703653265E-006
  0.407340952949848       1.100105790568724E-002 -9.044960661047744E-006
  0.402296471657823       1.100096203577730E-002 -8.636895647329248E-006
  0.397251992307890       1.100087557069010E-002 -8.273003960235652E-006
  0.392207514491458       1.100079719974774E-002 -7.946092619063787E-006
  0.387163037917946       1.100072584891840E-002 -7.650321909760222E-006
  0.382118562369491       1.100066062747808E-002 -7.381053049742879E-006
  0.377074087676940       1.100060078983382E-002 -7.134596452753913E-006
  0.372029613705894       1.100054570700540E-002 -6.907983513875535E-006
  0.366985140347856       1.100049484471710E-002 -6.698790421040354E-006
  0.361940667514207       1.100044774626977E-002 -6.505009312456394E-006
  0.356896195131887       1.100040401898966E-002 -6.324955146313505E-006
  0.351851723140187       1.100036332340847E-002 -6.157197866022261E-006
  0.346807251488304       1.100032536455624E-002 -6.000512176275683E-006
  0.341762780133457       1.100028988490425E-002 -5.853839639650429E-006
  0.336718309039406       1.100025665860681E-002 -5.716259518335632E-006
  0.331673838175287       1.100022548677304E-002 -5.586965947674084E-006
  0.326629367514676       1.100019619356078E-002 -5.465249785865851E-006
  0.321584897034847       1.100016862293097E-002 -5.350483987774869E-006
  0.316540426716162       1.100014263593619E-002 -5.242111680202230E-006
  0.311495956541581       1.100011810844355E-002 -5.139636344239099E-006
  0.306451486496258       1.100009492921289E-002 -5.042613659792533E-006
  0.301407016567211       1.100007299826725E-002 -4.950644681598853E-006
  0.296362546743044       1.100005222550514E-002 -4.863370087570502E-006
  0.291318077013723       1.100003252951345E-002 -4.780465303857176E-006
  0.286273607370382       1.100001383654831E-002 -4.701636349827246E-006
  0.281229137805163       1.099999607965642E-002 -4.626616277272018E-006
  0.276184668311080       1.099997919791504E-002 -4.555162107301719E-006
  0.271140198881910       1.099996313577214E-002 -4.487052181148474E-006
  0.266095729512086       1.099994784247181E-002 -4.422083861936867E-006
  0.261051260196624       1.099993327155213E-002 -4.360071533328220E-006
  0.256006790931045       1.099991938040524E-002 -4.300844848926439E-006
  0.250962321711315       1.099990612989075E-002 -4.244247198006263E-006
  0.245917852533797       1.099989348399497E-002 -4.190134355336735E-006
  0.240873383395198       1.099988140953000E-002 -4.138373290640298E-006
  0.235828914292536       1.099986987586701E-002 -4.088841114290755E-006
  0.230784445223103       1.099985885469963E-002 -4.041424142396111E-006
  0.225739976184433       1.099984831983328E-002 -3.996017066371345E-006
  0.220695507174280       1.099983824699734E-002 -3.952522211552664E-006
  0.215651038190591       1.099982861367725E-002 -3.910848874713899E-006
  0.210606569231487       1.099981939896417E-002 -3.870912732232119E-006
  0.205562100295249       1.099981058342014E-002 -3.832635307672672E-006
  0.200517631380296       1.099980214895675E-002 -3.795943494270976E-006
  0.195473162485174       1.099979407872603E-002 -3.760769123711194E-006
  0.190428693608545       1.099978635702192E-002 -3.727048578456921E-006
  0.185384224749172       1.099977896919131E-002 -3.694722440288665E-006
  0.180339755905916       1.099977190155349E-002 -3.663735172521864E-006
  0.175295287077719       1.099976514132723E-002 -3.634034832109695E-006
  0.170250818263603       1.099975867656453E-002 -3.605572807820240E-006
  0.165206349462657       1.099975249609048E-002 -3.578303582571148E-006
  0.160161880674038       1.099974658944848E-002 -3.552184517068292E-006
  0.155117411896957       1.099974094685040E-002 -3.527175652292126E-006
  0.150072943130682       1.099973555913113E-002 -3.503239529497222E-006
  0.145028474374526       1.099973041770702E-002 -3.480341025655239E-006
  0.139984005627848       1.099972551453799E-002 -3.458447203241506E-006
  0.134939536890048       1.099972084209283E-002 -3.437527172683844E-006
  0.129895068160562       1.099971639331747E-002 -3.417551965858261E-006
  0.124850599438860       1.099971216160592E-002 -3.398494421159807E-006
  0.119806130724445       1.099970814077361E-002 -3.380329077231295E-006
  0.114761662016846       1.099970432503301E-002 -3.363032075928732E-006
  0.109717193315619       1.099970070897120E-002 -3.346581072731324E-006
  0.104672724620345       1.099969728752939E-002 -3.330955155433256E-006
  9.962825593062641E-002  1.099969405598404E-002 -3.316134768608655E-006
  9.458378724608511E-002  1.099969100992960E-002 -3.302101644866068E-006
  8.953931856636228E-002  1.099968814526272E-002 -3.288838741095982E-006
  8.449484989111580E-002  1.099968545816768E-002 -3.276330180959226E-006
  7.945038122001905E-002  1.099968294510318E-002 -3.264561201307325E-006
  7.440591255275955E-002  1.099968060279016E-002 -3.253518103570611E-006
  6.936144388903773E-002  1.099967842820073E-002 -3.243188209158435E-006
  6.431697522856576E-002  1.099967641854807E-002 -3.233559818732439E-006
  5.927250657106649E-002  1.099967457127727E-002 -3.224622175962057E-006
  5.422803791627237E-002  1.099967288405701E-002 -3.216365432600536E-006
  4.918356926392457E-002  1.099967135477202E-002 -3.208780619305844E-006
  4.413910061377202E-002  1.099966998151637E-002 -3.201859617807267E-006
  3.909463196557056E-002  1.099966876258747E-002 -3.195595136309212E-006
  3.405016331908213E-002  1.099966769648069E-002 -3.189980688131472E-006
  2.900569467407400E-002  1.099966678188471E-002 -3.185010572014018E-006
  2.396122603031799E-002  1.099966601767747E-002 -3.180679855781781E-006
  1.891675738758978E-002  1.099966540292271E-002 -3.176984362363780E-006
  1.387228874566816E-002  1.099966493686714E-002 -3.173920656852513E-006
  8.827820104334416E-003  1.099966461893810E-002 -3.171486037692635E-006
  3.783351463371594E-003  1.099966444874186E-002 -3.169678528799923E-006
 -1.261117177436093E-003  1.099966442606239E-002 -3.168496874153499E-006
 -6.305585818304042E-003  1.099966455086072E-002 -3.167940534261435E-006
 -1.135005445944780E-002  1.099966482327487E-002 -3.168009685736266E-006
 -1.639452310108359E-002  1.099966524362017E-002 -3.168705221097527E-006
 -2.143899174342924E-002  1.099966581239022E-002 -3.170028752905323E-006
 -2.648346038670483E-002  1.099966653025840E-002 -3.171982618228211E-006
 -3.152792903113315E-002  1.099966739808000E-002 -3.174569886247664E-006
 -3.657239767694042E-002  1.099966841689466E-002 -3.177794367241171E-006
 -4.161686632435715E-002  1.099966958792956E-002 -3.181660624988411E-006
 -4.666133497361897E-002  1.099967091260328E-002 -3.186173990481712E-006
 -5.170580362496710E-002  1.099967239253021E-002 -3.191340578175414E-006
 -5.675027227864921E-002  1.099967402952544E-002 -3.197167305224938E-006
 -6.179474093492044E-002  1.099967582561047E-002 -3.203661912752495E-006
 -6.683920959404428E-002  1.099967778301974E-002 -3.210832990180470E-006
 -7.188367825629333E-002  1.099967990420770E-002 -3.218690002547801E-006
 -7.692814692195020E-002  1.099968219185675E-002 -3.227243320078897E-006
 -8.197261559130892E-002  1.099968464888591E-002 -3.236504252087382E-006
 -8.701708426467591E-002  1.099968727846066E-002 -3.246485083415725E-006
 -9.206155294237110E-002  1.099969008400348E-002 -3.257199115086539E-006
 -9.710602162472913E-002  1.099969306920545E-002 -3.268660708269505E-006
 -0.102150490312101       1.099969623803895E-002 -3.280885333170176E-006
 -0.107194959004856       1.099969959477170E-002 -3.293889621723356E-006
 -0.112239427703381       1.099970314398193E-002 -3.307691425764193E-006
 -0.117283896408086       1.099970689057489E-002 -3.322309879947546E-006
 -0.122328365119404       1.099971083980091E-002 -3.337765470399414E-006
 -0.127372833837791       1.099971499727525E-002 -3.354080110548557E-006
 -0.132417302563734       1.099971936899957E-002 -3.371277222125084E-006
 -0.137461771297745       1.099972396138529E-002 -3.389381824305505E-006
 -0.142506240040373       1.099972878127915E-002 -3.408420631413759E-006
 -0.147550708792201       1.099973383599123E-002 -3.428422158289001E-006
 -0.152595177553850       1.099973913332536E-002 -3.449416836221458E-006
 -0.157639646325985       1.099974468161235E-002 -3.471437138726391E-006
 -0.162684115109316       1.099975048974629E-002 -3.494517719515849E-006
 -0.167728583904606       1.099975656722447E-002 -3.518695563210766E-006
 -0.172773052712671       1.099976292419095E-002 -3.544010150054355E-006
 -0.177817521534390       1.099976957148415E-002 -3.570503635687241E-006
 -0.182861990370709       1.099977652068931E-002 -3.598221050113355E-006
 -0.187906459222646       1.099978378419607E-002 -3.627210513892390E-006
 -0.192950928091304       1.099979137526179E-002 -3.657523477188162E-006
 -0.197995396977870       1.099979930808113E-002 -3.689214981796945E-006
 -0.203039865883636       1.099980759786295E-002 -3.722343950695857E-006
 -0.208084334809998       1.099981626091523E-002 -3.756973506643246E-006
 -0.213128803758476       1.099982531473896E-002 -3.793171325682529E-006
 -0.218173272730724       1.099983477813205E-002 -3.831010025850156E-006
 -0.223217741728543       1.099984467130469E-002 -3.870567601282812E-006
 -0.228262210753901       1.099985501600774E-002 -3.911927901453423E-006
 -0.233306679808952       1.099986583567551E-002 -3.955181166758948E-006
 -0.238351148896054       1.099987715558500E-002 -4.000424623292785E-006
 -0.243395618017799       1.099988900303408E-002 -4.047763149389508E-006
 -0.248440087177036       1.099990140754101E-002 -4.097310020562256E-006
 -0.253484556376908       1.099991440106852E-002 -4.149187745241737E-006
 -0.258529025620883       1.099992801827569E-002 -4.203529004908052E-006
 -0.263573494912804       1.099994229680213E-002 -4.260477713975412E-006
 -0.268617964256933       1.099995727758946E-002 -4.320190217316015E-006
 -0.273662433658008       1.099997300524543E-002 -4.382836647511878E-006
 -0.278706903121313       1.099998952845775E-002 -4.448602466817274E-006
 -0.283751372652752       1.100000690046582E-002 -4.517690225318913E-006
 -0.288795842258938       1.100002517959996E-002 -4.590321570852317E-006
 -0.293840311947305       1.100004442989960E-002 -4.666739554670742E-006
 -0.298884781726227       1.100006472182428E-002 -4.747211285309485E-006
 -0.303929251605169       1.100008613307432E-002 -4.832030996092440E-006
 -0.308973721594863       1.100010874954149E-002 -4.921523602811313E-006
 -0.314018191707518       1.100013266641419E-002 -5.016048847915756E-006
 -0.319062661957070       1.100015798946734E-002 -5.116006150635333E-006
 -0.324107132359492       1.100018483657427E-002 -5.221840309530242E-006
 -0.329151602933157       1.100021333948690E-002 -5.334048242206538E-006
 -0.334196073699292       1.100024364594090E-002 -5.453186996901068E-006
 -0.339240544682529       1.100027592215802E-002 -5.579883331476544E-006
 -0.344285015911587       1.100031035583588E-002 -5.714845247661879E-006
 -0.349329487420122       1.100034715974061E-002 -5.858875976673374E-006
 -0.354373959247792       1.100038657604880E-002 -6.012891080794626E-006
 -0.359418431441601       1.100042888162904E-002 -6.177939551515555E-006
 -0.364462904057624       1.100047439450990E-002 -6.355230109422128E-006
 -0.369507377163232       1.100052348185904E-002 -6.546164361009100E-006
 -0.374551850840002       1.100057656990347E-002 -6.752379150363579E-006
 -0.379596325187593       1.100063415636827E-002 -6.975801442150120E-006
 -0.384640800329000       1.100069682621644E-002 -7.218720614347466E-006
 -0.389685276417827       1.100076527176535E-002 -7.483885396080436E-006
 -0.394729753648637       1.100084031867652E-002 -7.774636389625705E-006
 -0.399774232272137       1.100092295993514E-002 -8.095090943444700E-006
 -0.404818712618254       1.100101440086030E-002 -8.450406400170876E-006
 -0.409863195132581       1.100111611959498E-002 -8.847162467249805E-006
 -0.414907680436375       1.100122994971317E-002 -9.293926802205223E-006
 -0.419952169429643       1.100135819505558E-002 -9.802104647320623E-006
 -0.424996663476258       1.100150379251576E-002 -1.038723027948896E-005
 -0.430041164752075       1.100167054763953E-002 -1.107094416453853E-005
 -0.435085676933186       1.100186348255714E-002 -1.188402509421322E-005
 -0.440130206634943       1.100208935742155E-002 -1.287101811218924E-005
 -0.445174766615238       1.100235744944265E-002 -1.409720866661527E-005
 -0.450219383398982       1.100268065471536E-002 -1.565889053264117E-005
 -0.455264116657594       1.100307671545476E-002 -1.769790713989233E-005
 -0.460309111372645       1.100356804410523E-002 -2.042092701067582E-005
 -0.465354744504607       1.100417304425338E-002 -2.412166560253375E-005
 -0.470402048966375       1.100486012035176E-002 -2.919186301077603E-005
 -0.475453953129615       1.100535275770649E-002 -3.593114196783820E-005
 -0.480518835651756       1.100492373627335E-002 -4.353707700235513E-005
 -0.485619587215204       1.099984903450718E-002 -7.333423255912322E-005
 -0.490796641020030       1.073736121109802E-002 -1.729525403552440E-004
 -0.495721784681762       9.011937809588423E-003 -2.674551542810650E-004
 -0.499300542808833       5.156248632720460E-003 -1.608384416493369E-004
 -0.500602010920142       2.486770172032946E-005  4.229681036343985E-007
 -0.499266308881451      -5.063415048791203E-003  1.616572914057593E-004
 -0.495664020377075      -8.886814078456729E-003  2.681856536356462E-004
 -0.490742138784796      -1.059729586661382E-002  1.735235723846631E-004
 -0.485582561713668      -1.086091227299506E-002  7.376225753503434E-005
 -0.480497768852430      -1.086979869347737E-002  4.389789703975739E-005
 -0.475442686087287      -1.087339726916824E-002  3.625711303524235E-005
 -0.470395811319018      -1.087525688800093E-002  2.949449607796066E-005
 -0.465351090824633      -1.087629304528491E-002  2.440707967161505E-005
 -0.460306824543538      -1.087697493347893E-002  2.069294471518042E-005
 -0.455262583178058      -1.087747350729556E-002  1.795913636735349E-005
 -0.450218286156701      -1.087786106080988E-002  1.591120980051690E-005
 -0.445173936372636      -1.087817364957003E-002  1.434202333547004E-005
 -0.440129549585745      -1.087843206946570E-002  1.310940996272218E-005
 -0.435085138766562      -1.087864963604213E-002  1.211684581299858E-005
 -0.430040712470033      -1.087883547411633E-002  1.129887673398740E-005
 -0.424996275989097      -1.087899612064911E-002  1.061083085443734E-005
 -0.419951832569741      -1.087913640722123E-002  1.002183201000273E-005
 -0.414907384238401      -1.087925999127444E-002  9.510163615188796E-006
 -0.409862932300733      -1.087936969595611E-002  9.060230947768421E-006
 -0.404818477630042      -1.087946773685044E-002  8.660580100005255E-006
 -0.399774020832963      -1.087955587800444E-002  8.302603751771677E-006
 -0.394729562345824      -1.087963554196662E-002  7.979689516901372E-006
 -0.389685102492080      -1.087970788900689E-002  7.686652862130321E-006
 -0.384640641517650      -1.087977387517966E-002  7.419353615443655E-006
 -0.379596179613422      -1.087983429556052E-002  7.174431861827454E-006
 -0.374551716930114      -1.087988981690560E-002  6.949122410567895E-006
 -0.369507253588417      -1.087994100264212E-002  6.741121758872574E-006
 -0.364462789686130      -1.087998833221676E-002  6.548490745923598E-006
 -0.359418325303308      -1.088003221623900E-002  6.369581938878951E-006
 -0.354373860506066      -1.088007300845030E-002  6.202984487930621E-006
 -0.349329395349437      -1.088011101527123E-002  6.047481564621972E-006
 -0.344284929879554      -1.088014650348181E-002  5.902017032788121E-006
 -0.339240464135338      -1.088017970644785E-002  5.765669007444352E-006
 -0.334195998149821      -1.088021082920577E-002  5.637628638588779E-006
 -0.329151531951191      -1.088024005264349E-002  5.517182913561787E-006
 -0.324107065563626      -1.088026753695932E-002  5.403700587452240E-006
 -0.319062599007959      -1.088029342454162E-002  5.296620582342704E-006
 -0.314018132302226      -1.088031784237870E-002  5.195442348305927E-006
 -0.308973665462104      -1.088034090408620E-002  5.099717802855292E-006
 -0.303929198501273      -1.088036271162193E-002  5.009044548678085E-006
 -0.298884731431718      -1.088038335674212E-002  4.923060134860472E-006
 -0.293840264263972      -1.088040292224410E-002  4.841437175104797E-006
 -0.288795797007328      -1.088042148303115E-002  4.763879176991583E-006
 -0.283751329670005      -1.088043910702792E-002  4.690116959700488E-006
 -0.278706862259300      -1.088045585597152E-002  4.619905566952364E-006
 -0.273662394781707      -1.088047178609662E-002  4.553021595120008E-006
 -0.268617927243021      -1.088048694873076E-002  4.489260871077848E-006
 -0.263573459648428      -1.088050139081426E-002  4.428436428970744E-006
 -0.258528992002581      -1.088051515535461E-002  4.370376740085809E-006
 -0.253484524309663      -1.088052828182535E-002  4.314924159418040E-006
 -0.248440056573446      -1.088054080651713E-002  4.261933559623392E-006
 -0.243395588797337      -1.088055276284708E-002  4.211271124088046E-006
 -0.238351120984419      -1.088056418163302E-002  4.162813279771698E-006
 -0.233306653137491      -1.088057509133635E-002  4.116445751039558E-006
 -0.228262185259097      -1.088058551827762E-002  4.072062716486177E-006
 -0.223217717351552      -1.088059548682913E-002  4.029566059077312E-006
 -0.218173249416971      -1.088060501958654E-002  3.988864695383248E-006
 -0.213128781457285      -1.088061413752237E-002  3.949873975044579E-006
 -0.208084313474265      -1.088062286012390E-002  3.912515142474720E-006
 -0.203039845469533      -1.088063120551636E-002  3.876714852399148E-006
 -0.197995377444580      -1.088063919057455E-002  3.842404734196645E-006
 -0.192950909400781      -1.088064683102308E-002  3.809520998966885E-006
 -0.187906441339399      -1.088065414152648E-002  3.778004083207382E-006
 -0.182861973261605      -1.088066113577142E-002  3.747798328324566E-006
 -0.177817505168477      -1.088066782654062E-002  3.718851688536390E-006
 -0.172773037061019      -1.088067422578006E-002  3.691115466312590E-006
 -0.167728568940157      -1.088068034466013E-002  3.664544072309584E-006
 -0.162684100806755      -1.088068619363072E-002  3.639094805368100E-006
 -0.157639632661614      -1.088069178247214E-002  3.614727654332095E-006
 -0.152595164505484      -1.088069712034107E-002  3.591405115261273E-006
 -0.147550696339063      -1.088070221581228E-002  3.569092025089063E-006
 -0.142506228163001      -1.088070707691726E-002  3.547755410091472E-006
 -0.137461759977911      -1.088071171117920E-002  3.527364346612911E-006
 -0.132417291784364      -1.088071612564502E-002  3.507889833574658E-006
 -0.127372823582898      -1.088072032691489E-002  3.489304676269940E-006
 -0.122328355374019      -1.088072432116878E-002  3.471583378549953E-006
 -0.117283887158203      -1.088072811419144E-002  3.454702045223310E-006
 -0.112239418935899      -1.088073171139501E-002  3.438638292054638E-006
 -0.107194950707532      -1.088073511783939E-002  3.423371162372785E-006
 -0.102150482473503      -1.088073833825161E-002  3.408881051622025E-006
 -9.710601423419503E-002 -1.088074137704314E-002  3.395149637636411E-006
 -9.206154598996896E-002 -1.088074423832582E-002  3.382159816225990E-006
 -8.701707774117004E-002 -1.088074692592673E-002  3.369895643132344E-006
 -8.197260948812725E-002 -1.088074944340117E-002  3.358342279388175E-006
 -7.692814123115470E-002 -1.088075179404536E-002  3.347485942291425E-006
 -7.188367297055349E-002 -1.088075398090757E-002  3.337313860930443E-006
 -6.683920470661263E-002 -1.088075600679810E-002  3.327814233717567E-006
 -6.179473643960984E-002 -1.088075787429885E-002  3.318976191965303E-006
 -5.675026816981302E-002 -1.088075958577170E-002  3.310789765163413E-006
 -5.170579989748094E-002 -1.088076114336608E-002  3.303245850026084E-006
 -4.666133162286447E-002 -1.088076254902608E-002  3.296336183175298E-006
 -4.161686334620725E-002 -1.088076380449619E-002  3.290053315181995E-006
 -3.657239506774623E-002 -1.088076491132718E-002  3.284390588955332E-006
 -3.152792678771303E-002 -1.088076587088091E-002  3.279342119809911E-006
 -2.648345850633443E-002 -1.088076668433420E-002  3.274902777806647E-006
 -2.143899022383285E-002 -1.088076735268283E-002  3.271068173331881E-006
 -1.639452194042735E-002 -1.088076787674442E-002  3.267834644277733E-006
 -1.135005365633418E-002 -1.088076825716095E-002  3.265199245449599E-006
 -6.305585371767657E-003 -1.088076849440084E-002  3.263159740675815E-006
 -1.261117086940706E-003 -1.088076858876000E-002  3.261714596126976E-006
  3.783351197934899E-003 -1.088076854036313E-002  3.260862976757895E-006
  8.827819482647199E-003 -1.088076834916403E-002  3.260604744281376E-006
  1.387228776698375E-002 -1.088076801494519E-002  3.260940456473033E-006
  1.891675605073121E-002 -1.088076753731746E-002  3.261871370475669E-006
  2.396122433367433E-002 -1.088076691571871E-002  3.263399445655332E-006
  2.900569261559556E-002 -1.088076614941220E-002  3.265527350936255E-006
  3.405016089627402E-002 -1.088076523748443E-002  3.268258472423499E-006
  3.909462917548500E-002 -1.088076417884207E-002  3.271596924364936E-006
  4.413909745299965E-002 -1.088076297220889E-002  3.275547561624965E-006
  4.918356572858352E-002 -1.088076161612189E-002  3.280115994897646E-006
  5.422803400199615E-002 -1.088076010892641E-002  3.285308608007248E-006
  5.927250227299049E-002 -1.088075844877128E-002  3.291132578201227E-006
  6.431697054131166E-002 -1.088075663360289E-002  3.297595898308503E-006
  6.936143880669642E-002 -1.088075466115863E-002  3.304707402093514E-006
  7.440590706887172E-002 -1.088075252895980E-002  3.312476792809337E-006
  7.945037532755404E-002 -1.088075023430315E-002  3.320914673948346E-006
  8.449484358244863E-002 -1.088074777425239E-002  3.330032584006701E-006
  8.953931183324765E-002 -1.088074514562841E-002  3.339843034648003E-006
  9.458378007962935E-002 -1.088074234499819E-002  3.350359552038271E-006
  9.962824832125693E-002 -1.088073936866342E-002  3.361596722700760E-006
  0.104672716557777      -1.088073621264750E-002  3.373570243584801E-006
  0.109717184788817      -1.088073287268150E-002  3.386296976502684E-006
  0.114761653013986      -1.088072934418902E-002  3.399795007491333E-006
  0.119806121232871      -1.088072562226909E-002  3.414083712536888E-006
  0.124850589445034      -1.088072170167831E-002  3.429183827185155E-006
  0.129895057650012      -1.088071757681099E-002  3.445117525101285E-006
  0.134939525847315      -1.088071324167714E-002  3.461908500851266E-006
  0.139983994036421      -1.088070868987919E-002  3.479582062674352E-006
  0.145028462216775      -1.088070391458613E-002  3.498165232031956E-006
  0.150072930387786      -1.088069890850532E-002  3.517686852483320E-006
  0.155117398548822      -1.088069366385199E-002  3.538177709349785E-006
  0.160161866699207      -1.088068817231531E-002  3.559670659149447E-006
  0.165206334838219      -1.088068242502208E-002  3.582200771638777E-006
  0.170250802965083      -1.088067641249655E-002  3.605805486208916E-006
  0.175295271078966      -1.088067012461609E-002  3.630524780542578E-006
  0.180339739178974      -1.088066355056337E-002  3.656401358395884E-006
  0.185384207264140      -1.088065667877319E-002  3.683480853805741E-006
  0.190428675333426      -1.088064949687438E-002  3.711812055565273E-006
  0.195473143385706      -1.088064199162580E-002  3.741447155140737E-006
  0.200517611419764      -1.088063414884554E-002  3.772442018256879E-006
  0.205562079434282      -1.088062595333331E-002  3.804856485766514E-006
  0.210606547427828      -1.088061738878442E-002  3.838754705341083E-006
  0.215651015398846      -1.088060843769420E-002  3.874205498110287E-006
  0.220695483345641      -1.088059908125277E-002  3.911282765985874E-006
  0.225739951266363      -1.088058929922763E-002  3.950065942854911E-006
  0.230784419158990      -1.088057906983324E-002  3.990640496578130E-006
  0.235828887021311      -1.088056836958578E-002  4.033098489319535E-006
  0.240873354850896      -1.088055717314049E-002  4.077539201627903E-006
  0.245917822645080      -1.088054545311032E-002  4.124069831849242E-006
  0.250962290400923      -1.088053317986235E-002  4.172806280533523E-006
  0.256006758115186      -1.088052032128849E-002  4.223874030991694E-006
  0.261051225784283      -1.088050684254809E-002  4.277409142939628E-006
  0.266095693404243      -1.088049270577677E-002  4.333559374379773E-006
  0.271140160970656      -1.088047786975696E-002  4.392485452081092E-006
  0.276184628478611      -1.088046228954423E-002  4.454362516045559E-006
  0.281229095922629      -1.088044591604160E-002  4.519381763910025E-006
  0.286273563296577      -1.088042869551437E-002  4.587752332262388E-006
  0.291318030593576      -1.088041056903457E-002  4.659703454449217E-006
  0.296362497805888      -1.088039147184262E-002  4.735486943362615E-006
  0.301406964924780      -1.088037133261278E-002  4.815380063046554E-006
  0.306451431940369      -1.088035007260350E-002  4.899688859406010E-006
  0.311495898841431      -1.088032760467187E-002  4.988752045283754E-006
  0.316540365615178      -1.088030383212600E-002  5.082945550113968E-006
  0.321584832246986      -1.088027864738269E-002  5.182687879340314E-006
  0.326629298720070      -1.088025193039193E-002  5.288446464749746E-006
  0.331673765015085      -1.088022354677839E-002  5.400745238350166E-006
  0.336718231109637      -1.088019334563868E-002  5.520173731542195E-006
  0.341762696977694      -1.088016115691897E-002  5.647398103682876E-006
  0.346807162588840      -1.088012678827515E-002  5.783174637777056E-006
  0.351851627907359      -1.088009002129351E-002  5.928366447180256E-006
  0.356896092891083      -1.088005060691529E-002  6.083964435514743E-006
  0.361940557489923      -1.088000825986274E-002  6.251114004341595E-006
  0.366985021644010      -1.087996265180668E-002  6.431149698942988E-006
  0.372029485281273      -1.087991340293345E-002  6.625641035712470E-006
  0.377073948314251      -1.087986007146185E-002  6.836454352147710E-006
  0.382118410635786      -1.087980214051281E-002  7.065837812480610E-006
  0.387162872112926      -1.087973900151845E-002  7.316539607807410E-006
  0.392207332577660      -1.087966993303946E-002  7.591971892038374E-006
  0.397251791811135      -1.087959407333019E-002  7.896430620748858E-006
  0.402296249512374      -1.087951038398489E-002  8.235357858591672E-006
  0.407340705225312      -1.087941759957567E-002  8.615520068676935E-006
  0.412385158143778      -1.087931414940256E-002  9.044321133881631E-006
  0.417429606542448      -1.087919796890389E-002  9.516810592153783E-006
  0.422474052510640      -1.087906091506245E-002  9.617807382380575E-006
  0.427518494545483      -1.087891084361247E-002  1.021877584616545E-005
  0.432562926956745      -1.087873828119277E-002  1.094532145878105E-005
  0.437607346490400      -1.087853748879328E-002  1.181527147183476E-005
  0.442651746673498      -1.087830076064686E-002  1.287777524293829E-005
  0.447696116888480      -1.087801716420168E-002  1.420862196050976E-005
  0.452740441995473      -1.087767026898882E-002  1.591941829784737E-005
  0.457784708171893      -1.087723318414939E-002  1.817105318849750E-005
  0.462828936048226      -1.087665598041011E-002  2.118832426439238E-005
  0.467873314956326      -1.087582976309821E-002  2.526407753405002E-005
  0.472918685259517      -1.087447508867102E-002  3.068886832766676E-005
  0.477968177422879      -1.087176919914723E-002  3.670924255855610E-005
  0.483032692511850      -1.086640122172689E-002  4.677733318712600E-005
  0.488150428332725      -1.084373888696180E-002  1.049854886781267E-004
  0.493291862572077      -1.000918262513423E-002  2.467859981357716E-004
  0.497702149097011      -7.204904608345351E-003  2.275909985192092E-004
  0.500253479301351      -2.604964616694283E-003  8.266714300449120E-005
