   2.24057862284521       0.259826766353882      -0.101115865443728     
   1.00806666097687        2.17259630161293      -0.822425292909746     
 -0.574253284199434       0.636951201559805      -0.374189764316121     
 -0.558922144292076       0.596715522861642       0.344378765388690     
  -1.40077225927731       0.206932508400822      -3.998655567169977E-003
   1.50282755229526      -0.264940741450066       9.707485014141841E-002
  0.963472864851295        2.17204852339879       0.840427834744423     
   1.62134269189818       0.918442531711011       0.385457385714635     
  -1.75956245495461       0.877653613810718      -0.329884515657628     
   1.24225341232371      -0.623071924536197       6.640192392225260E-004
   1.07109070596492       0.143559568467868      -7.117926623101142E-003
   1.80041772350230      -0.725296910901151       0.122506124623142     
  0.621929171844035        1.03204972359256      -2.291466567351151E-002
  0.128632003478004       0.311433272146119      -0.147703601956453     
  0.661928238328591       0.576691352663672       1.592682988006959E-003
  -1.72759643633741       0.292779375402811       9.114093548512550E-003
 -0.563585294922764       0.808508814350785      -0.124142644512732     
  0.754812213069006        1.14803021961623      -3.772363553655882E-003
   1.54898917108568      -0.326123743736294       0.148635394277348     
   1.96417356436320      -0.680732685102938      -1.816072649442902E-004
   1.24187795018815      -0.608279391289646      -4.289416849734294E-002
  0.494371479359161       0.675750062273857      -0.682298150675014     
  -1.30673759524704      -0.633858786945889      -0.848040330949241     
   1.32770642418143       7.360040429362992E-002  0.303710840409858     
  0.238970795707962       0.781512309358585      -5.385596357565629E-003
  0.277701837897030       0.713239470467951       7.829552347497787E-002
   1.38190527751420      -0.783904357828953       0.717134390976411     
  -1.46310810311565      -0.559536595753022       0.425657567152888     
   1.20532455940256       0.344647025464743      -0.232665524805369     
   1.41692169762498      -0.669399899908950       2.331962376989946E-003
   1.13986770202252      -0.376944686713088      -9.709411349308690E-002
   1.34170279360533      -0.647775776210054      -0.420037954681102     
   2.13219131239567       0.832683414387680       0.462405013555629     
  -1.47350430257665      -0.626091902051153       0.246118605995517     
 -0.545997730758944       0.759997144685410       3.348105446584251E-003
  0.679664952457800       0.646769984479744      -2.948834261334844E-002
 -0.691111101941701       0.722164329751793       0.159423228603229     
  0.494911459730140       0.458360959676623       0.253959836066454     
  0.567931945250547       0.567431428483764      -4.732005463124023E-002
  0.603549713130137       0.606214198649906      -7.958969424241831E-002
   1.12438899272875      -2.335310329136028E-002 -1.920329399189159E-002
   1.24878916892172      -0.500129909986892      -0.807157513870964     
   1.59460006986992      -0.473061894193086       -1.17059089801001     
  0.422844674559924       0.729429638387235       0.138680809963404     
  0.402852206605251       0.883009639239595      -6.404776089252102E-003
  7.378604374733352E-002   1.47637137186597       0.101993310967582     
   1.14838160139705       0.430146457162874       0.615615623551617     
  -1.62065049153733      -0.856320118207733       0.194136009619215     
  -1.53153333251305      -0.750228900998362       0.278436526353979     
  0.643699864577499        1.07698721931744       1.935524490193827E-003
   1.57670977537529      -0.688919177798748      -4.866020680091607E-002
   1.07638371953584        1.46151334103639      -0.105022271898516     
  -1.39193005454397       0.905162160678694       0.307035466455917     
  0.906918988861143      -0.784810975592299      -4.438331324921431E-003
   1.73248660447057       0.862881195686109       7.290671353185216E-002
   1.09026653377244       0.173872326876270       0.379281909873352     
  0.236843356321147        1.51268709878679       0.125917125280527     
  0.992888148544285       0.595440330894733      -0.591098772031691     
  0.768938549207671       0.209004871096164      -2.936566780761302E-005
  0.439431096013089       0.539142923086964      -5.746540247472543E-002
   1.21181381576259       0.584214088180887      -0.580762261307634     
  0.291285959545792       0.774747074510142      -0.174783705283233     
 -0.960142242626639      -0.218313366210076      -0.242922682173587     
  0.751547222014558      -0.364567902596982      -9.363547103277298E-003
  0.661631108887870       0.691356751814865       9.289862270510575E-003
  -1.72447640821689       0.847945725049284       0.417780812573271     
 -0.530261296509941       0.965805425636536       0.503700142666753     
  -1.69470036169952       0.693029361909432       0.487098117114293     
  0.972255968242043        1.11079108160752       2.175518030053149E-003
   1.66973641774491      -0.606948765437511       0.120525988342794     
   2.07826144757318       0.965016232350334      -0.894692731803989     
   1.25665793248915       0.564219907494714       0.457934760255286     
  0.397819956361648       0.852304620554718      -6.989702836230400E-004
  0.599223820184070       0.874659026941468       0.144361755076373     
 -0.504368012857890        1.60342410163826       0.459610186966378     
  -1.41357509267951      -0.715783661102200      -0.355599564335027     
 -0.289601031262130        1.09566502289962      -0.822615191205587     
  0.815099741633194        1.13723769723142      -3.591433177995619E-004
   1.23703054712613        1.10206442210746      -4.714099061165442E-002
   1.07604079582266        1.01231115871069       -1.05533774482140     
  0.800026490599189        1.06386924032990      -0.658096593632964     
 -0.438134181293369        1.19911454493669      -5.759669416177592E-002
  0.998605145203752      -0.222332658647641      -1.793915351292807E-002
   1.07102656768756      -0.278844474013944       0.128429305801281     
  -1.51880532371161       0.139176331937204       0.687089608252444     
   1.10424492545336      -0.547286175396248       0.182392137809212     
  0.667269735239442      -0.800104056353242       0.391095667616334     
   1.67325868918376       0.983152678901365       1.476970256553176E-003
  0.881999402526877        1.11563592564465       3.937724863105808E-002
   1.12414157198798        1.33435198546553        1.87537347088737     
  -1.18814869773300       0.998835088522085      -0.221426551564394     
   1.26840714965307        1.32179640044450       -1.01140973873914     
 -0.114664526073969       0.984276029239737      -1.137692864848381E-002
  -1.46959806173979      -0.600145107133214      -0.240211217966672     
  0.275205341915557      -0.785441558925351       -1.06766328278000     
   1.92176656353437       0.954801900905798        1.82630909340705     
   1.09457173667416       5.337614043399169E-002  0.281847884297642     
  0.932268191964460        1.12356394155553       7.138556852118644E-004
  0.490287895601719       0.139097364529406      -0.120372970832519     
  -1.67728814682264       0.821699488808248      -0.354350089009015     
  -1.18125042582790       0.330822665586455        2.72147058567463     
   1.12610921047982      -0.178263283161355       -1.01309589113828     
 -0.630161973292274       0.466568887331127       2.161641276026689E-003
  -1.31319606589316      -0.837205369300217      -0.433048851138692     
  0.730945632888348       -1.00756933704447      -0.538036993035730     
   2.16224886105207      -0.132048281666117        1.75165968314661     
  0.213727422021910        1.19765983763917        1.87749535609673     
   1.02795541870072       -1.02234178492990       7.097821365092703E-003
  0.654557749809475       0.691945004068311      -1.173667029479791E-002
   3.09867345788953        1.51539982741094      -0.390605161696906     
  9.423432713215565E-002 -8.725491678958053E-002  -3.58360136644097     
 -0.381687740674999      -0.439200050413173        1.89731210193358     
   1.27230448173686      -0.617416403782081       2.799845655205237E-004
  0.804209601627658       9.415963761236108E-002  3.827576633325102E-002
  0.640626364040158       0.146682358274915        1.97778504491821     
 -0.419064828712827      -0.688010092316594       -1.14686602752673     
   1.52231555565902       0.780802717699072       -2.55556421818819     
   1.01128932781749        1.65751180570516       1.873001750702176E-003
  -1.66274860776898      -0.107087215206379      -0.406224028400839     
  0.461611033636139        1.39450400596002       -2.40570442423362     
 -0.873993263422642       7.893959220186486E-003   1.96777813959511     
 -0.979998392863390       0.875063629961405      -0.615133848502161     
  -1.31148977167317      -0.924285677812388      -6.216550114596788E-003
  -1.49257432899133       0.848585415896899      -0.135214724657560     
  -1.56946814049586       0.756411143138691       0.104283572236283     
  -1.73445929978816        1.85446040921308        3.61726150092351     
  -1.41343219216818      -0.393048454099995        2.17562296131360     
  0.847462513865698        1.13462659414953      -1.598685925025574E-003
   4.47853163893072      -0.887352211818540       0.906489331549847     
   1.78914561834940      -5.345002015362685E-002   3.68286193328632     
   1.77901969763034       0.430012276966832       -5.35403104214083     
   9.00979212629398      -0.877093335942284       -11.2233524746089     
 -8.458156162560963E-002  -1.39963405522112      -4.274688172673918E-002
  0.421949757390513       -1.51302346331555       0.383455644517154     
   2.12974952878251       3.647168860660931E-003  -1.00818321672217     
  -1.45124725354140        1.64278251349522       -6.70703100231049     
  0.113443441404240        1.34977707129773      -0.236956385916552     
   2.30158649296838        1.02639322696472      -5.300684374434475E-003
  -7.26970102146502       0.872260941392681        13.7393283872965     
  -6.91260346421755        1.39338070523671        7.68467356291863     
  2.418780928729056E-002  0.457712545036897       8.007325380406177E-002
  1.411532334211238E-002  7.341945817246423E-002  0.122196714158013     
   4.11789215449216      -0.265350730107229        11.1893932858862     
   8.93518729909558      -0.500418818574736        14.5130227244873     
  -6.62242725595782        1.60712555962825       -11.4904970093149     
   1.03557455564319      -4.947459844854458E-003  3.692459707129850E-002
 -0.977074675854501      -0.740605511382456        3.79976909162064     
   3.21098136504934       0.337541472258240       -5.09929884186164     
   1.27831266164606      -5.710799895574211E-002 -0.789088469286378     
  0.347968017549504       0.227311446879745       0.143785069346820     
  0.253587734899919      -0.512110593592820       0.256453061596234     
  -1.17730884058224       0.697257642432491       -2.99930073126100     
  -2.21165649086101      -0.561920066518370       -4.59507119340280     
   3.22636787900669       0.548516085700563        4.11432804989775     
  0.877074856820769       8.950182743078225E-003 -8.716518956806883E-003
  0.803379838360823       0.356284632368426      -9.154444134779209E-002
   1.01413460774562       0.335554730755412       -1.61114203934200     
  -1.12623650893405      -0.324671369601293        1.95641147546800     
  -1.26028148716383      -3.563893273450496E-002 -0.572709108749060     
  -1.46552516016119       0.229329076927963      -7.077823584918162E-002
  -1.11946184089850      -6.067884213319054E-002 -3.397836424476441E-002
  -1.45979703798897       0.417328556689145        2.04939918218744     
   1.32158295916452      -0.403496336468139        2.13775455767771     
  6.392214505074018E-002  0.520748305719001       -1.54717518826371     
  0.944533641937995      -0.402348451247643       3.584239533603277E-003
  0.776255864104340       0.322758264980644       1.054571743106420E-002
  0.155977602074777       0.356394123794589       0.857878931191941     
  0.313091044895217       0.516475503350456      -0.178258538717625     
   1.04933091723259      -0.344329832368091       0.401707148945864     
  -1.42267250156940       0.806202244480727       3.726756035501156E-002
  -1.61505633389587       0.469216178101904      -0.155584136144595     
  0.328985046559907      -0.250741715047060       -1.90929819838295     
  0.120924088678916      -0.447771730594152       0.275426320086273     
  0.839358881459269       0.552152446186181        1.17374650096292     
  0.975996470563330      -0.574668619235697      -7.860776193664068E-004
  0.746476370106528      -0.428625637157659      -5.138144303023968E-002
  0.116606024423362      -0.406017646464399      -0.252724124781409     
 -6.525966317150081E-002  0.652657887743354       0.725890544914889     
  0.925632313434676      -0.387714507263433       6.420860103156423E-004
 -0.719151206671517       0.467615876062774      -2.345794398997743E-002
 -0.933769480260703       0.391553876548659      -0.111229687090525     
 -0.384763730066327       0.613026377950416       0.768169915531772     
  0.254014861096931      -0.412422834598277       0.833873264124047     
   1.29692986648600      -0.696117655939308      -0.155434390929336     
  0.528051438270237      -0.393811372384807       2.469153929444958E-003
  0.423972322518139       0.112103467658476      -0.153145727965759     
 -3.940375395380937E-002  0.453677579958773      -0.666311393905041     
 -0.782203466568962       0.280456028691696      -0.149575140819675     
 -0.704307940015954       0.453972061864740      -1.752307012257465E-002
 -0.788664387223417       0.433022099926851       3.871132352928438E-002
 -0.794282609285802       0.339457894419704       0.312553534078778     
  0.117433998860143       0.265819891987900       0.242284476242304     
  0.454953612107477       8.063638621983824E-002  0.157922334917243     
  0.621298585350584      -0.430950063076445      -6.892625423092166E-004
  0.404163292005058      -0.378694902652344      -0.103455307899517     
  0.560568257827827      -0.415480995449489      -6.397326815292929E-002
 -0.625940430171421       0.333319416786040       0.693668239422831     
 -4.402356061726405E-002  0.365162068950071       1.590718970168506E-002
 -0.601016530519085       0.470012336818882      -1.082574071198539E-002
 -0.576437001266127       0.454671623575632      -5.701151534558858E-002
 -4.824079839219034E-002  0.587548188619026      -0.266569023702198     
  0.836911420625038      -0.139205679790299        1.57684722356868     
  0.429522426670396      -8.610509593348165E-003 -0.274093511070794     
  0.270022290948233      -0.340794393476842       1.014771019949547E-003
  0.815846132301639      -0.390789314605967       8.849266986825584E-002
  0.683843541215080      -0.334281151286864      -0.126495489253850     
 -0.225688424729119       0.351878333138412       -1.62715539120378     
 -0.947595429194579       0.244468704415757      -0.714806504112836     
 -0.764295956888758       0.383692201850766      -3.127137011281314E-002
 -0.732120337581302       0.396029217762169       0.106278639143898     
 -0.749863743557282       0.179843145996470       0.825979720679845     
 -0.988783901175130       0.354351668484871       0.120741661280222     
  0.572981185934152      -0.379428200783419       0.131272633347606     
  0.534829381947584      -0.454222342668540       1.156899408288857E-004
  0.586615681889948      -0.345958896167046      -0.232613303740425     
  0.406870848244602       0.132804540531359       -1.13145253609201     
 -0.448474216135613       0.212844137966509        1.78905255458052     
 -7.963122785577262E-002  0.322952797524466       0.728354447582216     
 -0.530569203231017       0.186695020798811      -1.886684076167742E-002
 -0.615997367440712       0.102959806175398      -6.086515188593367E-002
  0.241313303226897       0.253778022019286      -0.413555149597892     
  0.898474184088335       0.146290656420864       0.983122143468063     
  2.819188471818929E-002  0.205658698415701       0.674377907520380     
  0.383595525093273      -0.448790405541011      -1.858199219691453E-003
  0.750689110925120      -0.214121002443914       1.633227040537034E-002
  0.535020101193659      -5.776896783722728E-002 -2.984083830581585E-002
 -0.145109249071144       0.301643788041010       -1.72843307272671     
 -0.649616258785072       0.156486180197442      -0.246600826171123     
 -0.497744626738930      -1.280157236512697E-002 -3.219858240582344E-002
 -0.444987192309122      -1.949424070545015E-002  0.143743750725700     
 -0.243899900273362       0.128248477708664       0.792624960176312     
 -0.680043310049501       0.300788016350288       1.189337851159235E-002
  0.380402275718524      -1.083641074596549E-002 -5.723891275610274E-002
  0.489744361587352      -0.216788288195736      -1.700346642043490E-003
  0.476466255833697       4.602894496064058E-003 -0.287473671765026     
  0.323104322141100       6.512987134539956E-003  -1.53209360637625     
  4.566437666688177E-009  5.670801648798252E-003   1.88249973786688     
 -0.323189825949558       6.409930172443162E-003  0.321801773689459     
 -0.476407828173421       4.355401990960342E-003 -7.733678041384568E-003
 -0.476407828915275      -7.670104925575892E-003 -3.325076509514108E-002
 -0.323193072270702      -6.659552347114143E-003  0.336679445969433     
 -8.215390839416777E-009 -8.407048938061526E-003   1.79465709125604     
  0.323187335866496      -7.247778298176085E-003  0.204032043849384     
  0.476474176398072      -7.606151714845465E-003  3.455684283182536E-004
