   2.11212828736332       4.953245376515120E-002 -0.101115865443728     
   1.12473121105296        2.58067636452559      -0.822425292909746     
  -1.06769526500715       0.610243939042697      -0.374189764316121     
  -1.09339494898638       0.587734135628944       0.344378765388690     
  -1.24913398698972       7.849933301766557E-002 -3.998655567169977E-003
   1.53428132413117      -0.334643707688733       9.707485014141841E-002
   1.08233987365763        2.57173513943342       0.840427834744423     
   1.95824810745502       0.388685196809287       0.385457385714635     
  -1.89128020294545       0.754258636920087      -0.329884515657628     
   1.49422340202750      -0.632861457831181       6.640192392225260E-004
   1.14367983469790       0.165797505540027      -7.117926623101142E-003
   1.95352153970408      -0.794563362033753       0.122506124623142     
  0.653532654389234        1.13314764639903      -2.291466567351151E-002
  0.364871831042013       0.377503975341448      -0.147703601956453     
  0.579143096465650       0.390120145809915       1.592682988006959E-003
  -1.55270311573342      -8.844229519253871E-002  9.114093548512550E-003
 -0.716567799688463       0.836510049108606      -0.124142644512732     
   1.01431870487062        1.11228472001090      -3.772363553655882E-003
   1.87519234564682      -0.313066393386019       0.148635394277348     
   2.13101949337449      -0.741893615021273      -1.816072649442902E-004
   1.54931847178279      -0.633848277083786      -4.289416849734294E-002
  0.608919250664886       0.751308584111065      -0.682298150675014     
 -0.778362507966668      -0.929255156463630      -0.848040330949241     
   1.24792909120815       0.106735084238745       0.303710840409858     
  0.435878968635068       0.891182859164063      -5.385596357565629E-003
  0.381537408169165       0.753596785698664       7.829552347497787E-002
   1.47902453396519      -0.872411332465859       0.717134390976411     
 -0.766151424436006      -0.806964686233021       0.425657567152888     
  0.962636147316795       0.601198089249950      -0.232665524805369     
   1.35332183927802      -0.873328145620087       2.331962376989946E-003
   1.24638154405471      -0.467797425886607      -9.709411349308690E-002
   1.44066564482312      -0.768286479051161      -0.420037954681102     
   2.25071161951343       0.657074573746751       0.462405013555629     
 -0.893780531102792      -0.717614935314900       0.246118605995517     
 -0.783250906027397       0.798038712901150       3.348105446584251E-003
  0.641090961032026       0.451887931485933      -2.948834261334844E-002
 -0.947025400415741       0.667429870728124       0.159423228603229     
  0.480044326041405       0.263086405219665       0.253959836066454     
  0.487804114949286       0.443351939625850      -4.732005463124023E-002
  0.539901618246820       0.430332240586735      -7.958969424241831E-002
   1.20646007358026       0.121034660208795      -1.920329399189159E-002
   1.69916074472428      -0.525281034014518      -0.807157513870964     
   1.83081337493911      -0.477275036625169       -1.17059089801001     
  0.602492786040570       0.862482166071265       0.138680809963404     
  0.532753858966888       0.939366181491498      -6.404776089252102E-003
  0.134029366574930        1.53213005596005       0.101993310967582     
  0.938389411446703       0.496141842582244       0.615615623551617     
  -1.31163782751665       -1.13654756794147       0.194136009619215     
  -1.14059538994306      -0.974540393890311       0.278436526353979     
  0.698712587142719        1.16510988847159       1.935524490193827E-003
   1.67732978487242      -0.737792279934461      -4.866020680091607E-002
   1.18735248595182        1.25147363967114      -0.105022271898516     
  -1.44081665049458        1.00432470998284       0.307035466455917     
   1.09177784674999      -0.880323911149860      -4.438331324921431E-003
   2.07325158373523       0.444051831529081       7.290671353185216E-002
  0.908048065321416       8.947908547958744E-002  0.379281909873352     
  0.391202273844765        1.70443098795016       0.125917125280527     
  0.877174596046077       0.753252735895541      -0.591098772031691     
  0.548535480748894      -3.237279160212585E-002 -2.936566780761302E-005
  0.431251164535022       0.388110413115458      -5.746540247472543E-002
  0.782356906201792       0.464429024751569      -0.580762261307634     
  0.424576246185200       0.826105290888997      -0.174783705283233     
 -0.815726227274634      -0.120209064776585      -0.242922682173587     
  0.950557917960185      -0.647208064077235      -9.363547103277298E-003
  0.636353869623455       0.484040091129993       9.289862270510575E-003
  -1.88314591612379       0.827644224918919       0.417780812573271     
 -0.645439948638934        1.02207614447625       0.503700142666753     
  -1.87463277325560       0.629715208447259       0.487098117114293     
   1.37016565856966        1.08122689035471       2.175518030053149E-003
   1.73896422075835      -0.699691132139625       0.120525988342794     
   2.05346823236411       0.944858420576548      -0.894692731803989     
  0.731290070539591       0.432422473438898       0.457934760255286     
  0.530533857261682       0.893207089806854      -6.989702836230400E-004
  0.657117317084597       0.911623065240671       0.144361755076373     
 -0.422238208548151        1.55846160941367       0.459610186966378     
 -0.874457879881705      -0.770759451524682      -0.355599564335027     
 -0.262895160912375        1.16704434069178      -0.822615191205587     
   1.05272743899725        1.04265875776253      -3.591433177995619E-004
   1.51454620721943        1.01867843327676      -4.714099061165442E-002
   1.25480005055567       0.993125942500152       -1.05533774482140     
  0.900027393140819        1.08026893842990      -0.658096593632964     
 -0.370467525555652        1.29498964101143      -5.759669416177592E-002
   1.00827468362577       6.637301761354017E-002 -1.793915351292807E-002
  0.982250768682963       5.961898533128562E-003  0.128429305801281     
  -1.32174636512643      -0.118843423155789       0.687089608252444     
   1.32645285125233      -0.633077589361982       0.182392137809212     
  0.832765983448832      -0.898048654007637       0.391095667616334     
   1.93208161067791       0.463415801885309       1.476970256553176E-003
   1.09987878798963        1.06333906879491       3.937724863105808E-002
   1.32604519663243        1.38157724562647        1.87537347088737     
  -1.23580126147421       0.971802334927636      -0.221426551564394     
   1.44338750436893        1.48310558808168       -1.01140973873914     
 -3.169470633647806E-002  0.990118105500742      -1.137692864848381E-002
 -0.739796492404359      -0.840968660029562      -0.240211217966672     
  0.352250693580024      -0.759831207984512       -1.06766328278000     
   2.02352013105809       0.764156964272730        1.82630909340705     
   1.13021412649130       0.237674014023707       0.281847884297642     
   1.24725576687463        1.11063997753984       7.138556852118644E-004
  0.677704156866064      -0.443470375306227      -0.120372970832519     
  -1.85974247680148       0.933695278494627      -0.354350089009015     
  -1.45217294045016       0.352546434520312        2.72147058567463     
   1.07092893466125      -2.635976884127980E-002  -1.01309589113828     
  -1.07634147658361       0.462588304519225       2.161641276026689E-003
 -0.953290139986913       -1.03988743995648      -0.433048851138692     
  0.893380138169456       -1.07286289259104      -0.538036993035730     
   2.03635487248591      -0.193996377641422        1.75165968314661     
  0.250401330118791        1.32429864711062        1.87749535609673     
   1.19867572590792       -1.12460214052947       7.097821365092703E-003
  0.632805562837856       0.490074710425634      -1.173667029479791E-002
   3.12317123715498        1.40928020073928      -0.390605161696906     
  0.209061552488183       8.401708285537629E-002  -3.58360136644097     
 -0.309827121701240      -9.651663760218185E-002   1.89731210193358     
   1.57979731663082      -0.639654898528746       2.799845655205237E-004
  0.820996249737104      -1.036390981105639E-003  3.827576633325102E-002
  0.699158122155474      -0.310285737027886        1.97778504491821     
 -0.179645973837041      -0.396094810732859       -1.14686602752673     
   1.77352272389941       0.619665532409056       -2.55556421818819     
   1.14539617762302        1.55894644909746       1.873001750702176E-003
  -1.47048490276253      -0.535550159853037      -0.406224028400839     
  0.554871417045254        1.50196125948887       -2.40570442423362     
 -0.768196298369200       9.910927244377712E-002   1.96777813959511     
  -1.18564120659721       0.692999503196382      -0.615133848502161     
  -1.04252109712746       -1.06337926390323      -6.216550114596788E-003
  -1.59045175701045       0.935699271221283      -0.135214724657560     
  -1.82070656924053       0.841698614327278       0.104283572236283     
  -1.33208061399646        2.14950988076944        3.61726150092351     
  -1.14714667007904      -0.747932289053117        2.17562296131360     
   1.05932848628656        1.03332476717993      -1.598685925025574E-003
   4.88609047062305      -0.668461085008008       0.906489331549847     
   1.54691123611181      -9.993296048785652E-002   3.68286193328632     
   1.56533550790989       0.308503799378117       -5.35403104214083     
   9.97989067080531      -0.498290107487007       -11.2233524746089     
  8.281123918493649E-002  -1.35609860840698      -4.274688172673918E-002
  0.568283687982589       -1.51867006149610       0.383455644517154     
   1.73446887618787      -3.476648839785819E-002  -1.00818321672217     
  -1.20660184789582        1.80405394667782       -6.70703100231049     
  9.286817568562331E-002   1.28069658100931      -0.236956385916552     
   2.34507049571358       0.860538938369580      -5.300684374434475E-003
  -7.13748148028003       0.920480836662841        13.7393283872965     
  -7.40476423043458        2.06905115270072        7.68467356291863     
 -0.235535306790465       0.739190707925716       8.007325380406177E-002
 -0.128367555559045       0.220368441836554       0.122196714158013     
   4.22212248188702      -0.328683606796766        11.1893932858862     
   9.71596132798783      -0.191892267964388        14.5130227244873     
  -6.91926576768314        2.13644077820473       -11.4904970093149     
   1.16941340417230       0.116768956882954       3.692459707129850E-002
 -0.640607054746928      -0.700643665510786        3.79976909162064     
   3.58188741694979      -5.498206790694238E-003  -5.09929884186164     
   1.23802198739243      -0.170957487195669      -0.789088469286378     
  0.433906103986653      -9.694673339217441E-002  0.143785069346820     
  0.228118965826494      -0.436416072092343       0.256453061596234     
  -1.53670179309426       0.715341865396279       -2.99930073126100     
  -2.02969141033502      -0.730964165076864       -4.59507119340280     
   3.67457573878340       0.234562862409959        4.11432804989775     
  0.883263316027558       5.127991885637972E-003 -8.716518956806883E-003
  0.690408549363272       0.367942136364563      -9.154444134779209E-002
  0.732251123884935       0.228869565281307       -1.61114203934200     
  -1.05906131420273      -0.396656125943287        1.95641147546800     
  -1.21206937150488      -0.255406037514482      -0.572709108749060     
  -1.33159997427922       4.993808060231231E-002 -7.077823584918162E-002
  -1.19664664766770      -0.336020989223124      -3.397836424476441E-002
  -1.56758474905365       9.562582379610654E-002   2.04939918218744     
   1.58296471241578      -0.455447470329596        2.13775455767771     
  4.100162252279052E-002  0.507970669636923       -1.54717518826371     
   1.15805716004060      -0.533332040608265       3.584239533603277E-003
  0.578024133077985       0.250038489002201       1.054571743106420E-002
 -0.168083824704585       0.476999767035869       0.857878931191941     
  0.374233092588216       0.460657690287588      -0.178258538717625     
   1.14204236281018      -0.371554708861883       0.401707148945864     
  -1.44352048099637       0.926156554715424       3.726756035501156E-002
  -1.57064824711010      -2.904360679607554E-002 -0.155584136144595     
  0.229714819589237      -0.180558192972599       -1.90929819838295     
  6.748664228305762E-002 -0.300213884736128       0.275426320086273     
  0.753325874188030       0.598747277717180        1.17374650096292     
   1.18035908649407      -0.700507951585952      -7.860776193664068E-004
  0.890201449411643      -0.660767887124606      -5.138144303023968E-002
 -2.328672059696529E-002 -0.237617196075078      -0.252724124781409     
  0.215436775482790       0.813635011640694       0.725890544914889     
   1.13869858513540      -0.524618120362891       6.420860103156423E-004
  -1.12239515925370       0.390323047392792      -2.345794398997743E-002
  -1.28964701331935       0.472241707699491      -0.111229687090525     
 -0.457744955035686       0.954590519929459       0.768169915531772     
  0.100598983088519      -0.141782744851541       0.833873264124047     
   1.39393503986963      -0.718536068103705      -0.155434390929336     
  0.577897161958001      -0.560505061217080       2.469153929444958E-003
  0.137478548740175      -0.418682487980840      -0.153145727965759     
 -8.782574570653820E-002  0.732974221860506      -0.666311393905041     
 -0.959698612163509       1.487090644581107E-002 -0.149575140819675     
  -1.14280056468900       0.385032290203688      -1.752307012257465E-002
  -1.13121554618303       0.320660208662907       3.871132352928438E-002
  -1.02557806899721       0.131246668577522       0.312553534078778     
  0.422269254208113       0.271489708326086       0.242284476242304     
  0.460868359679166      -0.139629679451176       0.157922334917243     
  0.674449730177093      -0.644689709553582      -6.892625423092166E-004
  0.146890507411294      -0.337715193713493      -0.103455307899517     
  0.601120598155068      -0.574372469805910      -6.397326815292929E-002
 -0.983822528682216       0.392943723905225       0.693668239422831     
 -9.552546946225661E-002  0.702365116199352       1.590718970168506E-002
 -0.938695410612124       0.582356890390009      -1.082574071198539E-002
 -0.979437952169859       0.571114908530215      -5.701151534558858E-002
  0.304139284603421       0.844165966749679      -0.266569023702198     
   1.02764929992733      -0.208584652884119        1.57684722356868     
  0.742671135560190      -0.451700101265571      -0.274093511070794     
 -0.126657020341144      -3.534989066680791E-002  1.014771019949547E-003
   1.02935574946012      -0.596384323433328       8.849266986825584E-002
  0.865744658166504      -0.602506275119783      -0.126495489253850     
 -0.178137600937372       0.858364502369262       -1.62715539120378     
  -1.10941281112326       0.200093432003485      -0.714806504112836     
  -1.03683199174485       0.193274557383429      -3.127137011281314E-002
  -1.07580075625788       0.295320717221371       0.106278639143898     
 -0.934189423194470       0.155181190285438       0.825979720679845     
  -1.40679011041137       0.510170423571746       0.120741661280222     
  0.592929165161416      -0.505301651361537       0.131272633347606     
  0.566968683329063      -0.586613468120702       1.156899408288857E-004
  0.654182027811445      -0.542669655275416      -0.232613303740425     
  0.551693307233795      -0.306183425907988       -1.13145253609201     
 -0.577570417306209       0.700774765678934        1.78905255458052     
  8.108457658087438E-003  0.294016311163993       0.728354447582216     
 -0.393500945688852       0.612614389406910      -1.886684076167742E-002
 -0.390249635932291       0.671905907582188      -6.086515188593367E-002
  0.466219023009077       0.100870636156874      -0.413555149597892     
  0.664611982409406       4.564851039245048E-002  0.983122143468063     
  0.349790449302186       0.348916722476939       0.674377907520380     
  0.176961833128843      -0.458645901074418      -1.858199219691453E-003
   1.04251979273978      -0.491406078074477       1.633227040537034E-002
  0.653367744299824      -0.458179031414368      -2.984083830581585E-002
 -9.821632345631572E-002  0.558055187600056       -1.72843307272671     
 -0.931826009062878       0.518247621452774      -0.246600826171123     
 -0.270637890352069       0.667345987713430      -3.219858240582344E-002
 -0.319843065590188       0.632546710485645       0.143743750725700     
 -0.111112373794533       0.714798257267642       0.792624960176312     
 -0.947565360175138       0.281925509508012       1.189337851159235E-002
  0.501228817068350      -0.407175372698766      -5.723891275610274E-002
  0.539319076493640      -0.520285318480582      -1.700346642043490E-003
  0.422518438112758      -0.266510397215672      -0.287473671765026     
  4.690185702776959E-002  0.154143647088455       -1.53209360637625     
 -0.717520756048527       0.458553607978391        1.88249973786688     
 -0.272108478785622       0.719345522622908       0.321801773689459     
 -0.232122420819880       0.640341238515848      -7.733678041384568E-003
 -0.272477515238838       0.640528135627715      -3.325076509514108E-002
 -0.602698406086224       0.744153774521717       0.336679445969433     
  0.884394581518412       0.220096805910685        1.79465709125604     
 -0.452541751217423       0.416777081319345       0.204032043849384     
  0.447078100547639      -0.436683527583610       3.455684283182536E-004
  0.433675319414798      -0.174790650196424       0.182096807788182     
 -9.545165568568173E-003 -2.359599986412889E-002   1.15333807272173     
 -0.244787663390397       0.446577228509695       -2.63801964781517     
 -0.130299256249034       0.194700232055252      -0.736305852402556     
 -0.514528597368125       0.510144764028382      -2.006976407001939E-002
 -0.461738774573940       0.452804517111137       7.566203466959448E-002
 -0.785846217718395       0.316657652743004      -0.442437426384050     
  -1.78137749993788       0.631902366256944       0.138267451539479     
  0.649528040738308      -0.113809867402365       0.427521240610674     
  0.562062554345661      -0.616230456734929      -4.851244206491513E-003
  0.483635403990653      -0.113187421940470      -2.246579571891515E-002
  0.102392783025318      -0.165012731369838      -0.371265785181258     
 -0.377090851964311       0.200156168875135        1.92826290397730     
 -0.220638531218050       0.133913415818848       6.510198082299751E-002
 -0.444233286317607       0.210529445051976      -3.286392153750923E-002
 -0.557773742372101       0.195381649108826      -1.464320377200733E-002
 -0.477892361968009       0.111401997869054      -0.199344135674732     
  -1.98767151411972       0.189843334432039      -0.383527142926520     
  8.572954200721011E-002 -0.150760365127267      -0.129996947878727     
  0.492703815871373      -0.125646380498952      -2.550620912554803E-003
  0.476464910153570       4.635169823038314E-003  1.181071367443753E-002
  0.323193364885263       5.680606145190475E-003   1.59517086359852     
  4.669305028145062E-006  6.538941143410202E-003 -0.329909300789873     
 -0.323193367780472       5.553332547219051E-003 -0.194481075837218     
 -0.476407863932961       4.328065224454357E-003 -1.384860219280246E-002
 -0.476407832291338      -7.731117588960643E-003 -6.311912744164161E-002
 -0.323193366945786      -9.216965789178026E-003 -0.815230570587233     
 -1.928344421658683E-008 -9.449786656712193E-003  0.383372554403217     
  0.323193248112389      -8.439982959960830E-003 -0.244525204276588     
  0.476474962265192      -7.548258243867735E-003 -4.271765248598863E-003
