   1.70272647168034      -0.134827916415351      -0.101115865443728     
  0.719697134670749        3.82021095004824      -0.822425292909746     
  -1.94923492250125       0.317532090437848      -0.374189764316121     
  -1.84698169195508       0.606345220640113       0.344378765388690     
 -0.833493293524986      -0.353012232621117      -3.998655567169977E-003
   2.54718103830127       -1.02348909038459       9.707485014141841E-002
  0.698333899269051        3.78509822757795       0.840427834744423     
   1.84958409198096       2.967304126506520E-002  0.385457385714635     
  -1.65312147613290      -1.570235065388431E-002 -0.329884515657628     
   2.23357869492893       -1.32652565651583       6.640192392225260E-004
 -0.502319115775622       5.469229839169402E-002 -7.117926623101142E-003
   2.50155982575766       -1.25149396301945       0.122506124623142     
  0.952775238429591        1.06773614232445      -2.291466567351151E-002
  5.366664607724869E-002  0.537525627298709      -0.147703601956453     
 -0.495218083597580       9.179343094803691E-002  1.592682988006959E-003
 -0.481998889491182      -0.376030391374493       9.114093548512550E-003
  -1.28383046213312      -0.107337871339302      -0.124142644512732     
   1.53824101641014       0.653155052813846      -3.772363553655882E-003
   2.73084853976841      -0.885572095013066       0.148635394277348     
   2.70557348757512       -1.11481391692356      -1.816072649442902E-004
   2.24178134536040       -1.27449627599459      -4.289416849734294E-002
  0.166952457064291       0.641041072026566      -0.682298150675014     
  0.314419546566682      -0.685440595454264      -0.848040330949241     
  0.516106155678351      -2.359614386145530E-002  0.303710840409858     
  0.537833469184323       0.688782406901924      -5.385596357565629E-003
  9.177584615282794E-002  0.774495330570105       7.829552347497787E-002
   1.52061993194098       -1.03115679567985       0.717134390976411     
  0.531519117406295      -0.759284139244738       0.425657567152888     
 -0.112741354111325       0.458056358731260      -0.232665524805369     
   1.54116184900317       -1.26591175708536       2.331962376989946E-003
   2.41844466735571       -1.14194723743957      -9.709411349308690E-002
   1.48678340957278       -1.19802529841589      -0.420037954681102     
   2.12470399935546      -3.511022940183878E-003  0.462405013555629     
  0.747355417905866      -0.527985982946931       0.246118605995517     
  -1.37031433528239      -0.117905504019117       3.348105446584251E-003
  0.908488637077564       0.612249313110853      -2.948834261334844E-002
 -0.921556125763786      -0.236128197650129       0.159423228603229     
 -0.593003968147988       0.205717252687628       0.253959836066454     
 -0.206276692079002       6.307638912978106E-002 -4.732005463124023E-002
  1.856801692793786E-003 -0.338887966746555      -7.958969424241831E-002
 -0.396777927811389       3.861411059784561E-002 -1.920329399189159E-002
   1.42489231966354      -0.236724813759604      -0.807157513870964     
   2.90076126381659      -0.726132227752028       -1.17059089801001     
  0.998466014826605       0.833713634577863       0.138680809963404     
  0.891641460642109       0.714979147625088      -6.404776089252102E-003
  0.764456746409141        1.17854068964097       0.101993310967582     
 -0.122478170855722       0.543712705936326       0.615615623551617     
 -0.259140856280866       -1.62984228426498       0.194136009619215     
 -0.439985637907455      -2.373947291923442E-002  0.278436526353979     
  0.977642772190081        1.04080139311406       1.935524490193827E-003
   2.19862407618771       -1.32698377531877      -4.866020680091607E-002
   1.99733705461865       0.847445562241498      -0.105022271898516     
  -1.37694575561683       0.386246195493371       0.307035466455917     
   2.40990995727361      -0.881103531738102      -4.438331324921431E-003
   1.80851120089020      -0.483740472260409       7.290671353185216E-002
 -0.260945518519064       0.465129419821405       0.379281909873352     
   1.20091927989747        1.50503122012126       0.125917125280527     
  0.768828502439165       0.686699681061934      -0.591098772031691     
   1.19825245733023       0.242645246375993      -2.936566780761302E-005
 -0.582332255464593       0.647660063158390      -5.746540247472543E-002
  0.173647606781033       0.895748308247975      -0.580762261307634     
  0.403985880504052       0.704064135807747      -0.174783705283233     
 -0.479607166697631       0.691998162378325      -0.242922682173587     
   1.53782417684279      -0.215887837437662      -9.363547103277298E-003
  0.986926566343922       0.593260377459123       9.289862270510575E-003
  -1.65825788396603       2.727059922474721E-002  0.417780812573271     
  -1.23909296647126       0.232396137374438       0.503700142666753     
  -1.60830297617323       0.776946847838129       0.487098117114293     
   1.73822004473218       0.537635096149033       2.175518030053149E-003
   2.28931294920258       -1.27856070073811       0.120525988342794     
   2.04099227979225       0.230912138795581      -0.894692731803989     
  0.699117636415113       0.580514659684685       0.457934760255286     
  0.843757785234220       0.741413783590864      -6.989702836230400E-004
  0.907320365603481       0.767929966565735       0.144361755076373     
  4.428247211393156E-002   1.54686748713797       0.459610186966378     
  0.883532223667946      -0.492484733007989      -0.355599564335027     
  0.417550570481249        1.50612742703390      -0.822615191205587     
   1.52832227474597       0.655339069335706      -3.591433177995619E-004
   1.91429319849214       0.515197233297255      -4.714099061165442E-002
   1.79442777746879       0.755946569013400       -1.05533774482140     
   1.23207658904822       0.789601713659875      -0.658096593632964     
  0.191108692082645        1.93530719990853      -5.759669416177592E-002
  0.974990833914432      -0.285747035844138      -1.793915351292807E-002
  0.597179946843695       0.419666919595258       0.128429305801281     
 -0.547888377636328      -5.841586233509327E-002  0.687089608252444     
   1.85509328424250       -1.28992128957045       0.182392137809212     
   1.46946545952139      -0.709428737936605       0.391095667616334     
   1.96359661878493      -2.349747571136346E-002  1.476970256553176E-003
   1.94631644161212       0.843242694481186       3.937724863105808E-002
   1.52330169125933       0.965920342527487        1.87537347088737     
  -1.32209317010221       0.410415651014916      -0.221426551564394     
   1.37449498117004       0.878061789025198       -1.01140973873914     
 -0.190056134931493       0.718159436803984      -1.137692864848381E-002
   1.30620181904215       0.209218294886206      -0.240211217966672     
  0.918243952604447      -5.840026330923254E-002  -1.06766328278000     
   2.23956149705208      -0.449601784910266        1.82630909340705     
  0.223725818181476       2.812482113613129E-002  0.281847884297642     
   1.74766202365842       0.548187379537318       7.138556852118644E-004
   1.00168944587398      -0.417329987010508      -0.120372970832519     
  -1.70998203978903        1.00036169819906      -0.354350089009015     
  -1.72801647410436      -0.290201413599812        2.72147058567463     
 -0.185261036310970       7.739890929130983E-002  -1.01309589113828     
  -1.68192613556924      -7.824803372492523E-002  2.161641276026689E-003
 -0.351936117047770      -0.749284373172879      -0.433048851138692     
   1.35270624329400      -0.776331984814246      -0.538036993035730     
   2.74496739331433      -0.512770599032261        1.75165968314661     
  0.703717246565883        1.60462453209174        1.87749535609673     
   1.43809819148090       -1.30568618906367       7.097821365092703E-003
  0.990867826077456       0.590663098755900      -1.173667029479791E-002
   3.22303959160736        1.10599138869796      -0.390605161696906     
 -0.452370089160639       0.320979361177978       -3.58360136644097     
 -0.481222733209120        1.40059576649999        1.89731210193358     
   2.27607140077309       -1.32048423312164       2.799845655205237E-004
  0.935579113619078      -0.349798280793574       3.827576633325102E-002
   1.64155243314440      -0.214482288640570        1.97778504491821     
 -0.758488620151680        1.53238050155237       -1.14686602752673     
   1.96824661994122      -0.388401214588950       -2.55556421818819     
   1.67215770470860        1.41526584588899       1.873001750702176E-003
 -0.444099547390625       -1.53079732388615      -0.406224028400839     
  0.961724736255387        1.69496760548229       -2.40570442423362     
  -1.05567108623476       0.997370356250681        1.96777813959511     
  -1.91894512576158      -0.198892477368611      -0.615133848502161     
 -0.320120162190547      -0.732143369708518      -6.216550114596788E-003
  -1.64787915153674       0.123545045122513      -0.135214724657560     
  -1.76786834152052        1.09411751747591       0.104283572236283     
 -0.111596613914442        1.88887152495201        3.61726150092351     
 -0.172212152865455      -0.821922966173484        2.17562296131360     
   1.55954836868127       0.649690310488845      -1.598685925025574E-003
   4.94493339122410       0.307424794716552       0.906489331549847     
  0.637053247573794       0.336828169028520        3.68286193328632     
   2.03334529411321      -0.952606276447101       -5.35403104214083     
   10.9745532541220        2.10241521470012       -11.2233524746089     
  0.742184568766670       -1.11237329667575      -4.274688172673918E-002
   1.07666851569896       -1.36631655509916       0.383455644517154     
 -0.399397463674588       0.177672048281512       -1.00818321672217     
 -0.662979317445643        1.77914003285586       -6.70703100231049     
  0.718017313194924       0.913285793551596      -0.236956385916552     
   2.31217830701591       0.273519174152674      -5.300684374434475E-003
  -6.87169233845542       0.927063986134484        13.7393283872965     
  -7.10499530076619        3.60909358250175        7.68467356291863     
  0.263486855519896        1.86665433091640       8.007325380406177E-002
 -0.811757065758588        1.55424171543143       0.122196714158013     
   4.91360551798124      -0.288609976953359        11.1893932858862     
   10.5859689385014        1.86918315522812        14.5130227244873     
  -6.81937499818910        3.25817075178628       -11.4904970093149     
 -5.369067748518075E-002 -3.351820195527803E-002  3.692459707129850E-002
 -0.962200410169948       0.612147073672720        3.79976909162064     
   5.42333761083041      -0.199927407642768       -5.09929884186164     
   1.43408911121241       5.338357631163442E-002 -0.789088469286378     
  0.490923413078645      -0.220815934804163       0.143785069346820     
  0.147569670881822      -0.605288190054946       0.256453061596234     
  -1.70239942984847       0.425755285946554       -2.99930073126100     
  -1.11132246281808       -1.16146191390964       -4.59507119340280     
   5.29444906344386      -0.340754722513106        4.11432804989775     
 -0.163159370633659       0.137252775702519      -8.716518956806883E-003
  0.290819226146632       0.621619616994952      -9.154444134779209E-002
   1.18462550788997      -9.030144911621614E-002  -1.61114203934200     
 -0.120611580943570       -1.07399799152827        1.95641147546800     
  0.116670919081205       -1.06935127638576      -0.572709108749060     
  -1.28141400147557      -0.299134757231589      -7.077823584918162E-002
 -2.970944020898275E-002  -1.26025989972381      -3.397836424476441E-002
 -0.626334880147717      -0.531271708148941        2.04939918218744     
   2.24071780455873      -0.726592871856684        2.13775455767771     
  0.204228896718209        1.37688987553403       -1.54717518826371     
   2.52435675579326      -0.984000039986636       3.584239533603277E-003
 -0.563377009089731       0.571486366001237       1.054571743106420E-002
  -1.06365891223767        1.89328684453075       0.857878931191941     
 -0.389579332148191       2.047589309192710E-002 -0.178258538717625     
   1.43472450078478      -5.370647452373528E-002  0.401707148945864     
  -1.72423046143380       0.172085662251578       3.726756035501156E-002
 -0.550484329128438       7.275458596941828E-002 -0.155584136144595     
 -0.298056837793709      -0.280726081822318       -1.90929819838295     
 -7.847762874125222E-002  0.160479812498684       0.275426320086273     
  0.568187427312853       0.543008321667198        1.17374650096292     
   3.05498548989826      -0.535615508441489      -7.860776193664068E-004
   1.88758287159373      -0.588971602210992      -5.138144303023968E-002
 -0.297753328328956       0.662213025132882      -0.252724124781409     
  3.006577241857988E-003  0.679870710055525       0.725890544914889     
   2.54629169543890      -0.932878687614093       6.420860103156423E-004
  -1.31698790218918      -0.219972772892488      -2.345794398997743E-002
  -2.00599052639196       0.271715739396568      -0.111229687090525     
  -1.25749956893827        1.26311100332859       0.768169915531772     
  0.770680845603929      -0.662462949477868       0.833873264124047     
   1.74700400067318       -1.23890492815346      -0.155434390929336     
   1.08606489939534      -0.505066977571560       2.469153929444958E-003
  4.582557576894866E-002   1.32619015482397      -0.153145727965759     
  -1.32923635337722       4.630065851062398E-002 -0.666311393905041     
 -0.558029897096304       0.892127105576683      -0.149575140819675     
  -1.81334679845031      -9.983793277308341E-002 -1.752307012257465E-002
 -0.716063244593823      -0.358625931073417       3.871132352928438E-002
  -1.47470407876510       1.722203300609304E-002  0.312553534078778     
  0.919335216592809      -0.431811548286509       0.242284476242304     
  0.786959627542573       0.386797238507694       0.157922334917243     
   1.24450388535517      -0.402251828813728      -6.892625423092166E-004
  0.450130088363001      -0.110492233041091      -0.103455307899517     
   1.08027689540539      -0.534992107430964      -6.397326815292929E-002
 -0.713128735710226      -8.524772978441766E-002  0.693668239422831     
 -0.132364728993445       0.387570768645410       1.590718970168506E-002
  -1.26309138524263      -0.277747655076028      -1.082574071198539E-002
 -0.814413171073207      -0.386460025263442      -5.701151534558858E-002
 -0.147667738961719       0.647033587451874      -0.266569023702198     
   1.50697301342095      -0.395392750401437        1.57684722356868     
  0.971422950555658       0.187957356562613      -0.274093511070794     
 -0.762921463196952        1.53771116907112       1.014771019949547E-003
   2.54068299893309      -0.830399026537189       8.849266986825584E-002
   1.16208755670847      -0.243419460113586      -0.126495489253850     
  0.474405474514068       0.970489230855225       -1.62715539120378     
 -0.685777171575017       1.004305875887204E-002 -0.714806504112836     
 -0.713066009166494      -0.372031015718648      -3.127137011281314E-002
 -0.686974722016378      -0.244725107125113       0.106278639143898     
  -1.10155786384237       0.496750432904518       0.825979720679845     
  -2.00040340317745      -0.112722840434356       0.120741661280222     
   1.12374087722872      -0.491605192914494       0.131272633347606     
   1.16738456223136      -0.434937992072815       1.156899408288857E-004
   1.39003369180606      -0.508738074033738      -0.232613303740425     
   1.55006344311148      -0.621940763224464       -1.13145253609201     
 -0.985771570105996        1.34267701949077        1.78905255458052     
  0.208860847749710      -0.269124259618815       0.728354447582216     
  0.371509328430581        1.65892673226700      -1.886684076167742E-002
  0.256198817002178        1.95995617919014      -6.086515188593367E-002
 -0.376438956795374      -0.564543498159148      -0.413555149597892     
   1.66197332275542       0.800610874856108       0.983122143468063     
   1.69732768480811       -1.59690771372324       0.674377907520380     
  0.471568170415489      -0.318043929233942      -1.858199219691453E-003
   2.52999999055501      -0.885670150746037       1.633227040537034E-002
   1.38967416972760      -0.205722086193762      -2.984083830581585E-002
 -1.529495421206672E-002  0.968653126624052       -1.72843307272671     
 -0.671934265517583      -0.165355627224001      -0.246600826171123     
  0.585098320462087        1.21002229304964      -3.219858240582344E-002
  0.412052162031247        1.24873096476665       0.143743750725700     
  -1.11899875582523       0.638476874255784       0.792624960176312     
  -1.85090823740130      -0.679040381607494       1.189337851159235E-002
   1.05816921243444      -0.418494306118953      -5.723891275610274E-002
   1.26386740248449      -0.431516181302577      -1.700346642043490E-003
   1.53199046489756      -0.474858432134209      -0.287473671765026     
 -0.242058816309747       0.267542138453948       -1.53209360637625     
 -0.945669857203580       0.996235059516694        1.88249973786688     
  0.235948633658313        1.88742021364533       0.321801773689459     
  0.486375946178752        1.26443010020688      -7.733678041384568E-003
  0.334343443200940        1.41105578189336      -3.325076509514108E-002
  -1.38265670529059       9.493524802549974E-002  0.336679445969433     
 -6.184216043937088E-002  0.123108809555155        1.79465709125604     
 -0.741777387410517        1.51446436989932       0.204032043849384     
   1.20106847035210       0.252076446448665       3.455684283182536E-004
   1.81831539456061      -0.634844497030502       0.182096807788182     
  0.268900035230052        1.59024199762090        1.15333807272173     
  -1.30504184609294        1.86094566804351       -2.63801964781517     
  0.351902620075561        1.86223550845485      -0.736305852402556     
  -1.23275843714572        1.64625383336509      -2.006976407001939E-002
  0.517837589650120        1.47174975360343       7.566203466959448E-002
  -1.17436683058821       0.350807684973876      -0.442437426384050     
  -1.80302796337067       0.943061939118781       0.138267451539479     
   1.13204959016477      -0.354439287961406       0.427521240610674     
   1.11803231292072      -0.548310261266310      -4.851244206491513E-003
  0.970440484141797      -8.373056854502189E-002 -2.246579571891515E-002
 -0.169224471530556      -0.510806804268433      -0.371265785181258     
  -1.48667937793497        1.73023674614448        1.92826290397730     
 -0.758265294825825        1.48605428661272       6.510198082299751E-002
  -1.89008443023082        2.14464159657832      -3.286392153750923E-002
  -1.19116629649464        1.70990205991151      -1.464320377200733E-002
 -0.841917580622843        1.23646096677584      -0.199344135674732     
 -0.812575507770565      -0.643596903855923      -0.383527142926520     
  0.669700660625459      -0.747329089383252      -0.129996947878727     
 -0.189142136460304       0.487829158960388      -2.550620912554803E-003
  -1.09388935746109        1.16464277173381       1.181071367443753E-002
  0.628995080536568      -8.727707648739710E-002   1.59517086359852     
 -0.486254165097059       0.948594086179317      -0.329909300789873     
 -6.766777475945505E-002   1.14273654554032      -0.194481075837218     
  -1.01289996936758        1.20916162131530      -1.384860219280246E-002
 -0.858369515736601        1.27527984531333      -6.311912744164161E-002
 -0.685431268528437        1.21271975066527      -0.815230570587233     
 -0.573010190667255        1.48367034967481       0.383372554403217     
   1.60565732264945      -2.273960410871656E-002 -0.244525204276588     
 -0.484639183158943       0.110260854627615      -4.271765248598863E-003
   1.33254890788430       0.224369277536700       9.019904366515273E-002
 -0.433630890735003      -0.156105225679720       4.675471888027831E-002
   2.17668547488677       -4.11754549254751        1.39199174450107     
 -7.211974684367212E-003   1.25822586217726      -0.194446854181831     
 -0.276386345253764        1.01665290209525      -2.043093065118503E-002
 -0.368858620635837       0.853530488511120       5.606817664942360E-002
  -1.13431629859923        1.68631119519589      -0.379365461895052     
  0.480092500910954       0.449390711609796       -2.39251397980888     
  2.277755363752035E-002 -0.619259555861961       0.526194828737501     
  0.509104010521023       2.712997437778773E-002 -2.808051854336512E-003
   1.32810338889228       0.243819410664802      -5.196277328566969E-002
  0.110408680742321      -0.141116638991518      -0.983052934532106     
  -2.73365401680297      -0.810060086087423       -3.25388055681613     
  -1.33260861519119       9.525728844959822E-003 -0.379564954252300     
 -0.765587640453457        1.53270380211847      -2.657683621897902E-002
 -0.230766865151080        1.52073226643485       0.158407263780321     
 -0.712619532487236        1.54637362373343        1.25879615969724     
  -2.52266287332597      -0.762497509470754        3.48242731580530     
   1.05224177203783       0.211538193935266       0.435366271929118     
  0.457826952373316      -0.112650897120682      -4.228933219510697E-003
  0.444004725415427       2.900491653545680E-002  6.685569865145813E-002
  0.522417548815090        1.13976682214542       0.413764649382935     
 -0.192079841922096       0.637481937963334      -0.559996904581367     
 -0.768682756484446      -0.298347893486180      -0.230921860079413     
 -0.454824906986113       0.641104377640335      -2.140597491107646E-002
 -0.608489378510289       0.576589315210574      -4.020601903094546E-002
  -1.26866474111023       0.675123350754788       -1.16436578045920     
 -0.242699228639205       0.740788481485220       0.504677218670849     
   1.35031845550683       0.159885401839236        1.00213610531451     
  0.963457580306133       0.121460253747559      -2.250924949830096E-003
  -1.26442815252492       0.799742688545197      -0.296191184809593     
   1.13557792707520       0.149850752017526       -1.78559928471324     
 -0.674307943363690        1.08369622277586        1.10640423025737     
 -0.972871401291301      -0.249151102268709       0.963618094062314     
 -0.396821947417999       0.723227553750140      -2.769955800511878E-002
 -0.533955790892302       0.818629587988322       9.858765338519423E-002
  -1.02450609639542        1.59276906552731        1.60920969037936     
 -4.313889075448027E-002  0.418335711729451       0.896338762974102     
 -0.687180691432108        1.16289497568244      -0.910737328225671     
  0.351376134146485        1.03680741135438       2.129404532122713E-003
 -0.331136742580554      -9.095470021137089E-002   2.05149087280197     
 -0.457920120888024        1.37557025235745       -1.20019929275459     
  0.288435639349036       0.247547775198168       -1.47908663514245     
 -3.898334459424356E-002 -0.392422441917469      -8.141009636191876E-003
 -0.621095252300688      -0.116437286979164      -0.214369834049977     
 -0.283711571532393        1.22924398963104       -2.98419579148401     
 -0.581076452585903        1.33496567669390       0.596257902208844     
 -0.200260789537391       6.470444076637499E-002   1.68600817306156     
  0.765246009793704      -2.711443739493141E-002 -4.864595190908127E-003
 -7.072857440941581E-002  0.491732974619983      -0.472301065437690     
  0.915207617382070       0.477209122650932       -3.25250532886334     
  -1.10780679723677      -0.403589445250719       0.912376676386430     
  -1.59900287175329      -0.505003245203721        1.56103942499883     
 -0.480306587055718       0.813945730752485      -3.199816963101409E-002
  -1.22112654730171      -2.750874807882625E-002  0.346069190425077     
 -0.926262403602502       7.659996244406028E-002   4.41505640682081     
  0.934045654360238       0.217339486653878        2.03256018765584     
 -0.848334739448919       0.903621308417445       -3.81898326791003     
  6.468417909462008E-002  0.488237127803520      -1.448654998962672E-003
  0.208128698325607      -3.387928927776004E-002  0.630465136540540     
  -2.45379071759683       0.297020877514610        5.94687892323232     
  0.744005827118835      -0.299257613229225        3.26700681761174     
   3.64537470615779      -5.698267550615076E-002  -4.01354135259829     
 -0.517183849380898       0.671807310987466       4.918431020443498E-002
  -1.06699226371085       0.618053255273866      -0.791822147872558     
  -2.22092489568035       0.149538739413082       -7.99101980434680     
   1.80339340195962      -0.289919917718549       -1.27739807039289     
   3.04774050254570      -8.984515113986137E-002   5.34631578023693     
  3.018051755710904E-003  0.774708940025821      -9.957194375838452E-004
  0.394947252007492      -0.329748725375075      -5.979995450006736E-002
   1.38771950020283      -6.977936831628373E-002  -1.59053410005088     
  -1.17436814829656       -1.77408912210272       -1.72247139387222     
  -1.93115271072099      -2.810550575053264E-002   1.20792940757247     
 -0.547130264495839       0.543841346172052      -6.285065140338998E-002
 -0.716440110919003       0.504212999979280       2.450385336230120E-002
 -0.347043594802199      -5.011758571713709E-002   3.40924917773798     
  -1.16909388693515       -1.64125967287261        1.88273391406485     
 -3.828555899964953E-002 -9.193061983034649E-002  -2.63356275018472     
  0.291903490539643       7.738330016222769E-002  5.987210815053553E-003
  0.392894888980615      -5.866823543165094E-003  0.322144567433072     
 -0.767668066133552       1.908943795822533E-002   2.20433051830869     
  8.558133630578642E-003  0.130006171836581        2.64203647699916     
   1.64822801083020      -6.449556859226513E-002 -0.609333909585563     
 -0.415798800627301       8.181104682210742E-002  1.597251127989937E-002
 -0.385883342527124       6.045627642363006E-002 -0.211395772556762     
 -0.398641863456869      -8.361625111123591E-002  -4.03809584583370     
  0.476465373974812       4.619313072521052E-003 -6.054925630622407E-002
   1.25302860023727      -3.807766174790808E-003   2.31206372802514     
  0.533059046152140      -1.820871349341524E-002 -5.657026354746931E-003
  0.323193364988361       5.680736380699363E-003  -1.14768031416256     
  2.335270223562944E-004  7.090405310145434E-003  -2.61622946866898     
 -0.323217650909869       1.601762434692700E-002 -0.478110428147792     
 -0.476408086465619       4.193169859971704E-003 -4.856445282133885E-002
 -0.476407815395661      -7.740939708050484E-003  0.187609811955209     
 -0.323205288160737      -8.432940122343366E-003   3.58549551841959     
  3.979742943961012E-005 -8.143914984824604E-003   1.50999198827640     
  0.323193366311648      -8.455059655752533E-003  -1.65625497908309     
  0.476471457764355      -8.067488034683060E-003  1.403730035253144E-003
