   1.79823593194329      -0.277885140866078      -0.101115865443728     
  0.282445970359568        4.07551149124132      -0.822425292909746     
  -2.12871950526611      -6.904045807078728E-005 -0.374189764316121     
  -1.40005062304753       0.333625586417519       0.344378765388690     
 -0.899022822237619       0.854237245481562      -3.998655567169977E-003
   2.95669235131635       -1.15137800930577       9.707485014141841E-002
  0.274449715439346        4.03484828639804       0.840427834744423     
   2.05708841626210       6.349075269696445E-003  0.385457385714635     
  -1.58530723682049      -0.555565078696241      -0.329884515657628     
   2.15977675240061       -1.52438495675046       6.640192392225260E-004
 -0.872274283155139        1.11735353732618      -7.117926623101142E-003
   2.81186334753705       -1.52371029824707       0.122506124623142     
   1.10850663445790       0.860311926121555      -2.291466567351151E-002
 -0.108634406594619       0.706257463523956      -0.147703601956453     
 -0.894921781220292        1.07424403122583       1.592682988006959E-003
 -0.904600654493280       0.872483387579057       9.114093548512550E-003
 -0.848099218077990       5.332406164080022E-002 -0.124142644512732     
   1.62539549742687       0.359750305398062      -3.772363553655882E-003
   3.10346017717655      -0.912852021387826       0.148635394277348     
   3.07452105271914       -1.19359190141924      -1.816072649442902E-004
   2.18200184058357       -1.55144505633783      -4.289416849734294E-002
 -2.783175150336974E-002  0.818406499890296      -0.682298150675014     
  0.577954695637558      -0.665182664249170      -0.848040330949241     
  0.783294523856204      -0.327346643942794       0.303710840409858     
  4.376975340579861E-002  0.500528297034772      -5.385596357565629E-003
 -0.298036917629094        1.15567098225147       7.829552347497787E-002
   1.70628820783544      -0.805541728636097       0.717134390976411     
  0.842383383690329      -0.746619845385833       0.425657567152888     
 -0.682520032079869       0.846928137285674      -0.232665524805369     
   1.57866367956827       -1.06971301930472       2.331962376989946E-003
   2.71480939858560       -1.53723281614455      -9.709411349308690E-002
   1.70026722857468      -0.985512901839241      -0.420037954681102     
   2.31426773626436      -0.412884087063352       0.462405013555629     
  0.894106273762776      -0.181229393738562       0.246118605995517     
 -0.117520242232356       0.424700499383550       3.348105446584251E-003
  0.975259870245182       0.460601308749191      -2.948834261334844E-002
 -0.951805522094458       0.854037282295541       0.159423228603229     
 -0.925806844754848        1.29499431241717       0.253959836066454     
  0.412808059523636       -1.21544785710582      -4.732005463124023E-002
 -0.332366429759547      -0.878512451968802      -7.958969424241831E-002
 -0.273278846663704      -0.659752074119615      -1.920329399189159E-002
   1.19354942779684      -0.165383018716873      -0.807157513870964     
   3.38777098706863      -0.615350136879974       -1.17059089801001     
   1.12689147431339       0.675928002137356       0.138680809963404     
   1.02251467098457       0.506272275289354      -6.404776089252102E-003
  0.935008848431384       0.986147348772138       0.101993310967582     
 -0.418936261762678       0.789074992729961       0.615615623551617     
  8.969140023736571E-002  -1.75382197636736       0.194136009619215     
 -0.848174008739135        1.11465355340198       0.278436526353979     
   1.11409999681196       0.825939624039986       1.935524490193827E-003
   2.08478500110366       -1.44159397851182      -4.866020680091607E-002
   2.13472710068518       0.687555859766438      -0.105022271898516     
  -1.90270214529977      -0.398968138018776       0.307035466455917     
   2.82563329249556       -1.04264844851990      -4.438331324921431E-003
   2.01937695152208      -0.206412914301133       7.290671353185216E-002
 -0.740740265983695       0.870587528326690       0.379281909873352     
   1.28652843726208        1.27480206049283       0.125917125280527     
  0.752929289511162       0.694670699025651      -0.591098772031691     
   1.16190824719682      -0.116306120741694      -2.936566780761302E-005
 -0.672511148005669        1.29656838029282      -5.746540247472543E-002
  4.317159883598984E-002  0.811251830416709      -0.580762261307634     
  5.626888663517418E-002  0.537468238888186      -0.174783705283233     
 -0.459165516232902        1.23106103905719      -0.242922682173587     
   1.69817965235157      -0.303338341741034      -9.363547103277298E-003
  0.985399799509235       0.430208529097057       9.289862270510575E-003
  -1.71881799738055      -0.562202481257155       0.417780812573271     
  -1.76806031488860      -0.281937051308541       0.503700142666753     
  -1.38880577088675       0.560735044281368       0.487098117114293     
   2.05057731413405       0.464796610258030       2.175518030053149E-003
   2.28945709205072       -1.58094531752965       0.120525988342794     
   2.15524511686903       4.803436669671514E-002 -0.894692731803989     
  0.273202015858102       0.725130012150699       0.457934760255286     
  0.937711289312350       0.481778722273865      -6.989702836230400E-004
  0.998530810043624       0.544085051648527       0.144361755076373     
  0.971050440141620        1.59362244856710       0.459610186966378     
  0.960910222319708      -0.151995608406521      -0.355599564335027     
   1.04853382061306        1.19904799840516      -0.822615191205587     
   1.59021545717092       0.348941942394148      -3.591433177995619E-004
   2.05311026992802       0.340713992947947      -4.714099061165442E-002
   2.05497927567089       0.887528020302541       -1.05533774482140     
   1.38108621670698       0.581689452307925      -0.658096593632964     
  0.213681284704839        1.95914692277387      -5.759669416177592E-002
  0.436312058823141       8.613570107535584E-002 -1.793915351292807E-002
 -0.111912129946578      -3.843732151452534E-003  0.128429305801281     
 -0.581165890923986       0.739211187605948       0.687089608252444     
   1.81112052927539       -1.10485882544683       0.182392137809212     
   1.67248526314582      -0.457253134656402       0.391095667616334     
   2.24879636189671      -0.465341006833614       1.476970256553176E-003
   2.10799015707359       0.721221174342519       3.937724863105808E-002
   1.78000090566848       0.646119248546113        1.87537347088737     
  -1.78305586142528      -0.371813596020240      -0.221426551564394     
   1.69423965902699       0.442863405799165       -1.01140973873914     
 -0.359686125923042        1.12785852507488      -1.137692864848381E-002
   1.05621838053433      -7.107691591193102E-002 -0.240211217966672     
  0.863945869852386       0.353504564375628       -1.06766328278000     
   2.52522454815304       -1.11981343827865        1.82630909340705     
 -0.670265841045866       0.521875802942183      -0.272274709394550     
   2.01966805707112       0.465981126738011       7.138556852118644E-004
  0.524357532288328       0.219720952271513      -0.120372970832519     
  -1.66296278549009       0.950378409815326      -0.354350089009015     
  -1.43953775285064      -0.638018291767582        2.72147058567463     
  -1.16518122893220        1.36453959104645       -1.01309589113828     
  -1.92752649862789      -0.365222774226844       2.161641276026689E-003
  0.774057577813826      -0.411913854021347      -0.433048851138692     
   1.53269750878554      -0.583978200835616      -0.538036993035730     
   3.22213177984295      -0.552325828092528        1.75165968314661     
  0.953297327439960        1.87837983023168        1.87749535609673     
   1.53368488599328       -1.08671859281296       7.097821365092703E-003
  0.978561676484951       0.430181524676945      -1.173667029479791E-002
   3.25484680518957        1.01361503686718      -0.390605161696906     
 -0.602449227165939       0.988565702058258       -3.58360136644097     
  0.295836568081491        1.45880252096604        1.89731210193358     
   2.36303981815685       -1.57874779960066       2.799845655205237E-004
  7.838456451752779E-002  0.427375731440625       3.827576633325102E-002
   1.52754308414646      -0.314672554897386        1.97778504491821     
 -0.887765990623118        2.21540060748844       -1.14686602752673     
   2.19712535739957      -0.704374598420285       -2.55556421818819     
   1.74002332543122        1.25801281098000       1.873001750702176E-003
 -8.368758728052481E-002  -1.68271904104665      -0.406224028400839     
   1.13823953318383        1.83791126950257       -2.40570442423362     
  -1.23012248254756        1.55185816697792        1.96777813959511     
  -1.70675946080232      -0.754030185033759      -0.615133848502161     
  4.471367887131579E-002 -0.752357422647801      -6.216550114596788E-003
  -2.00878610206459      -0.300253043523764      -0.135214724657560     
  -1.68950590623435        1.05652007606746       0.104283572236283     
  0.413023240762239        1.68986720879949        3.61726150092351     
 -0.221375746190083      -0.883451503759334        2.17562296131360     
   1.73351888010654       0.428164458815017      -1.598685925025574E-003
   4.65395592062154       0.210690699710786       0.906489331549847     
   1.01593654082160       0.294596507559986        3.68286193328632     
   2.31314870204652       -1.27018276401747       -5.35403104214083     
   10.4827850880133        2.92017565784775       -11.2233524746089     
   1.02540055654694      -0.991114003347834      -4.274688172673918E-002
   1.29537924411389       -1.24707677581210       0.383455644517154     
 -0.178892158987941        1.12178319678359       -1.00818321672217     
 -0.613045047822265        2.05392079638168       -6.70703100231049     
  0.857319970750815       0.606961969174765      -0.236956385916552     
   2.39761370060837      -0.108702100596872      -5.300684374434475E-003
  -6.74733860038891       0.881257633920528        13.7393283872965     
  -6.36462080930769        3.91037424061743        7.68467356291863     
  0.510754635629325        2.12775059118262       8.007325380406177E-002
 -0.979078496285074        2.38534466148480       0.122196714158013     
   5.09336514755675      -0.272804805701476        11.1893932858862     
   10.2439183003375        2.52173178324614        14.5130227244873     
  -6.34209988332866        3.45629874410384       -11.4904970093149     
 -0.285834626485788      -0.630771068690859       3.692459707129850E-002
  -1.13241546001875       0.905121292053627        3.79976909162064     
   5.06376498958388       0.877400613648230       -5.09929884186164     
   1.63095034138039       4.510936133905186E-002 -0.789088469286378     
  0.805928378841919      -0.367500541253611       0.143785069346820     
  0.591021259548755      -0.554813369244423       0.256453061596234     
  -1.89358120200849      -0.225921918903381       -2.99930073126100     
 -0.718669813403774       -1.17852106335072       -4.59507119340280     
   4.90748248096148       0.948638613844383        4.11432804989775     
 -0.399102480102884      -0.416989367541326      -8.716518956806883E-003
  4.598487255737860E-003  0.596498325621754      -9.154444134779209E-002
   1.38253459627281      -0.185806195776544       -1.61114203934200     
  0.233934360591645      -0.892250281889910        1.95641147546800     
  0.229676574661762      -0.703184272547045      -0.572709108749060     
 -0.805122675153152       6.189380697585412E-002 -7.077823584918162E-002
  0.474153848167279       -1.05070796510181      -3.397836424476441E-002
 -0.714371341694111       7.676477954775016E-002   2.04939918218744     
   2.74184692287824       -1.28566703273394        2.13775455767771     
  0.716761746082096        1.36214524593961       -1.54717518826371     
   2.93439883200629       -1.17605923815724       3.584239533603277E-003
 -0.534443792080397        1.30467066272772       1.054571743106420E-002
  -1.13250482288709        2.13715315706910       0.857878931191941     
  -1.30298308493114       0.295287156966667      -0.178258538717625     
   1.58650351025233      -0.432371039552587       0.401707148945864     
  -2.17774226772078      -0.189212793346792       3.726756035501156E-002
 -0.915278091692732        1.25134631303427      -0.155584136144595     
 -0.313991974612830       0.621761773920231       -1.90929819838295     
 -0.893648000662686       0.959599181140687       0.275426320086273     
 -6.547865045373094E-002 -0.109401762110369        1.17374650096292     
   3.49650269749652      -0.414191527009814      -7.860776193664068E-004
   2.02219878850122      -0.464944923408512      -5.138144303023968E-002
 -0.233543705620838       0.886659090874781      -0.252724124781409     
 -0.135099462285410       0.917068015783323       0.725890544914889     
   2.93775466590247       -1.05086841815092       6.420860103156423E-004
 -0.831425991290815       0.171494537874389      -2.345794398997743E-002
  -2.23641244998366      -5.412437182700321E-002 -0.111229687090525     
  -1.37282997666650        1.28262236413832       0.768169915531772     
   1.06986906692137      -0.357896445986899       0.833873264124047     
   1.77005987279201       -1.06608781975449      -0.155434390929336     
   1.10012469179325      -6.508975175759174E-002  2.469153929444958E-003
  0.748583298695385        1.52799732809428      -0.153145727965759     
 -0.738059739112930      -6.732025803949088E-002 -0.666311393905041     
 -0.891997118560072        1.29562239689659      -0.149575140819675     
  -1.95600720810242      -0.362511217432788      -1.752307012257465E-002
 -0.844586268419522       0.930127657916487       3.871132352928438E-002
  -1.90564409842962       0.584107388876997       0.312553534078778     
  0.374871369940823       0.233948667977393       0.242284476242304     
  0.343918485489305       0.801533501911217       0.157922334917243     
   1.12244994927395      -7.320434888325764E-002 -6.892625423092166E-004
  0.725410732241893      -0.164265288530643      -0.103455307899517     
   1.12046649155481      -6.357038779066715E-002 -6.397326815292929E-002
 -3.807443342356648E-002  0.541570761982688       0.693668239422831     
  1.332396749547579E-002 -6.075553368248038E-002  1.590718970168506E-002
 -0.809621081699657       4.411978846264319E-004 -1.082574071198539E-002
 -0.408038090939715       0.768417686851233      -5.701151534558858E-002
 -0.749006858077184       0.873039791013902      -0.266569023702198     
   1.91762543657837      -0.246397342833868        1.57684722356868     
   1.12261598651771       0.536411957072342      -0.274093511070794     
  3.676911875971003E-002   2.08006304490337       1.014771019949547E-003
   2.89425793576150      -0.977573193306489       8.849266986825584E-002
  0.566262712082092       0.372783721533412      -0.126495489253850     
  0.497712811411242       0.850944166144246       -1.62715539120378     
  -1.19258910474258        1.47023046679141      -0.714806504112836     
 -0.493787012905273       0.788834408741731      -3.127137011281314E-002
 -0.342713243820554        1.10314168332923       0.106278639143898     
  -1.49905838887909       7.086737960098946E-002  0.825979720679845     
  -1.88792734521283      -0.537633102729557       0.120741661280222     
   1.11918152913064      -5.838593203558273E-002  0.131272633347606     
   1.04770732059606      -6.963679562134063E-002  1.156899408288857E-004
   1.84248505519298      -0.337937731770608      -0.232613303740425     
   1.92148836445755      -0.427067052335164       -1.13145253609201     
 -0.962699695250891        2.10175518172350        1.78905255458052     
  0.436982931129207      -0.593674866010089       0.728354447582216     
  0.470590685366730        1.87553988208632      -1.886684076167742E-002
  0.265211694544144        2.02104110666266      -6.086515188593367E-002
 -0.970560330049740      -0.473178063815823      -0.413555149597892     
   1.92952898589620       0.969728308381413       0.983122143468063     
   1.80258775209021       -1.50886395591490       0.674377907520380     
  0.809955623949173      -0.488010320722379      -1.858199219691453E-003
   2.93924668056433       -1.01301166601223       1.633227040537034E-002
   1.89609119210891      -2.090698886998471E-002 -2.984083830581585E-002
 -8.018317775912329E-002   1.17019758867772       -1.72843307272671     
 -0.260754719247777       0.501244974713778      -0.246600826171123     
  0.732928415429113       0.973943970717140      -3.219858240582344E-002
  0.641800884321302       0.998982902517889       0.143743750725700     
  -1.37939207370138      -0.551562253162766       0.792624960176312     
  -1.16969524863896      -0.679067609926975       1.189337851159235E-002
  0.926515238297642      -3.683235342236202E-002 -5.723891275610274E-002
   1.18411347857683      -5.643940936738401E-002 -1.700346642043490E-003
   1.91087472609580      -9.841823995020557E-002 -0.287473671765026     
 -0.387309684491303       0.601737542581736       -1.53209360637625     
 -0.655229129963611        1.74933277226976        1.88249973786688     
  0.322624206914343        2.04820360396952       0.321801773689459     
  0.651278931877130        1.04970756583026      -7.733678041384568E-003
  0.579852487499719        1.15741034635623      -3.325076509514108E-002
  -1.65004408468953      -0.157876346327519       0.336679445969433     
 -0.907662590248583       0.411762870748004        1.79465709125604     
 -0.893289649140135        1.99886003804537       0.204032043849384     
   1.20769997020449      -9.348444142140101E-002  3.455684283182536E-004
   2.05554911629705      -0.482372145557878       0.182096807788182     
  0.845577939651178        1.69064155504700        1.15333807272173     
  -1.51600890879772        2.14346771679225       -2.63801964781517     
  0.467233978299670        2.01848403636678      -0.736305852402556     
  -1.53057483861867        1.84561896218703      -2.006976407001939E-002
  0.671348083036095        1.16573718100423       7.566203466959448E-002
  -1.76881716015476      -0.221317125165945      -0.442437426384050     
  -1.77153050453580       0.961207251755827       0.138267451539479     
   1.12535328687056      -0.535058047125614       0.427521240610674     
   1.08302628132034      -0.103022313042760      -4.851244206491513E-003
  0.253992795464060       0.136975551578193      -2.246579571891515E-002
 -0.694838610705704      -0.591570285191405      -0.371265785181258     
  -1.71846080672916        2.04868326829184        1.92826290397730     
  -1.04042094672960        1.83316311362471       6.510198082299751E-002
  -1.91063134118058        2.21760765415070      -3.286392153750923E-002
  -1.52310504119215        1.80521483639941      -1.464320377200733E-002
 -0.847478536823597        2.43795869155353      -0.199344135674732     
 -0.590104831490951      -0.683556147569258      -0.383527142926520     
   1.07314576191230      -0.605740158193168      -0.129996947878727     
 -0.336771490416960       0.608942007748156      -2.550620912554803E-003
  -1.38624763647213        1.50266385348969       1.181071367443753E-002
 -5.268774987299002E-002  0.669358108378877        1.59517086359852     
  -1.00264944891756        1.45814970953625      -0.329909300789873     
  0.145738890463201        1.00211928988734      -0.194481075837218     
 -0.273015745467516        1.70645812400546      -1.384860219280246E-002
 -0.953309661498889        2.17809946196178      -6.311912744164161E-002
 -0.443725726226811        1.44412251572238      -0.815230570587233     
 -0.830963174766225        2.34020185671286       0.383372554403217     
   1.53092685634043      -0.152236382002007      -0.244525204276588     
  -1.28044185446057        1.27300961294179      -4.271765248598863E-003
   1.28472651242709      -0.113918921617559       9.019904366515273E-002
  4.257089148476018E-002  0.273181101232447       4.675471888027831E-002
   2.46362248965063       -4.12140931403945        1.39199174450107     
  0.399994619858517        1.14449492530630      -0.194446854181831     
 -0.390348632956958        1.37280695391925      -2.043093065118503E-002
 -0.400796820940387        1.27548900551742       5.606817664942360E-002
  -1.34215302933908        1.64812139266937      -0.379365461895052     
 -0.197693220546091      -0.591983474308611       -2.39251397980888     
 -0.237257591680412      -0.745294338314490       0.526194828737501     
  0.791845265702819      -0.352449438140085      -2.808051854336512E-003
   1.28230621460664      -0.103414806042166      -5.196277328566969E-002
  0.371678113515731      -0.576909407848526      -0.983052934532106     
  -2.32903070775735       -1.36588868759600       -3.25388055681613     
  -1.70490049244922      -0.177983551390688      -0.379564954252300     
 -0.670005983951885        2.71414716515975      -2.657683621897902E-002
  0.630641315061792        1.46603336928688       0.158407263780321     
 -0.978298642494678        2.30282182780428        1.25879615969724     
  -2.10889269915701       -1.30570611863185        3.48242731580530     
   1.08558055446398       0.462237976460862       0.435366271929118     
  0.799384285918211      -0.270307830521114      -4.228933219510697E-003
 -0.269653589627918      -9.056786366231889E-002  6.685569865145813E-002
  0.808304530973545       0.856897037639132       0.413764649382935     
 -0.301994743947650       0.890341932941437      -0.559996904581367     
 -0.864827203792890        1.07707497647087      -0.230921860079413     
 -0.475721680683755        1.14235299468046      -2.140597491107646E-002
 -0.808876575549001        1.20262192957953      -4.020601903094546E-002
  -1.43142482775084       0.182421149138191       -1.16436578045920     
 -0.240368960895707        1.04694040069054       0.504677218670849     
   1.33696153905920       1.240595428519471E-002   1.00213610531451     
   1.24338993122484       0.357672452631601      -2.250924949830096E-003
  -1.17102722377719       0.459306984128372      -0.296191184809593     
   1.14277179489152       0.110772773727228       -1.78559928471324     
 -0.731386008859424        1.35236840415849        1.10640423025737     
 -0.555904958311259       0.790051525385452       0.963618094062314     
 -0.370953744606519        1.08190966019233      -2.769955800511878E-002
 -0.779953119290651        1.24598193279567       9.858765338519423E-002
  -1.30366530585272        1.81345035376617        1.60920969037936     
 -0.361012824807717       0.969319421659838       0.896338762974102     
 -0.502146818606195        1.68221124631287      -0.910737328225671     
  0.686635966496682       0.891074311100155       2.129404532122713E-003
  3.953631983611219E-003 -0.465576777913935        2.05149087280197     
  0.955493151194640        1.45402063916563       -1.20019929275459     
 -0.227856692767240       0.543569298177541       -1.47908663514245     
 -0.369162191763310       -1.02912240492941      -8.141009636191876E-003
  3.672115517114377E-002  0.209292062993706      -0.214369834049977     
  0.264464329513905        1.31913776382272       -2.98419579148401     
 -0.243831908296512        1.42401022134311       0.596257902208844     
 -0.207043161517985       0.530638833354209        1.68600817306156     
  0.723323594508486       0.506849467155904      -4.864595190908127E-003
  4.602818741770132E-002  0.608311883963327      -0.472301065437690     
   1.06408538088288       0.247676885562425       -3.25250532886334     
 -0.634855898858274      -6.398376691528548E-002  0.912376676386430     
 -0.929513287529638      -0.295161190420862        1.56103942499883     
 -0.481252495379972        1.32707643275052      -3.199816963101409E-002
 -0.840829651589765       0.131366721024679       0.346069190425077     
  -1.03409451182804       0.419407229182885        4.41505640682081     
  0.752042347133415       0.148651765750296        2.03256018765584     
 -0.814820109251918        1.63186593528073       -3.81898326791003     
  9.633068235385797E-002  0.356473143401020      -1.448654998962672E-003
  0.623669159629725      -0.432826096421850       0.630465136540540     
  -1.64721914467448       0.624765744196931        5.94687892323232     
  0.546960324997443       0.293692529368351        3.26700681761174     
   3.75394715365228      -4.895877680585176E-002  -4.01354135259829     
 -0.515464795177242        1.33240924417141       4.918431020443498E-002
  -1.41765841750411      -0.530464366433733      -0.791822147872558     
  -1.63871852101805       0.337842732655831       -7.99101980434680     
   2.12608618458910      -0.243193618078829       -1.27739807039289     
   3.12631055279830      -6.934560036875895E-002   5.34631578023693     
 -0.357011182449892        1.18197445131342      -9.957194375838452E-004
  0.760976781628408      -0.560845122061315      -5.979995450006736E-002
   1.83052008880831       0.434566469145332       -1.59053410005088     
 -0.590449860123121       -1.71453454851089       -1.72247139387222     
  -2.09449371122375      -0.404505145235592        1.20792940757247     
 -0.527637836996462        1.26727383055963      -6.285065140338998E-002
 -0.983572359717167        1.48135807555564       2.450385336230120E-002
 -0.393398136364590       -1.03134117651481        3.40924917773798     
 -0.682341914048085       -1.57575975617775        1.88273391406485     
 -0.517518686026276      -0.811914595583002       -2.63356275018472     
 -6.447443620536303E-002  0.160792104933635       5.987210815053553E-003
  0.924121832225228      -0.336715183141632       0.322144567433072     
  -1.16729931362931        1.31221612461112        2.20433051830869     
 -0.176487077538841       0.366331751496898        2.64203647699916     
   1.32895226627892      -0.395641687613578      -0.609333909585563     
  6.354031322645082E-002 -2.802912660282647E-002  1.597251127989937E-002
  0.752710685918468       0.273644635971643      -0.211395772556762     
 -0.489199675949622      -0.316806866778713       -4.03809584583370     
 -0.862864597080049      -0.106053103524724      -6.054925630622407E-002
   1.72319893309557       0.287143180069828        2.31206372802514     
  0.374799961267158      -0.487225188299183      -5.657026354746931E-003
 -5.619821307604134E-002  0.221613915447460       -1.14768031416256     
  4.867998595311746E-002  0.181225088487248       -2.61622946866898     
  -1.57149689162547       5.916679798748592E-002 -0.478110428147792     
 -0.900966155441028        1.11313282892360      -4.856445282133885E-002
 -0.391288547632348        1.05476611359167       0.187609811955209     
  -1.55596987531083      -0.442139739325924        3.58549551841959     
 -0.842036686281279       0.724014458819782        1.50999198827640     
  0.313933025747242      -0.344893292916496       -1.65625497908309     
  0.747932325988402      -0.138858532100891       1.403730035253144E-003
  0.873698651358525      -0.506408275851176       0.267388069693648     
 -0.638024408020071      -0.294671614506223        2.38406994641916     
  0.343505749970419      -0.309738625412212       0.960033843893730     
   1.84001872584407       4.880987632463343E-002  0.509330907315600     
 -0.440486290415491      -0.121500274876113       3.632156258882042E-002
 -9.405908363804608E-002 -0.204367320839473      -0.374418262199589     
  0.469436043791825       0.303753136024976       -5.56346936964685     
 -5.837044723303320E-002 -0.405436645328423       0.605876872062010     
  0.604972480160973       0.190556012682715        2.03305443034549     
  0.682554813314200      -0.508189627407715      -4.137028961007801E-003
  0.717814780892950       0.155981801489972       -3.63019157743336     
  0.422318183760053      -0.427020993235240       -3.43474513868289     
  -3.37421447182389      -9.964120678828219E-002  0.879795887025752     
 -0.530402027404092        1.18560397890840      -8.750952098202490E-002
  -1.37756972490143       0.873969052451853       0.760596604223133     
  -1.20699643300952      -6.389214232732258E-002   7.23625431197490     
  -1.82549358793184      -0.520954610170320       -1.06790671314563     
 -0.763490869980940       0.433044573407499       -3.64070021716503     
  0.402918291466571       0.668459194086612      -3.698908303634364E-003
  0.168344013748253       0.108312222399777       0.845726827482941     
  -2.50826135732904      -0.276709885395412        7.86824914567816     
  0.229535098393833      -0.377177614721749        3.23549001443310     
   4.88628189872153       0.212811651422619       -3.65978227388496     
 -0.215485525789765       0.102990419385251       2.829507544328946E-002
 -0.625646145168877       8.213479401097609E-002  -1.09676528349479     
  -1.88497529164417       0.182263873515839       -11.0447159876814     
   1.53333527157178      -0.381349046742757      -5.915399665781217E-002
   4.03016517300958      -0.307600593702503        5.97984605827184     
  0.680208757883981       6.157389008219291E-002 -9.418489741160628E-003
  0.476462355228739       4.587521310670273E-003 -7.073567371656150E-002
  0.323193369821635       5.680734444836504E-003  -3.26159313522783     
 -3.882584875512958E-008  5.645197182972270E-003  -2.81330207423791     
 -0.323193358562548       5.683933592636417E-003   1.95413141230479     
 -0.476408866519794       2.431951170604325E-003 -6.368357864467748E-002
 -0.476407956881121      -7.705316018908474E-003  0.353163581720000     
 -0.323193361697917      -8.453172613285553E-003   5.87073899146175     
 -1.421057588367040E-006 -8.684055285756347E-003 -0.368033444986018     
  0.323193367611028      -8.455059011738987E-003  -3.66310245498139     
  0.476467285197014      -8.715370537699267E-003  5.960635863618874E-003
