   2.39941657634617       0.762439690069064      -0.101115865443728     
   1.12372520627618       0.228245385905220      -0.822425292909746     
 -0.277759557118262       0.693955497947436      -0.374189764316121     
 -0.221358823362976       0.633803358333809       0.344378765388690     
  -1.06127420181086       0.367555309929479      -3.998655567169977E-003
   1.47787652039373       0.110048657921835       9.707485014141841E-002
   1.11610331235720       0.223559308276610       0.840427834744423     
   1.01880890780077       0.997776407811188       0.385457385714635     
  -1.07025437305409       0.805523910370343      -0.329884515657628     
   1.23921396578880      -0.467419626459248       6.640192392225260E-004
   1.22350345053826      -0.435955157947032      -7.117926623101142E-003
   1.61048725647182      -0.472376678805553       0.122506124623142     
  0.758907814829167       0.702221330400242      -2.291466567351151E-002
 -9.852337974518902E-003  0.262037963015653      -0.147703601956453     
  0.932925582461468       0.414757553946622       1.592682988006959E-003
  -1.48839252187696       0.623542297846844       9.114093548512550E-003
 -0.566071382806991       0.778125231490192      -0.124142644512732     
  0.644306471222641       0.833175037603125      -3.772363553655882E-003
   1.14605345511508      -0.452423250483479       0.148635394277348     
   1.72110568235046      -0.456253640641852      -1.816072649442902E-004
   1.08722264851610      -0.413569469068416      -4.289416849734294E-002
  0.673538228240307       0.496391487261626      -0.682298150675014     
  -1.68735565843300       8.733428467876314E-002 -0.848040330949241     
   1.33927715653133       0.285738972233823       0.303710840409858     
  0.175280381671074       0.649343223629379      -5.385596357565629E-003
  0.226845136640427       0.671955006043766       7.829552347497787E-002
   1.35303147257056      -0.568322898686170       0.717134390976411     
  -1.79289507868174       0.215389400694315       0.425657567152888     
   1.01320520189118       0.397369771124402      -0.232665524805369     
   1.45981440676515      -0.484447763210508       2.331962376989946E-003
   1.03122634925806      -0.335672685484107      -9.709411349308690E-002
   1.37748710258767      -0.455006284406728      -0.420037954681102     
   1.45972140317795       0.967646709073789       0.462405013555629     
  -1.56263021017055      -0.153346629814969       0.246118605995517     
 -0.488339008936372       0.722356296155905       3.348105446584251E-003
  0.866788819111750       0.562453573451039      -2.948834261334844E-002
 -0.633971954238314       0.750859820957365       0.159423228603229     
  0.824379992987557       0.211117321385439       0.253959836066454     
  0.900354590060577       0.451065932399373      -4.732005463124023E-002
  0.824497095148789       0.518388626977286      -7.958969424241831E-002
   1.02762523295573      -0.232326497605917      -1.920329399189159E-002
   1.06901048191646      -0.222214419829073      -0.807157513870964     
   1.26814549660730      -0.438559381059729       -1.17059089801001     
  0.537564816794917       0.487481181516080       0.138680809963404     
  0.165891175329838       0.788470961616994      -6.404776089252102E-003
 -9.222426242905554E-002   1.38091353625995       0.101993310967582     
   1.12209863112165       0.449980637964068       0.615615623551617     
  -1.73617764436671      -6.676056864047117E-002  0.194136009619215     
  -1.66059498644811      -0.103795450933493       0.278436526353979     
  0.764168747582988       0.720454921561015       1.935524490193827E-003
   1.48854110952767      -0.417050482154066      -4.866020680091607E-002
  0.629287391075704        1.21770962342024      -0.105022271898516     
 -0.902869933232380       0.541760835820579       0.307035466455917     
  0.632027715136090      -0.642783750154433      -4.438331324921431E-003
   1.02872918168928       0.918963900871029       7.290671353185216E-002
   1.11291400794459       0.136886558029250       0.379281909873352     
  0.449884173159438        1.18983361346294       0.125917125280527     
   1.04843454304314       0.284282722814589      -0.591098772031691     
  0.652758180244046       1.696008518163704E-002 -2.936566780761302E-005
  0.841699322710969       0.468096432856569      -5.746540247472543E-002
   1.13737661497448       0.178219507445102      -0.580762261307634     
  0.175021440368730       0.702470136501385      -0.174783705283233     
  -1.34534975645959      -0.270287312271473      -0.242922682173587     
  0.490430275333263       0.190159706711808      -9.363547103277298E-003
  0.753673701420502       0.595085930096052       9.289862270510575E-003
  -1.08135109609930       0.751209452618587       0.417780812573271     
 -0.477463962516374       0.894906110624799       0.503700142666753     
  -1.21456954288051       0.584462129382830       0.487098117114293     
  0.717878597905300       0.771802397516731       2.175518030053149E-003
   1.37140256192633      -0.572774091070149       0.120525988342794     
   1.48340810654537       0.947455153664892      -0.894692731803989     
  0.982542398916681       0.101126068009401       0.457934760255286     
  0.179495390979702       0.771043515392079      -6.989702836230400E-004
  0.582103985186255       0.631060184557038       0.144361755076373     
 -0.697981867877665        1.67316332586050       0.459610186966378     
  -1.51127738913416      -0.131705600634336      -0.355599564335027     
 -0.309341171070857        1.04603623335127      -0.822615191205587     
  0.649126191017111       0.794705719908498      -3.591433177995619E-004
  0.654711513222475        1.16984282544674      -4.714099061165442E-002
  0.793638679466243       0.988041717101160       -1.05533774482140     
  0.822249187189925       0.828507755259343      -0.658096593632964     
 -0.483589324690869        1.07112178380973      -5.759669416177592E-002
  0.797496676326498      -0.276149712455826      -1.793915351292807E-002
  0.874717286659803      -0.347137967247274       0.128429305801281     
  -1.21790753213610       0.433095182204573       0.687089608252444     
   1.10919695157308      -0.258379572448012       0.182392137809212     
  0.381242736640033      -0.604290181413674       0.391095667616334     
   1.35598677775430        1.25887345082933       1.476970256553176E-003
  0.674186142215158       0.808116649350961       3.937724863105808E-002
  0.422168924684959        1.37864307325084        1.87537347088737     
 -0.906725765719648       0.463241572424947      -0.221426551564394     
  0.428369083889607        1.28656029933073       -1.01140973873914     
 -0.168274431407793        1.10885790232049      -1.137692864848381E-002
  -1.74357498910865       2.455963879939786E-002 -0.240211217966672     
  0.175550935243960      -0.786192422516723       -1.06766328278000     
   1.39393927048002        1.07047423173177        1.82630909340705     
   1.29369550256753      -0.121679990567600       0.281847884297642     
  0.676900067716179       0.946030613060514       7.138556852118644E-004
  0.351654706961181       0.378353619942145      -0.120372970832519     
  -1.18218688466812       0.534087316382327      -0.354350089009015     
 -0.855969929420515      -2.438112950760349E-002   2.72147058567463     
   1.42698540289946      -4.211636907200027E-002  -1.01309589113828     
 -0.426683061893102       6.940774172427552E-002  2.161641276026689E-003
  -1.55620613826780       0.133151141523617      -0.433048851138692     
  0.523962158654414      -0.873788360885727      -0.538036993035730     
   2.04922472293521      -0.245675321737356        1.75165968314661     
  0.308366736096427       0.977575633827729        1.87749535609673     
  0.800266235213064      -0.834413291654505       7.097821365092703E-003
  0.726027770124608       0.591933194520638      -1.173667029479791E-002
   3.02692876273136        1.67988528823182      -0.390605161696906     
 -0.108111292916519      -0.462207846388850       -3.58360136644097     
  -1.01213909742059      -0.733135349998535        1.89731210193358     
   1.10224599696346      -0.493725326213596       2.799845655205237E-004
  0.700835677684249      -7.767035379111287E-002  3.827576633325102E-002
  0.657930557797688       0.271604230255580        1.97778504491821     
  -1.21016220275478      -0.792349382725553       -1.14686602752673     
   1.21721207646500       0.839742804704267       -2.55556421818819     
  0.759840705154237        1.72035735813596       1.873001750702176E-003
  -1.44414014270914       0.435295243893918      -0.406224028400839     
  0.310390328622594        1.28383777295381       -2.40570442423362     
  -1.11184170761552      -0.230168917328416        1.96777813959511     
 -0.876051456953502       0.809909567331444      -0.615133848502161     
  -1.52669692227927       0.151995112950511      -6.216550114596788E-003
 -0.957785297661040       0.679339730421132      -0.135214724657560     
 -0.987172802278167       0.622222651880396       0.104283572236283     
  -1.90977002171017        1.18804190790060        3.61726150092351     
  -1.39252927592499       0.213866010531203        2.17562296131360     
  0.645705780073135       0.935543302073743      -1.598685925025574E-003
   3.65746829962215      -0.819167124492215       0.906489331549847     
   2.08582963942343       0.284508660406864        3.68286193328632     
   1.90267484861759       0.768168292903207       -5.35403104214083     
   7.35230867213358      -0.418016633241760       -11.2233524746089     
 -0.369791428239086       -1.48659095128015      -4.274688172673918E-002
  0.216638472981188       -1.52095847656758       0.383455644517154     
   2.17778194837117      -0.293972558355009       -1.00818321672217     
  -1.56226063377965        1.27048145222802       -6.70703100231049     
  0.490273722612631        1.09445107640817      -0.236956385916552     
   2.01320161443404        1.29722575550515      -5.300684374434475E-003
  -7.35132277439867       0.857760963750588        13.7393283872965     
  -6.42450810542023       0.343972618538971        7.68467356291863     
 -0.402503494898783      -0.188589330457959       8.007325380406177E-002
 -0.303179990125020      -0.719576751263094       0.122196714158013     
   3.96175433136050      -0.211211710949653        11.1893932858862     
   7.60468795980761      -0.169968085176362        14.5130227244873     
  -6.18335445428149       0.858842679460859       -11.4904970093149     
  0.828747576170511      -0.193816620596790       3.692459707129850E-002
  -1.52271062308526      -0.478366806085619        3.79976909162064     
   2.54021496468114       0.217666989846355       -5.09929884186164     
   1.29038623063166       9.358280209855532E-002 -0.789088469286378     
  8.946103542386502E-002  0.191586948113585       0.143785069346820     
 -8.998364446320950E-002 -7.178934039416442E-002  0.256453061596234     
 -0.621473245723174       0.409833551098121       -2.99930073126100     
  -2.44956364010750      -0.294377942159166       -4.59507119340280     
   2.41754283451269       0.306987923769696        4.11432804989775     
  0.684767402892334      -0.107606225144779      -8.716518956806883E-003
  0.586377875056547      -2.081328697311077E-002 -9.154444134779209E-002
   1.01612985440411       2.404860136397257E-002  -1.61114203934200     
  -1.29702683041514      -5.471439814410192E-002   1.95641147546800     
  -1.00457107015495       0.174334530877550      -0.572709108749060     
 -0.953436638543304       0.409433101903019      -7.077823584918162E-002
 -0.963142776649214       0.289157214300281      -3.397836424476441E-002
 -0.817991893215519       0.244469411556885        2.04939918218744     
   1.23096500747029      -0.256410794542409        2.13775455767771     
 -0.198117059614133       0.157934609512529       -1.54717518826371     
  0.527756600729991       6.915732350495578E-003  3.584239533603277E-003
  0.581507237448969       1.963460433828894E-002  1.054571743106420E-002
 -0.264868218024688       0.256160686896466       0.857878931191941     
  0.255324003699814       0.481629980810615      -0.178258538717625     
  0.552006409331561      -0.173904390278200       0.401707148945864     
 -0.563149815010700       0.224845775723621       3.726756035501156E-002
 -0.909052305477850       0.455652239497830      -0.155584136144595     
 -0.149996161620452      -5.634698455644639E-002  -1.90929819838295     
  0.204230274313312      -9.929947634974613E-002  0.275426320086273     
  0.832858759296186       4.067282804136355E-002   1.17374650096292     
  0.538020080396413       5.644827766516675E-003 -7.860776193664068E-004
  0.500041169386786      -5.992808790229995E-002 -5.138144303023968E-002
  0.450128710907377      -2.651570336161988E-002 -0.252724124781409     
 -0.345367174844442      -3.040362633688293E-002  0.725890544914889     
  0.476463659086035       4.668995919152956E-003  6.420860103156423E-004
 -0.433883298333876       0.143925153001606      -2.345794398997743E-002
 -0.487165620371481       0.131798365315214      -0.111229687090525     
 -0.235222968573759       9.705420678904181E-002  0.768169915531772     
  0.403938209090395      -5.416023745474599E-002  0.833873264124047     
  0.223370301952527      -4.072830126642272E-002 -0.155434390929336     
  0.466083028285429      -7.341681499472301E-002  2.469153929444958E-003
  0.323193368204467       4.150012942609626E-003 -0.153145727965759     
 -8.925557233312214E-011  5.724777544246151E-003 -0.666311393905041     
 -0.323086181035743       6.590132819935838E-003 -0.149575140819675     
 -0.476407417494254       4.300447454672516E-003 -1.752307012257465E-002
 -0.476407829390166      -7.719721204101416E-003  3.871132352928438E-002
 -0.323300107346653      -6.928100443629110E-003  0.312553534078778     
  4.267147707923125E-008 -7.380764380374343E-003  0.242284476242304     
  0.323193366544656      -8.455059276118549E-003  0.157922334917243     
  0.476474837129855      -7.478553634095320E-003 -6.892625423092166E-004
