  0.897656598304088       0.837192184143092      -0.101115865443728     
  0.973524134263153      -0.226632818487455      -0.822425292909746     
  5.886158395714421E-002  0.832600948843482      -0.374189764316121     
  9.283065644495202E-002  0.844142047225955       0.344378765388690     
  -1.04756502304160      -4.378490002229585E-002 -3.998655567169977E-003
   1.30217587273639       0.221874271959244       9.707485014141841E-002
   1.22981286345017       0.203588109981391       0.840427834744423     
  0.563011566663449       0.819657883890655       0.385457385714635     
 -0.467239143604223       0.782801417425680      -0.329884515657628     
   1.13670356982624      -0.446222784450853       6.640192392225260E-004
   1.20083772382936      -0.382727511139505      -7.117926623101142E-003
   1.47342712588986      -0.227047814568038       0.122506124623142     
  0.886203307846022       0.465960945819064      -2.291466567351151E-002
  0.233214358241892      -0.332237912811136      -0.147703601956453     
  0.977716402284871       0.292906378359692       1.592682988006959E-003
  -1.03030327459722       0.633739673769374       9.114093548512550E-003
 -0.338272475189305       0.717559622604883      -0.124142644512732     
  0.838362709207418       0.524740129167130      -3.772363553655882E-003
   1.12561021406862      -0.392348877755873       0.148635394277348     
   1.55127191889329      -0.258196075483200      -1.816072649442902E-004
   1.13919751684521      -0.339988178970833      -4.289416849734294E-002
  0.962277840844647      -1.793729430240594E-002 -0.682298150675014     
 -0.773887758401697       0.471294488064567      -0.848040330949241     
   1.25059187299220       0.415304784060877       0.303710840409858     
  0.234795138538882       0.986298796715826      -5.385596357565629E-003
  0.255503733541054       0.994979024123121       7.829552347497787E-002
   1.16318611484383       0.113767507618153       0.717134390976411     
 -0.960621382812369       0.310056265905969       0.425657567152888     
  0.962088505024549       0.364367483730456      -0.232665524805369     
   1.33225376908941      -0.161055639121023       2.331962376989946E-003
  0.989634302324968      -0.393174646436381      -9.709411349308690E-002
   1.27492926967127      -0.285621861090097      -0.420037954681102     
  0.645995158225698        1.08987745318267       0.462405013555629     
  -1.00784240289454       0.221343465065975       0.246118605995517     
 -0.312146298791278       0.749393317824654       3.348105446584251E-003
  0.892777108917137       0.347282299855439      -2.948834261334844E-002
 -0.361486969528201       0.728480908896615       0.159423228603229     
   1.07416281596337      -6.896262380123716E-002  0.253959836066454     
  0.926289691638378       0.260979457443776      -4.732005463124023E-002
  0.887362585039317       6.738802896113848E-002 -7.958969424241831E-002
   1.23494998782214      -0.110257391542459      -1.920329399189159E-002
   1.18622767053819      -1.517031832128617E-002 -0.807157513870964     
   1.15487884823496       0.219177096749423       -1.17059089801001     
  0.449548715917086       0.238403860110994       0.138680809963404     
  0.344345475978378       0.934948628987035      -6.404776089252102E-003
 -0.213672459614976        1.11186666639034       0.101993310967582     
  0.646636665396329       0.802158016288376       0.615615623551617     
 -0.881444417270633       0.301231940956238       0.194136009619215     
 -0.679478832325271       0.491970338309595       0.278436526353979     
  0.879213583641551       0.476656665302313       1.935524490193827E-003
   1.31172663945313      -0.168392949100197      -4.866020680091607E-002
  0.501406784995757        1.02374440873249      -0.105022271898516     
 -0.982468656332191      -0.135758142519791       0.307035466455917     
 -8.409715585527600E-002 -0.542117205488254      -4.438331324921431E-003
  0.813995668740013       0.640673202795640       7.290671353185216E-002
   1.13400719652123       0.561494602950362       0.379281909873352     
  0.468307276383651        1.05696940328195       0.125917125280527     
  0.975201182256122       9.422289050533547E-002 -0.591098772031691     
  0.776033935016928       4.168924402786850E-002 -2.936566780761302E-005
  0.857755727286862       0.160119126164636      -5.746540247472543E-002
   1.07990945249676       0.543363844738731      -0.580762261307634     
  0.180239440630172        1.01468956014626      -0.174783705283233     
 -0.893627172635648       0.203458751613262      -0.242922682173587     
  0.145538620054709      -0.385084803849253      -9.363547103277298E-003
  0.826158603184378       0.135685742519434       9.289862270510575E-003
 -0.565581108462889       0.591910371621768       0.417780812573271     
 -0.239501038100487       0.770514220537093       0.503700142666753     
 -0.586041299096797       0.650849637766382       0.487098117114293     
  0.875459170206259       0.461533279915542       2.175518030053149E-003
   1.34089796694562      -0.350385447936132       0.120525988342794     
  0.689869528568941       0.998369724985451      -0.894692731803989     
  0.663872917049404      -0.161813154138361       0.457934760255286     
  0.354467582607821       0.890864657969691      -6.989702836230400E-004
  0.647652511977815       0.281913876532834       0.144361755076373     
 -0.955150026350356        1.74163769874314       0.459610186966378     
 -0.973974866965363       0.262143245177507      -0.355599564335027     
 -0.228976736902562        1.01721486609797      -0.822615191205587     
  0.838098820443901       0.512189345706255      -3.591433177995619E-004
  0.563669725838511       0.965490443245886      -4.714099061165442E-002
  0.654706779898089       0.616956448753494       -1.05533774482140     
  0.889962260548593       0.663021935551914      -0.658096593632964     
 -0.206082925488690       0.753436379568041      -5.759669416177592E-002
  6.646239417874444E-002 -0.461026351501529      -1.793915351292807E-002
  0.563501125988536      -0.441718420138182       0.128429305801281     
 -0.939022443013508       0.150690153766326       0.687089608252444     
   1.18278864264952      -0.128911497669157       0.182392137809212     
  0.422964398718604      -9.637529927430716E-002  0.391095667616334     
  0.795175060837752       0.821587032143318       1.476970256553176E-003
  0.858447581317521       0.497291941248042       3.937724863105808E-002
 -0.142101751204907       0.964965341444638        1.87537347088737     
 -0.916415218962155      -0.208777179860034      -0.221426551564394     
  2.094711221726547E-002   1.04879877855570       -1.01140973873914     
 -0.219516060791461       0.763004729132757      -1.137692864848381E-002
 -0.865729752410503       0.362694206392158      -0.240211217966672     
 -0.533027158909173      -0.492886360634083       -1.06766328278000     
  0.672771413251611       0.816334179035421        1.82630909340705     
   1.61913130954384       0.326623519539770       0.281847884297642     
  0.829092417989294       0.577583323928426       7.138556852118644E-004
  0.196100693667176      -0.256786691466587      -0.120372970832519     
 -0.979372460646458       6.451061634766841E-002 -0.354350089009015     
  -1.33951033741973      -0.412826829009930        2.72147058567463     
   1.54008849247222       0.331333718616432       -1.01309589113828     
 -0.869240023968097      -0.625466817052188       2.161641276026689E-003
  -1.04045763301052       0.383557991810519      -0.433048851138692     
  0.197164119149425      -0.788238870415277      -0.538036993035730     
   1.69319053100167       9.823798509252654E-002   1.75165968314661     
  0.320782858369235       0.771544971542957        1.87749535609673     
  0.513238032850011      -0.753107151851507       7.097821365092703E-003
  0.928225567005749      -4.188448063220676E-002 -1.173667029479791E-002
   2.27475530152478       0.459877823041781      -0.390605161696906     
 -0.521050633206163      -0.641701928792427       -3.58360136644097     
  -1.40975280898468      -0.278907704163081        1.89731210193358     
   1.03341941622154      -0.420390364365982       2.799845655205237E-004
  0.774311735858673      -8.205531952592611E-002   1.97778504491821     
  -1.56740147662042      -0.163153243849700       -1.14686602752673     
  0.666764577735125       0.728578923705761       -2.55556421818819     
  0.215427195279764       6.949811999992384E-002  1.873001750702176E-003
 -0.897625313106247       0.594467000944955      -0.406224028400839     
  3.841798543220648E-002   1.00785623409545       -2.40570442423362     
  -1.19576045609947      -0.101553672884577        1.96777813959511     
 -0.582302859711107       0.806072919878111      -0.615133848502161     
 -0.939525064823091       0.457326172344632      -6.216550114596788E-003
 -0.572556091843942       0.520923761748747      -0.135214724657560     
 -0.907992364286635      -3.019786892173418E-002  0.104283572236283     
  -1.32042609505138       0.778505058243816        3.61726150092351     
 -0.390243397517690       0.249991443922850        2.17562296131360     
  0.760574053408167       0.645000856553691      -1.598685925025574E-003
   3.17180319945375      -0.343513023795788       0.906489331549847     
   2.25785848217919       0.468526601710369        3.68286193328632     
   1.96706942485821        1.05339680006931       -5.35403104214083     
  0.323193121819183       5.095372396135293E-003  -11.2233524746089     
 -0.677983094083989       -1.55073614794029      -4.274688172673918E-002
 -1.724334844997322E-002  -1.53263014870317       0.383455644517154     
   1.60099641836770      -1.179615712038440E-002  -1.00818321672217     
  -1.26550131637089        1.03194337856105       -6.70703100231049     
  0.270011185793396       0.407266221109707      -0.236956385916552     
   1.58493402252075        1.23888515427724      -5.300684374434475E-003
  1.407439976403676E-013  5.680739130712466E-003   13.7393283872965     
 -0.323034070481211       6.584520957398007E-003   7.68467356291863     
 -0.476408221065335       4.936832960779675E-003  8.007325380406177E-002
 -0.476407855236327      -6.415479835920077E-003  0.122196714158013     
 -0.323088364363013      -7.440170176448370E-003   11.1893932858862     
  5.416177664655137E-014 -8.455010193082835E-003   14.5130227244873     
  0.323503679499204      -7.438322599279270E-003  -11.4904970093149     
  0.476472812945130      -8.906375219962704E-003  3.692459707129850E-002
