   1.91064777978692      -0.202705572671613      -0.101115865443728     
 -0.202763965421761        4.13603341050826      -0.822425292909746     
  -2.11732192627964       0.709713789321476      -0.374189764316121     
  -2.23919186758313      -0.610664052268205       0.344378765388690     
  -1.47132186017339        1.63767258282126      -3.998655567169977E-003
   3.11478574795694       -1.33861642190756       9.707485014141841E-002
 -0.195770127428487        4.09482173914234       0.840427834744423     
   2.01148669041830      -2.054429089948862E-002  0.385457385714635     
 -0.712105368326282      -0.758581471408204      -0.329884515657628     
   2.19139446651939       -1.22195374946212       6.640192392225260E-004
  -1.24070312910095        1.81701345230836      -7.117926623101142E-003
   3.27491091228603       -1.63869111861432       0.122506124623142     
   1.17836635598649       0.508888953742892      -2.291466567351151E-002
 -0.376343458011577        1.16715686360692      -0.147703601956453     
  -1.32651898774773        1.87633351696348       1.592682988006959E-003
  -1.40769562393023        1.69766075906688       9.114093548512550E-003
  -1.17324214558981       0.249582057768710      -0.124142644512732     
   1.55027934288750       0.346228534140922      -3.772363553655882E-003
   3.39775259566977       -1.14754588671773       0.148635394277348     
   3.35322957288884       -1.31883030828055      -1.816072649442902E-004
   2.18056266779036       -1.27052166792659      -4.289416849734294E-002
 -0.296127922620603        1.53028476036128      -0.682298150675014     
  0.763381423693545      -0.391421112981455      -0.848040330949241     
  0.280764857198473      -9.477321523438414E-002  0.303710840409858     
 -0.360461045615690        1.42099932023096      -5.385596357565629E-003
 -0.859964470344707        1.56676019901120       7.829552347497787E-002
   1.85565719953889      -0.598790270986953       0.717134390976411     
  0.903500132911049      -0.504226224966713       0.425657567152888     
  -1.32332463276919        1.79859219314801      -0.232665524805369     
   1.68128059486314      -0.816926582974011       2.331962376989946E-003
   3.18797615290815       -1.77809150515790      -9.709411349308690E-002
   1.90327804485813      -0.765400921018315      -0.420037954681102     
   2.62434878200793       -1.00013603374247       0.462405013555629     
  0.624747582932230      -7.682266915821240E-002  0.246118605995517     
 -0.505673502151887       0.821932007078745       3.348105446584251E-003
  0.858084900221681       0.105636283099074      -2.948834261334844E-002
  -1.49632645282523        1.58980615860878       0.159423228603229     
  -1.27796125036944        2.24292073507816       0.253959836066454     
  0.745560683960174      -0.917335238758502      -4.732005463124023E-002
 -0.561153118154914       -1.75304750239927      -7.958969424241831E-002
  0.212034221268029      -0.397688847102194      -1.920329399189159E-002
  0.970568501766245      -7.118747051527226E-002 -0.807157513870964     
   3.61717529887376      -0.610590891346152       -1.17059089801001     
   1.24714123126109       0.461953861378979       0.138680809963404     
   1.01400202496448       0.211671213898791      -6.404776089252102E-003
  0.957534493763825       0.800722518159090       0.101993310967582     
 -0.523316191671477        1.39962392601058       0.615615623551617     
  0.422045402942763       -1.73966425194379       0.194136009619215     
  -1.08382310547286        2.13164185584736       0.278436526353979     
   1.18877556119593       0.479980260843938       1.935524490193827E-003
   2.13042294849107       -1.12193131803585      -4.866020680091607E-002
   2.31274625460183       0.601223000443857      -0.105022271898516     
  -2.43859465800474       0.146047314733063       0.307035466455917     
   2.84753070082989       -1.51163726612621      -4.438331324921431E-003
   1.93253453437435      -0.157740561342640       7.290671353185216E-002
  -1.44976629801801        1.53285044253896       0.379281909873352     
   1.33237569170322        1.05899988674093       0.125917125280527     
  0.976860340959788       0.352837877629140      -0.591098772031691     
   1.10552204668419      -0.212635549722949      -2.936566780761302E-005
 -0.754345680068708        2.10198706652478      -5.746540247472543E-002
 -0.469333671780267        1.41771012165786      -0.580762261307634     
 -6.380729290322310E-002   1.37798014580420      -0.174783705283233     
 -0.957540458518926        1.33979730205382      -0.242922682173587     
   1.56576210783547      -6.840882042377935E-002 -9.363547103277298E-003
  0.757387167507267       8.885118046024221E-002  9.289862270510575E-003
  -1.15558297402945      -0.739090903087548       0.417780812573271     
  -2.24633310293373      -0.463264476831916       0.503700142666753     
  -1.10057543421529       0.359721374668007       0.487098117114293     
   2.31032874556767       0.224460635437907       2.175518030053149E-003
   2.20314909954092       -1.37319215550381       0.120525988342794     
   2.20962378169178      -9.656391195296515E-002 -0.894692731803989     
  0.236007191282345        1.10528370214798       0.457934760255286     
  0.796915782424509       8.242255562391515E-002 -6.989702836230400E-004
  0.664993049700318       3.635404341086712E-002  0.144361755076373     
   1.43559602438239        1.76678598088007       0.459610186966378     
  0.607329233099400      -2.859426539513468E-002 -0.355599564335027     
   1.11885360360650        1.00911851191610      -0.822615191205587     
   1.16175641087581       0.770158808909484      -3.591433177995619E-004
   2.16955518080460       8.600770755382442E-002 -4.714099061165442E-002
   2.34063991792046       0.925828489340617       -1.05533774482140     
  0.291400404195984        1.90369760601193      -0.658096593632964     
  0.200214640766538        1.75164678579524      -5.759669416177592E-002
  0.958147060703344        1.61351649617419      -1.793915351292807E-002
 -0.263939786751674        1.01485725212848       0.128429305801281     
 -0.482586011848615        1.52521104569374       0.687089608252444     
   1.83539005409102      -0.958597797713153       0.182392137809212     
   1.63952965638206      -0.130798534971921       0.391095667616334     
   2.69429006487041       -1.05952866068566       1.476970256553176E-003
   2.27365042469166       0.656164895673829       3.937724863105808E-002
   2.23908450389550       0.396838906276707        1.87537347088737     
  -1.85747724593614      -0.519921052745791      -0.221426551564394     
   1.40471302610580       0.459125822477920       -1.01140973873914     
 -0.419501398872838        1.56191609186615      -1.137692864848381E-002
  0.950911181893524       1.722144391041591E-002 -0.240211217966672     
  0.167785596771741       0.932591194263162       -1.06766328278000     
   2.70799795060797       -1.96921882987736        1.82630909340705     
  -1.06701169841145        1.06651887369154      -0.272274709394550     
   2.28059860464203       0.194158528456484       7.138556852118644E-004
 -9.690356294258079E-002 -0.767610389621809      -0.120372970832519     
  -1.37153413075859       0.335069479247393      -0.354350089009015     
 -0.944712299331008      -0.627999974299587        2.72147058567463     
  -1.59507104168494        1.05189447109469       -1.01309589113828     
  -2.78295723169366       0.440818152830809       2.161641276026689E-003
  0.135692408184051      -0.161751396253142      -0.433048851138692     
   1.68585682423266      -0.418719617810158      -0.538036993035730     
   3.48156350529973      -0.528412165441329        1.75165968314661     
   1.15354066255868        2.22463561130610        1.87749535609673     
   1.63283285361044      -0.851980020092594       7.097821365092703E-003
  0.749704862737253       8.644899308226836E-002 -1.173667029479791E-002
   3.28016441682166       0.857924643750351      -0.390605161696906     
 -0.968096377646167        1.93544741553672       -3.58360136644097     
   1.09137304356229        1.34415840338586        1.89731210193358     
   2.20015779213767       -1.44661864881869       2.799845655205237E-004
 -0.135075184839060       0.969593761700749       3.827576633325102E-002
   1.36655224116913      -0.449732138587598        1.97778504491821     
 -0.869709460795864        2.90170993656294       -1.14686602752673     
   2.40664361183757      -0.953422426582677       -2.55556421818819     
   1.88285359024083        1.13200466928029       1.873001750702176E-003
  0.309870670243808       -1.66115156855158      -0.406224028400839     
   1.36792224354527        2.14267764039978       -2.40570442423362     
  -1.44003821235782        2.24399977867793        1.96777813959511     
  -1.06208570513739      -0.761054095340110      -0.615133848502161     
  0.217702343993003      -0.805923190605353      -6.216550114596788E-003
  -1.97580661898600       0.605323384924373      -0.135214724657560     
  -1.38295999461667       0.512336078887393       0.104283572236283     
  0.706765592607180        1.64546639408316        3.61726150092351     
  5.519842978920034E-002  -1.13397417500004        2.17562296131360     
   1.52517659371119       0.366110706438019      -1.598685925025574E-003
   4.61339580536933       0.347393011561750       0.906489331549847     
   1.41774134077392       0.799786430978381        3.68286193328632     
   2.42122224522914       -1.65483987727047       -5.35403104214083     
   9.72683021518393        3.33830380345038       -11.2233524746089     
   1.15929988342486      -0.780095336804296      -4.274688172673918E-002
   1.44448645516750       -1.08053277739944       0.383455644517154     
 -0.417619471485481        1.57272805681902       -1.00818321672217     
 -0.414667260723855        2.35224701430534       -6.70703100231049     
  0.959699835248817       0.487206534921193      -0.236956385916552     
   2.52808792540262      -0.675328860363569      -5.300684374434475E-003
  -6.63727019431936       0.802067890020531        13.7393283872965     
  -5.58790793849863        3.74729755950135        7.68467356291863     
  0.598294491676106        1.92757901147293       8.007325380406177E-002
  -1.03802489332513        2.55761875968073       0.122196714158013     
   5.08463451597290      -0.216420607584840        11.1893932858862     
   9.69566311682721        2.86612656723897        14.5130227244873     
  -5.84296326428323        3.34083346571074       -11.4904970093149     
  0.393858056822902      -0.275957605940353       3.692459707129850E-002
  -1.19789493714202        1.15445198799976        3.79976909162064     
   5.53281588683780        1.39574807983853       -5.09929884186164     
   1.53244606677082       0.282380212345221      -0.789088469286378     
  0.649891904750375      -0.217005658235248       0.143785069346820     
   1.04221302882818      -0.402974038438569       0.256453061596234     
  -2.32336322486635       0.528723064841279       -2.99930073126100     
 -0.440607545150118       -1.27570338545961       -4.59507119340280     
   5.51684214734337        1.57212723086799        4.11432804989775     
  0.364621528693197       0.446155799306784      -8.716518956806883E-003
 -0.405399613318563        1.45361950777725      -9.154444134779209E-002
   1.25198794129334      -0.374277976530812       -1.61114203934200     
  0.462170024759627      -0.544844212336900        1.95641147546800     
  0.329824069212011      -0.370108245938469      -0.572709108749060     
  -1.26207883714567       0.378153438785789      -7.077823584918162E-002
  0.727786141308285      -0.639655122385047      -3.397836424476441E-002
  -1.47721852113039        1.15090603249790        2.04939918218744     
   2.98599081593648       -1.64217053595948        2.13775455767771     
   1.15200001985404        1.59720284601319       -1.54717518826371     
   3.15848835015115       -1.32857256721761       3.584239533603277E-003
 -0.665535434846582        1.88970629190452       1.054571743106420E-002
 -0.994881380768028        2.45548555463569       0.857878931191941     
  -2.03156075975046      -0.717640334062014      -0.178258538717625     
   1.75466561206073      -0.221690404758317       0.401707148945864     
  -2.40465150655121       0.647001996657229       3.726756035501156E-002
  -1.26265109846944        1.87947130484828      -0.155584136144595     
 -0.708117900748015       0.832871800811241       -1.90929819838295     
  -1.38957706825178        1.77606549786242       0.275426320086273     
 -0.541048862190709       0.870454999105334        1.17374650096292     
   3.49287031128592      -0.434249672698928      -7.860776193664068E-004
   2.07201286562056      -0.513436949155814      -5.138144303023968E-002
 -0.552604092278696        1.21262644095879      -0.252724124781409     
 -0.463195316412620        1.53709024469444       0.725890544914889     
   3.07224541905899       -1.32036509311458       6.420860103156423E-004
  -1.10997146156774        1.06804034226135      -2.345794398997743E-002
  -2.40062443440726       0.638201392427117      -0.111229687090525     
  -1.26487514711781       0.837459970308682       0.768169915531772     
  0.629711728776568      -0.119973629471027       0.833873264124047     
   1.78030527274277      -0.931040804482695      -0.155434390929336     
  0.947593325564288       8.676302933270565E-003  2.469153929444958E-003
   1.48952943076945        1.62976596509888      -0.153145727965759     
  0.860251224080884       0.116183098012838      -0.666311393905041     
  -1.28433494314524        2.16317902232489      -0.149575140819675     
  -2.65601142384805       0.208640770689523      -1.752307012257465E-002
  -1.31478812386478        1.82647999830935       3.871132352928438E-002
 -0.931936239932286      -0.451626578320174       0.312553534078778     
 -8.690602410421194E-002  0.862213973301866       0.242284476242304     
  0.289387116658211        1.20445727458808       0.157922334917243     
   1.22822616191998       3.753349854958457E-002 -6.892625423092166E-004
  0.779741606224078       -1.07335809146795      -0.103455307899517     
   1.08851611784818      -0.167795424040955      -6.397326815292929E-002
 -0.431364713311186        1.29933611435802       0.693668239422831     
  -1.18950176557676       0.746123752482086       1.590718970168506E-002
 -0.992302324785752      -0.219813406793083      -1.082574071198539E-002
 -0.510424692140019        1.27740033141743      -5.701151534558858E-002
  -1.05329889576579        1.64897810995541      -0.266569023702198     
   2.14527526274424      -0.182337698771745        1.57684722356868     
  0.839665915489689       0.601244404832193      -0.274093511070794     
  0.101389705933204        1.92525599724304       1.014771019949547E-003
   3.00634956217576       -1.34911878402334       8.849266986825584E-002
 -9.923903336015316E-002  0.809288711339949      -0.126495489253850     
  0.600402773036153        1.05892132889074       -1.62715539120378     
  -1.25772498320936        2.40060570633463      -0.714806504112836     
 -0.747915128527004        1.23337882411698      -3.127137011281314E-002
 -0.461833094625249        1.43159462871084       0.106278639143898     
  -1.79428299587988      -0.646159216232898       0.825979720679845     
  -1.83118813963834      -0.660121075032700       0.120741661280222     
   1.12233162871622      -7.510802357934468E-002  0.131272633347606     
  0.390865839710074      -0.108837175644184       1.156899408288857E-004
   2.17446866731663       6.862302876804881E-002 -0.232613303740425     
   2.16670739043918      -0.306064954595866       -1.13145253609201     
 -0.713910804469270        2.78064352005255        1.78905255458052     
  0.268502551107579      -0.441734863704289       0.728354447582216     
  0.271697292566788        1.69224052221829      -1.886684076167742E-002
  0.252311644922781        1.77888518617416      -6.086515188593367E-002
  0.237294400179613      -0.366051534640017      -0.413555149597892     
   2.21715822231540        1.02259865766603       0.983122143468063     
   1.91890001976513       -1.29252018107581       0.674377907520380     
  0.859400706132719      -0.158230525045723      -1.858199219691453E-003
   3.08081679524705       -1.28524932022374       1.633227040537034E-002
   1.77459625498104      -0.112166461022371      -2.984083830581585E-002
 -2.632113952255730E-002   1.43033241489644       -1.72843307272671     
  -1.11535733636841        1.01608998105904      -0.246600826171123     
  0.875732532573877       0.777342018936178      -3.219858240582344E-002
  0.832311975213812       0.776016434177365       0.143743750725700     
  -1.63668678398193      -0.802532133101786       0.792624960176312     
 -0.711100195330909      -0.594257515243825       1.189337851159235E-002
   1.00107622975508      -8.335435898087981E-003 -5.723891275610274E-002
   1.20639751074679      -0.212177543461161      -1.700346642043490E-003
   1.74592165777516      -8.786145890420510E-003 -0.287473671765026     
 -0.601550723570313        1.26090473100395       -1.53209360637625     
 -0.917944418332268        2.07079657396316        1.88249973786688     
  0.355239227334914        1.88017494415280       0.321801773689459     
  0.769139598303147       0.855683690068562      -7.733678041384568E-003
  0.739370341653499        1.01309382706564      -3.325076509514108E-002
  -1.78612700007179       -1.09493140203214       0.336679445969433     
 -0.739059508615563        1.20018687848092        1.79465709125604     
 -0.832746798238342        2.90632368677471       0.204032043849384     
   1.52389283433378      -0.241299714677904       3.455684283182536E-004
   2.17148845277690      -0.560190026812172       0.182096807788182     
   1.23396690485048        1.85628822037568        1.15333807272173     
  -1.74848847887331        2.40758168092556       -2.63801964781517     
  0.444000092665314        1.87251052980208      -0.736305852402556     
  -1.65394724839546        1.71895548091495      -2.006976407001939E-002
  0.783788948164151       0.992810550784845       7.566203466959448E-002
  -2.31825856776449      -0.352224972470410      -0.442437426384050     
  -1.36570239953353       0.408470788843634       0.138267451539479     
   1.01607899663003      -0.147037793742023       0.427521240610674     
  0.729427484821450       1.980653658732047E-002 -4.851244206491513E-003
 -0.111749048971014       0.807118749095852      -2.246579571891515E-002
  0.469963641292586       8.022804092622327E-002 -0.371265785181258     
  -1.92827877916425        2.34308922288662        1.92826290397730     
 -0.711899612076297        2.62588378167892       6.510198082299751E-002
  -1.96554470242640        2.09687870295109      -3.286392153750923E-002
  -1.64537576238823        1.66908488711649      -1.464320377200733E-002
 -0.796660772161698        2.91719751442256      -0.199344135674732     
  0.367545581891827      -0.324694997440326      -0.383527142926520     
  0.997833577581294      -0.328078522166018      -0.129996947878727     
  -1.17194932646799        1.67965176073479      -2.550620912554803E-003
  -1.82028596206636        1.00255904867384       1.181071367443753E-002
 -0.514997387037632        1.15199743268969        1.59517086359852     
  -1.27623682943637        1.96118361132979      -0.329909300789873     
  9.882269904804171E-002   1.20622242267841      -0.194481075837218     
 -0.330475976096431        1.68155981568761      -1.384860219280246E-002
  -1.08218530341683        2.52063670893773      -6.311912744164161E-002
 -0.706993752487908        1.71179105856780      -0.815230570587233     
 -0.410181638281532        2.82252006162302       0.383372554403217     
   1.22802825700608      -0.516927085086184      -0.244525204276588     
  -1.57225894775671        1.55080949073518      -4.271765248598863E-003
   1.53757863312677      -0.172272952668567       9.019904366515273E-002
  8.502383837328312E-002  0.990931535972627       4.675471888027831E-002
   2.75575543436630       -4.11585179382550        1.39199174450107     
  0.644090142384976        1.32964787560131      -0.194446854181831     
 -0.855872653937397        1.45345251029738      -2.043093065118503E-002
  -1.00303975647143        1.54749456841823       5.606817664942360E-002
  -2.08769671555501        1.88359128554830      -0.379365461895052     
  0.176547440918654      -0.636948269495768       -2.39251397980888     
 -0.322862554219723       -1.49901037516188       0.526194828737501     
  0.773289756541944      -0.283811231718709      -2.808051854336512E-003
   1.50143784230253      -0.240396875566559      -5.196277328566969E-002
  0.305845247943604       0.660330582008914      -0.983052934532106     
  -1.78258397376399       -1.82355886620500       -3.25388055681613     
  -1.57104462448073       -1.06279720685987      -0.379564954252300     
 -0.369689421026720        2.90867979259089      -2.657683621897902E-002
   1.40066321848693        1.63822776866625       0.158407263780321     
  -1.01487356207542        2.79790615568083        1.25879615969724     
  -1.56015950004772       -1.72746023463436        3.48242731580530     
  0.892738781663233       0.458576322240005       0.435366271929118     
 -0.149948293494788       0.776795034836780      -4.228933219510697E-003
 -6.503628769372817E-002  0.988603635664740       6.685569865145813E-002
   1.04379560696069       0.522500059634764       0.413764649382935     
 -0.591264412214063        1.61303391492700      -0.559996904581367     
  -1.17241019797889        1.73634849391229      -0.230921860079413     
 -0.516963119773427        1.65314995738237      -2.140597491107646E-002
 -0.922439837734466        2.09684079649233      -4.020601903094546E-002
  -1.62385980693254      -0.578735793254408       -1.16436578045920     
 -0.773749943272645        1.56913273063488       0.504677218670849     
   1.78835779279753       8.238198608517711E-003   1.00213610531451     
   1.45416104927445       0.541857882152751      -2.250924949830096E-003
 -0.964946634878585       0.112260528833013      -0.296191184809593     
   1.17092881799593       0.107241105955742       -1.78559928471324     
  -1.25105650359078        2.03558423607593        1.10640423025737     
  -1.17615439088613        2.13376570715742       0.963618094062314     
 -0.457555927505811        1.43939554080687      -2.769955800511878E-002
 -0.736196794067356        1.95811468039000       9.858765338519423E-002
  -1.54844668571059        1.92499631414279        1.60920969037936     
 -0.599455290784608        1.56641989680206       0.896338762974102     
 -0.730127094579640        2.11706847363770      -0.910737328225671     
  0.944952933492175       0.564740593649396       2.129404532122713E-003
  0.275361988906425       0.905786210146452        2.05149087280197     
   1.34415748508990        1.37480510457073       -1.20019929275459     
  0.577888572713643      -0.338194116930166       -1.47908663514245     
  0.487652714791225        1.01164755002224      -8.141009636191876E-003
  0.835024108848984       0.598713726665377      -0.214369834049977     
  0.942154427903166        1.19076544907431       -2.98419579148401     
 -9.772154275549987E-002   1.53897661690361       0.596257902208844     
  0.628903404913615       0.149233271741603        1.68600817306156     
  0.894889479931353       0.458038868848118      -4.864595190908127E-003
 -0.889968821147301        1.15897858668913      -0.472301065437690     
   1.81084703988056       0.553059428057915       -3.25250532886334     
 -0.815093857453303      -0.106468867058941       0.912376676386430     
  0.406728620182256      -0.485112945237621        1.56103942499883     
 -0.658779529966137        1.85384504039505      -3.199816963101409E-002
  -1.09024238366814       0.571993410948379       0.346069190425077     
  -1.21477304931252       9.397967630273718E-002   4.41505640682081     
  0.417152141401601      -0.222282812597331        2.03256018765584     
  -1.10802893307352        2.20904313645677       -3.81898326791003     
 -5.367549491268764E-002  0.943227430195689      -1.448654998962672E-003
  0.349926525451779      -5.157339722396631E-002  0.630465136540540     
  -1.08791873256334      -0.231072616920726        5.94687892323232     
 -0.455694356714968       0.327056695519908        3.26700681761174     
   3.55323990064168      -0.269197706877118       -4.01354135259829     
 -0.708167753729015        1.91005216401956       4.918431020443498E-002
  -1.66672609406101      -0.867366266105813      -0.791822147872558     
  -2.20518506595524      -0.182228451890784       -7.99101980434680     
   2.28747280985845      -0.470443188853183       -1.27739807039289     
   3.11042311274608      -0.309092228676657        5.34631578023693     
  -1.10675909695537        2.47803346767533      -9.957194375838452E-004
  0.575880556801132      -0.202521236795512      -5.979995450006736E-002
   2.19735561031344       0.248369581358802       -1.59053410005088     
 -5.472090959935755E-003  -1.57225549065332       -1.72247139387222     
  -2.15597739935155       0.639608983999316        1.20792940757247     
 -0.715661144350281        1.82728168663407      -6.285065140338998E-002
  -1.26977775854645        2.35510074650517       2.450385336230120E-002
 -2.196258301313325E-002  -1.37119860109985        3.40924917773798     
 -0.371708314903188       -1.55936829703384        1.88273391406485     
 -0.103290788342692       -1.32800174962867       -2.63356275018472     
  -1.07588190450073       0.767344172106853       5.987210815053553E-003
  0.518338599613668      -0.226214801963728       0.322144567433072     
  -1.58660942129483        1.23819955819848        2.20433051830869     
 -0.117047788788890        1.39404385904203        2.64203647699916     
   1.11299306005687      -0.181993589833329      -0.609333909585563     
  -1.05372453260677       0.388573056161926       1.597251127989937E-002
  0.792202153718203       0.531060875914902      -0.211395772556762     
  -1.11614275512437       0.480034787919053       -4.03809584583370     
  -1.15934871624281       0.475492243554969      -6.054925630622407E-002
   1.69794545211742       0.471743997880487        2.31206372802514     
  -1.46813543755926        1.94655208644904      -5.657026354746931E-003
 -0.255443208079509        1.11800257361725       -1.14768031416256     
 -0.423574681114703       0.843793767308051       -2.61622946866898     
  -1.71922144103968      -0.756195401217203      -0.478110428147792     
  -1.32916818340313        1.84257760714469      -4.856445282133885E-002
 -0.723845100155178        1.60276573842208       0.187609811955209     
  -1.45103396985391      -0.903800614203390        3.58549551841959     
  -1.11230179538956        1.96684828336165        1.50999198827640     
  0.756694111825086       0.155501467816926       -1.65625497908309     
  0.820206915651815      -0.323677804912357       1.403730035253144E-003
  0.776511945260335      -0.249168106101488       0.267388069693648     
  -1.06528876207781      -6.123600891786718E-002   2.38406994641916     
  0.449964363963070      -0.265693921763566       0.960033843893730     
   1.62981139874044       8.881019645818722E-002  0.509330907315600     
  -1.19598858389184       0.680269785213127       3.632156258882042E-002
  -1.05556417698739       0.230668145444118      -0.374418262199589     
  0.989263568950599       2.394695882044739E-002 -0.186757504048495     
  0.348670609010703      -0.660462574662404       0.605876872062010     
  2.267665813674724E-002  0.580561604940282        2.03305443034549     
  0.247857650451284      -0.431746870283149      -4.137028961007801E-003
 -0.619157385078760      -0.214741815391896       -3.63019157743336     
  0.288515646207242      -2.415128595649557E-002  -3.43474513868289     
  -3.13625114312819      -0.266589074354319       0.879795887025752     
 -0.866552727672776        1.52910607241507      -8.750952098202490E-002
  -1.36139863011192      -3.618903387792693E-002  0.760596604223133     
  -2.22249640570290      -0.198323514519895        7.23625431197490     
  -1.87444388126456      -0.912910297059786       -1.06790671314563     
 -0.864387777436827        1.28350959609727       -3.64070021716503     
  0.396810428249499        1.21551614208711      -3.698908303634364E-003
  -1.11870818431235      -0.817862213765684       0.845726827482941     
  -2.72013570293992       0.124013150282727        7.86824914567816     
   1.14131888857973      -1.950195875984025E-002   3.23549001443310     
   4.51809842414211       5.746448290206355E-002  -3.65978227388496     
 -0.579916120202963       0.708196870403799       2.829507544328946E-002
  -1.21676680027500       0.643341026592200       -1.09676528349479     
  -1.71963832873446      -3.032573879016792E-002  -11.0447159876814     
   1.66762969237725      -1.487984866821560E-002 -5.915399665781217E-002
   4.03406613812228      -0.633042165193134        5.97984605827184     
  0.644237050265946       0.128310946424196      -9.418489741160628E-003
  0.832000224116209       0.519064334230701      -7.073567371656150E-002
   1.83616842875490       0.199168377796028       -3.26159313522783     
  9.789679251072050E-002   1.33650028054058       -2.81330207423791     
  -3.13460619070626       0.148854387898944        1.95413141230479     
  -1.08421928757241       0.786080332751629      -6.368357864467748E-002
  -1.15439691356738       0.611277249916455       0.353163581720000     
  0.331494288486841       0.396381998984014        5.87073899146175     
  -2.45706322106907       9.508915267715412E-003 -0.368033444986018     
 -0.633157990988913      -0.461942410918812       -3.66310245498139     
  0.721586754866379       3.256685991469719E-002  5.960635863618874E-003
  0.117326384267842       0.159692212517078       0.175931910733811     
  -1.24681972268292       0.335487890784841        2.86097509354755     
   1.21082599765337       0.243262596956385        3.29236602944988     
   1.74367573985499       0.863652852485100       -1.09805859502371     
 -0.161966261807706        1.56462233419458       2.583789495733623E-002
  0.512008804182153      -0.144650015098481      -0.322504487245158     
  0.192588923622311       0.848954956700452       -4.76785218265091     
  0.675411528607536       0.730648907451197       -1.44817137336294     
  0.429715106126187        1.23517220614756        2.45760277495484     
  0.211867687779246       0.191079611556386      -4.821534849615091E-003
   2.58797533572810       0.102305484388176       -5.45376094619630     
  0.298655271570978       0.704029813095680       -7.70053713223097     
  -5.35455220759712       1.043693039972616E-002   2.89276370477798     
 -0.557811772667240      -1.340716946465154E-002 -0.152937885604908     
  0.242421000441643      -0.667941226005879        1.40859123838099     
  0.468271906576176      -0.660201167540194        9.81027889492544     
  -2.85978368128229       0.396271340358860       -3.91197529112650     
  -2.25791002274714       0.371527373384850       -5.31158879062842     
   1.89992950861679      -0.870468566802883      -1.031027098171456E-004
   1.99116746631591      -0.691486099852793      -0.523286161921677     
  2.790181334853070E-002  0.729605607990531        3.69940903050996     
  -3.34973359563631       0.927326593288504        11.1151661900180     
   2.54360899177446      -0.683664753320474      -0.395535454539148     
 -0.301747116739259       -1.22323380898116       0.111782717800460     
  0.530756962428522       -1.23866344838213       -1.15939880358679     
  0.502841519426521      -0.951181568149122       -9.43248300153375     
   5.79720141333340       0.906384884325088        6.09513106049917     
  0.612257648305211       0.718220629979214        3.18163412244290     
   1.09137592300967       -1.05668564230400       7.702680145146085E-004
  0.476049612620166      -4.920556356815689E-003  -1.15382390664873     
  0.323193427715694       5.680520077318695E-003  -8.20511041980053     
  4.202670407594781E-008  5.679932549213742E-003  -2.57573011468097     
 -0.323266174836528       5.751075819375564E-003   8.46352956035731     
 -0.476491718777570       4.757964459794502E-003  2.596127552306551E-002
 -0.476426800842856      -7.845751564620203E-003   1.42591813849434     
 -0.323304810223740      -8.377549911842733E-003   9.81310515341196     
  7.837528294836885E-009 -8.447331224005504E-003  -1.06248173385367     
  0.323193388958843      -8.454998525585235E-003  -9.42320268476677     
  0.476477460524581      -7.643434648058116E-003  2.919419816207715E-002
