   1.87670623353885       0.263446552638417      -0.101115865443728     
 -0.597730781966938        3.95854361676687      -0.822425292909746     
  -1.83344658721698      -7.328913306899781E-002 -0.374189764316121     
  -2.03110056737473      -0.121785856157841       0.344378765388690     
  -1.63286245775051        1.87130201742727      -3.998655567169977E-003
   3.35084727157320       -1.68354992312531       9.707485014141841E-002
 -0.576459543381524        3.91765674189895       0.840427834744423     
   1.69181710078718       0.280763516780765       0.385457385714635     
 -0.559635898168898       0.362728543375985      -0.329884515657628     
   2.38234645347370       -1.08471507020161       6.640192392225260E-004
  -1.31381163004403        2.55999294789373      -7.117926623101142E-003
   3.68173581726007       -1.74399340540617       0.122506124623142     
  0.965391014972125       0.379163552461852      -2.291466567351151E-002
  -1.05539041695421        1.43797089237301      -0.147703601956453     
  -1.21964052329618        2.49024028111800       1.592682988006959E-003
  -1.51705862022226        2.43265077050566       9.114093548512550E-003
  -1.67772570432952       0.613758048343311      -0.124142644512732     
   1.84500550343382       0.676235493690351      -3.772363553655882E-003
   3.84849705343091       -1.41483650844571       0.148635394277348     
   3.78808982495195       -1.54596977049651      -1.816072649442902E-004
   2.36147986037925       -1.13044956163397      -4.289416849734294E-002
 -0.765788119861103        1.61528041722122      -0.682298150675014     
  0.811649508759980      -0.510729452064588      -0.848040330949241     
  -1.03700848734053        1.14161889666537       0.303710840409858     
  -1.50180652306766        2.12885491789263      -5.385596357565629E-003
  -1.00517235928196        1.87463096342503       7.829552347497787E-002
   2.17807958524261      -0.214131479434118       0.717134390976411     
 -0.244633999450599      -0.752729149403365       0.425657567152888     
  -1.51001881217799        2.70338681877653      -0.232665524805369     
   2.04445538318725      -0.541888105250193       2.331962376989946E-003
   3.62835903192019       -1.82883448800255      -9.709411349308690E-002
   2.23032645712785      -0.342238346932668      -0.420037954681102     
   2.84213698596903       -1.68689881849365       0.462405013555629     
  0.647681034310754      -0.322935185407021       0.246118605995517     
  9.233558072138628E-002   1.37280547871226       3.348105446584251E-003
 -5.308231655394002E-002  6.142461253110601E-002 -2.948834261334844E-002
  -1.53757829462372        1.67682340229872       0.159423228603229     
  -1.31537465795639        3.09538686734283       0.253959836066454     
  0.991334934839955      -0.955381706728303      -4.732005463124023E-002
 -0.141043239835959       -1.56505404435218      -7.958969424241831E-002
  0.813618260473913       5.145671152029285E-002 -1.920329399189159E-002
   1.19250688075540      -0.553103901730017      -0.807157513870964     
   4.06569753023836       -1.03264951013607       -1.17059089801001     
   1.00721408249117       0.467716513622188       0.138680809963404     
  0.689340660477224       0.436375258302899      -6.404776089252102E-003
  0.590947908370378       0.780605443300756       0.101993310967582     
 -0.817403967500186        1.46196128834696       0.615615623551617     
  0.631570687680960       -1.65671704743958       0.194136009619215     
  -1.41218532846803        3.05554532711066       0.278436526353979     
  0.947946401473965       0.357798438802779       1.935524490193827E-003
   2.28879571317199      -0.987501457903000      -4.866020680091607E-002
   2.43297536517105       0.410380502628903      -0.105022271898516     
  -2.29047024978797        1.32323112427641       0.307035466455917     
   2.94409536789305       -2.24485958166818      -4.438331324921431E-003
   1.97290497146410       0.292526669526887       7.290671353185216E-002
  -1.56933840700327        1.79755546320027       0.379281909873352     
   1.00366726422256       0.650105253105008       0.125917125280527     
   1.05024340128766       0.175621825407413      -0.591098772031691     
   1.01334743303758       0.123805809586896      -2.936566780761302E-005
 -0.335559701364845        2.72897715884628      -5.746540247472543E-002
  -1.02226980483122        1.66860054081956      -0.580762261307634     
 -0.235371739723628        2.01079528782206      -0.174783705283233     
  -1.23520687770862        2.28311040970347      -0.242922682173587     
   1.48604367360007       0.222789684329940      -9.363547103277298E-003
  0.427207235676476       0.408729221548365       9.289862270510575E-003
 -0.666065222205471      -0.604867293546992       0.417780812573271     
  -2.21134695147501       6.376207201074727E-002  0.503700142666753     
  -1.68488301784924       0.587315480791156       0.487098117114293     
   2.80806699752586      -0.209111871143493       2.175518030053149E-003
   2.43061003962512       -1.34113646487450       0.120525988342794     
   2.00323263837748       0.105346718305790      -0.894692731803989     
  0.245902949109063       0.540757570303176       0.457934760255286     
  0.398476086347343       0.350311406150285      -6.989702836230400E-004
  0.123742895390100       0.247095361858320       0.144361755076373     
   1.58704805947012        1.78288059247903       0.459610186966378     
  0.796545118683238      -8.892945617203665E-002 -0.355599564335027     
  0.803961029487369       0.775005214042476      -0.822615191205587     
  0.885423155156904       0.525713657066321      -3.591433177995619E-004
   2.35600200970308       0.215187702693378      -4.714099061165442E-002
   2.61603102460678       0.850070016777306       -1.05533774482140     
  0.324039417616334        1.60722647174605      -0.658096593632964     
  0.251799026404439        1.73774373191415      -5.759669416177592E-002
   1.09211236795163        1.79908053449300      -1.793915351292807E-002
 -0.200599996616524       0.980009185500905       0.128429305801281     
 -0.981941256909793        1.63511123486973       0.687089608252444     
   1.99295400309652      -0.930373322127818       0.182392137809212     
   1.51659211068400       0.298460285597069       0.391095667616334     
   2.95520292706637       -1.62451179752705       1.476970256553176E-003
   2.42290311390413       0.480224486638507       3.937724863105808E-002
   2.91090505342787       9.390105880104037E-002   1.87537347088737     
  -1.93640724561724      -0.162930548109876      -0.221426551564394     
   1.72586511889069       0.965596092376468       -1.01140973873914     
  -1.41351153275432        2.59233808864691      -1.137692864848381E-002
  0.880429565415111      -0.660835900028552      -0.240211217966672     
  0.656626400920183        1.65616329563882       -1.06766328278000     
   2.83335909514382       -2.40703150133177        1.82630909340705     
  -1.21817157260743        2.37608046045015      -0.272274709394550     
   2.47581797668205       0.156846473131286       7.138556852118644E-004
  0.598891867748864      -0.553693404694061      -0.120372970832519     
  -1.51168880724998       -1.26609097581254      -0.354350089009015     
 -0.685047290902754       0.300899996411089        2.72147058567463     
  -1.03913492984115        1.15389471541572       -1.01309589113828     
  -3.41180821130073        1.69231860194575       2.161641276026689E-003
  0.254626915722473       0.400778482071094      -0.433048851138692     
   1.83202542489286       2.676895898425227E-002 -0.538036993035730     
   3.51410901654438      -0.506011891934223        1.75165968314661     
   1.30914472519840        2.42734017155694        1.87749535609673     
   2.01817455191087      -0.661206833612682       7.097821365092703E-003
  0.522327451889577       0.419993718552956      -1.173667029479791E-002
   3.26005988598033       0.592380527813130      -0.390605161696906     
  -1.01098822302596        2.22579874771624       -3.58360136644097     
   1.23210576255733        1.25597275128066        1.89731210193358     
   2.53990789417540       -1.49559013670440       2.799845655205237E-004
 -6.788025937502074E-002   1.62198439077811       3.827576633325102E-002
   1.41179360024456      -7.781408907281445E-002   1.97778504491821     
 -0.985506646085306        3.16153239372482       -1.14686602752673     
   2.61709746194227       -1.29061175666865       -2.55556421818819     
   2.15091126489045       0.908695187607635       1.873001750702176E-003
  0.612879588485891       -1.49967961721261      -0.406224028400839     
   1.48805265509793        2.32901876516396       -2.40570442423362     
  -1.70028347122351        2.60646161861676        1.96777813959511     
 -0.599389653868862      -0.128624704296147      -0.615133848502161     
   1.23997875789036      -0.431693231140022      -6.216550114596788E-003
  -1.84263236477805       0.596663957811126      -0.135214724657560     
  -1.41223222760416       0.684003224707040       0.104283572236283     
  0.698378666976689        1.49013027235106        3.61726150092351     
  0.423378996152325      -0.948887232056741        2.17562296131360     
   1.79711432033217       0.719799365035616      -1.598685925025574E-003
   4.49129176276616       8.399039363656199E-002  0.906489331549847     
   1.49182717308849       0.929281268921246        3.68286193328632     
   2.54269916925501       -1.98248781811163       -5.35403104214083     
   8.89820301499027        3.33901076186793       -11.2233524746089     
   1.79101858312699       -1.02470217659860      -4.274688172673918E-002
   1.63180454385953       -1.17700812855368       0.383455644517154     
 -0.732913004923010        1.98750060443953       -1.00818321672217     
 -0.189422384904621        2.42940762520524       -6.70703100231049     
   1.05996390198182       0.221062725729411      -0.236956385916552     
   3.00545584007416       -1.32223375973150      -5.300684374434475E-003
  -6.57112794458235       0.585271174608251        13.7393283872965     
  -5.13084887687736        3.23336539050751        7.68467356291863     
  0.522686127984480        1.21060368480492       8.007325380406177E-002
 -0.745092017123491        2.68263425671911       0.122196714158013     
   4.91479191614682       0.140575545444973        11.1893932858862     
   9.08863004874848        2.89951180648318        14.5130227244873     
  -5.58424072398118        2.97109742499532       -11.4904970093149     
  0.688748001861125      -0.400034847133769       3.692459707129850E-002
  -1.31114135905649        2.05034339513993        3.79976909162064     
   5.72724648169158        1.22018513700497       -5.09929884186164     
   1.52333619360282       0.796704989753664      -0.789088469286378     
  0.778496734113631      -2.181443817255665E-002  0.143785069346820     
  0.846377467908112      -0.328876695713512       0.256453061596234     
  -1.94190645715743       0.765445591959458       -2.99930073126100     
 -0.174426169649681       -1.03033319160518       -4.59507119340280     
   5.98461606822160        1.42661484870923        4.11432804989775     
 -0.287342728631014       0.921704183077796      -8.716518956806883E-003
 -0.643168578744640        1.67208817647253      -9.154444134779209E-002
   1.14466328029861      -0.204226324654642       -1.61114203934200     
  7.578823294870170E-002 -0.496871415456881        1.95641147546800     
  0.381889850898726      -0.363236411506390      -0.572709108749060     
  -1.81902147524268       0.490462926835635      -7.077823584918162E-002
  0.695264428801835      -0.478424066541656      -3.397836424476441E-002
  -1.17986143184501        1.46474139739027        2.04939918218744     
   3.27035039765400       -2.01703831614394        2.13775455767771     
   1.37891008481854        1.63771483717636       -1.54717518826371     
   3.41957096539122       -1.61798462270481       3.584239533603277E-003
  -1.08173635998279        1.69371023743315       1.054571743106420E-002
 -0.501756076702356        2.72605765804788       0.857878931191941     
  -1.98899730825229      -0.548930438793079      -0.178258538717625     
   1.84203578639255       0.186663305770874       0.401707148945864     
  -1.58420332786645       0.795166042767199       3.726756035501156E-002
  -1.14727891157156        2.51897849598228      -0.155584136144595     
 -0.763553542260960        1.11420926051597       -1.90929819838295     
  -1.53758269775229        2.63477082718956       0.275426320086273     
 -3.343870974532069E-002   1.45815875067538        1.17374650096292     
   3.24400040295603      -0.710987593031392      -7.860776193664068E-004
   2.24528297171268      -0.124038306687810      -5.138144303023968E-002
 -0.494024730732963       0.902818829432304      -0.252724124781409     
 -0.706958701890058        2.22722052237223       0.725890544914889     
   3.26730688381191       -1.75682899320873       6.420860103156423E-004
 -0.776757754851812        1.79735983063857      -2.345794398997743E-002
  -1.58259749175048       0.846141719571618      -0.111229687090525     
  -1.00528452193449        1.11471992556538       0.768169915531772     
  0.770856595767790      -0.120435490830019       0.833873264124047     
   1.96734225042441      -0.913455115255236      -0.155434390929336     
  0.947096580556130      -0.462486123329024       2.469153929444958E-003
   1.67584503540680        1.64527871583501      -0.153145727965759     
  0.295962323555321       0.390941389907372      -0.666311393905041     
  -1.51164867785327        3.06781244405200      -0.149575140819675     
  -2.88438295518623        1.43921837878607      -1.752307012257465E-002
  -1.40514643252307        2.60187375298965       3.871132352928438E-002
 -0.984659479134939       0.384579491328915       0.312553534078778     
  1.800536460072971E-003  0.701475472422930       0.242284476242304     
 -0.531316813068400       0.858344605073935       0.157922334917243     
   1.61340968171100       9.826780077533695E-002 -6.892625423092166E-004
  0.954306578483810      -0.890941441180211      -0.103455307899517     
   1.45992179804403       0.220586758486992      -6.397326815292929E-002
 -0.377697165182760        2.03776230568047       0.693668239422831     
 -0.944101213625610        1.09092831028569       1.590718970168506E-002
 -0.655693205602804      -0.408250837133826      -1.082574071198539E-002
  -1.15268343469761        1.49707889186772      -5.701151534558858E-002
  -1.34445978825691        2.41514639166966      -0.266569023702198     
   2.17997053233281       7.757454466347040E-002   1.57684722356868     
  0.670017867073417       0.599570060843975      -0.274093511070794     
  9.783219739134032E-002   1.81963383012677       1.014771019949547E-003
   3.12899681449437       -1.88416207836230       8.849266986825584E-002
 -0.515331754991950       0.694520390438391      -0.126495489253850     
  0.615551164779168       0.886721389869410       -1.62715539120378     
  -1.05445001237707        2.85216087115907      -0.714806504112836     
 -0.737686577557261        1.61968858153458      -3.127137011281314E-002
 -0.581712887882194        1.48380422045398       0.106278639143898     
  -1.93224500148830      -0.474731720894827       0.825979720679845     
  -1.83580105379409      -0.881950282853244       0.120741661280222     
   1.48746680187387       5.936459275644812E-002  0.131272633347606     
 -0.677702835658048       0.918099091091099       1.156899408288857E-004
   2.11341323660157       0.210599510544394      -0.232613303740425     
   2.46462487443739      -1.196152418948090E-002  -1.13145253609201     
 -0.478667627292355        2.91762022761316        1.78905255458052     
 -1.059052007830326E-002 -0.542997083026118       0.728354447582216     
  0.304339479392477        1.33636566489535      -1.886684076167742E-002
  0.261226468626532        1.57694781854311      -6.086515188593367E-002
 -0.423129110170061      -0.386581788927546      -0.413555149597892     
   2.52268967776820       0.967313701940717       0.983122143468063     
   2.14910843251150       -1.20544681320632       0.674377907520380     
  0.786787950708971       8.810434175751272E-002 -1.858199219691453E-003
   3.27251339385454       -1.73293789379534       1.633227040537034E-002
   1.61334165681898       0.247390107755367      -2.984083830581585E-002
 -0.329343269992886        1.85330523886044       -1.72843307272671     
 -0.800387806646385        2.05096242830049      -0.246600826171123     
  0.395537966697097       0.946055950990158      -3.219858240582344E-002
  0.306983429419263       0.839670648032910       0.143743750725700     
  -1.02076686623569       -1.33956459281746       0.792624960176312     
 -0.848726652252366       0.557746316866460       1.189337851159235E-002
 -8.326587827636767E-002 -0.958964658506669      -5.723891275610274E-002
   1.24686745512219      -0.151825495966878      -1.700346642043490E-003
   1.51475036672251       0.382034030983187      -0.287473671765026     
 -0.852148785736271        1.36992973735854       -1.53209360637625     
  -1.02539614610666        2.00532415879079        1.88249973786688     
  0.290765642931099        1.56369535050980       0.321801773689459     
  3.673579724919934E-002  0.709519232623293      -7.733678041384568E-003
 -8.069383164402888E-002  0.704494870076363      -3.325076509514108E-002
  -1.53897723607491       -1.43284260183302       0.336679445969433     
  -1.27141363135681        1.67047628431362        1.79465709125604     
 -0.715090035305200        2.70421550898573       0.204032043849384     
   1.51750320530653       0.110174290927804       3.455684283182536E-004
   2.36486736104994      -0.233255738800873       0.182096807788182     
   1.38670173030527        1.84438217131772        1.15333807272173     
  -1.94704268934997        2.87358785674322       -2.63801964781517     
  0.432193397268360        1.33244742954755      -0.736305852402556     
  -1.65179186598562        1.75296724636087      -2.006976407001939E-002
  2.294061954921356E-002  0.860373296767695       7.566203466959448E-002
  -2.26567394267088       0.251982570151684      -0.442437426384050     
  -1.61988950965327      -6.297297168137822E-002  0.138267451539479     
   1.81918606141863       0.265033363024880       0.427521240610674     
  0.622180786708081       0.329652922042901      -4.851244206491513E-003
 -0.246787090888177       0.808476275780404      -2.246579571891515E-002
  0.863361833466520      -0.387817286828659      -0.371265785181258     
  -2.07895378366003        2.94034915456584        1.92826290397730     
 -0.107515231872940        2.94220164652397       6.510198082299751E-002
  -1.97675352040089        2.20168627719157      -3.286392153750923E-002
  -1.65147363670538        1.69084397741769      -1.464320377200733E-002
 -0.791272059184785        2.73346963642604      -0.199344135674732     
  0.159027093447335      -0.332966611716671      -0.383527142926520     
  0.435498838234693      -0.380300083974001      -0.129996947878727     
  -1.42307796837138        2.55096672073921      -2.550620912554803E-003
  -1.21800297041404       0.965110379265788       1.181071367443753E-002
 -0.448871706090950        1.02934661354581        1.59517086359852     
 -0.946689209231208        2.63783321780353      -0.329909300789873     
  0.653846779807626        1.76164246066265      -0.194481075837218     
 -0.682961751993463        1.66226348931475      -1.384860219280246E-002
 -0.704541227605471        2.68325131792956      -6.311912744164161E-002
  -1.12547895218489        2.05090807144507      -0.815230570587233     
  4.668141443515776E-002   2.89876778450194       0.383372554403217     
   1.39710520957966      -0.431009085525547      -0.244525204276588     
  -1.55045264651419        1.58772339566064      -4.271765248598863E-003
   1.56801961974850       0.152946085950981       9.019904366515273E-002
 -6.534312010195220E-003   1.60985933225493       4.675471888027831E-002
   3.08689867900407       -4.12163260677846        1.39199174450107     
   1.07366155487719        1.46568836889123      -0.194446854181831     
 -0.687285302655105        1.28106851831004      -2.043093065118503E-002
  -1.36999109954752        2.33670186841370       5.606817664942360E-002
  -2.09724773687259        2.01950961754957      -0.379365461895052     
  0.438683436146085      -0.679470196498053       -2.39251397980888     
 -0.368887850990505      -0.840884552194188       0.526194828737501     
  0.885986447031912      -0.648573378357491      -2.808051854336512E-003
   1.44365360941500       2.356907277227095E-002 -5.196277328566969E-002
  -1.22321644719074       0.607792944256843      -0.983052934532106     
  -1.19955008137890       -2.20655354077906       -3.25388055681613     
 -0.766002183929678       -1.21509460569379      -0.379564954252300     
 -0.102113908383286        2.98634624118774      -2.657683621897902E-002
   1.62120538781089        1.59702144885392       0.158407263780321     
  -1.06677810432268        3.17290365366570        1.25879615969724     
 -0.957553341163166       -2.06489615541316        3.48242731580530     
  0.707018968368247       0.518382567517528       0.435366271929118     
 -0.312480623526670        1.15003647151385      -4.228933219510697E-003
 -0.531040409527380        1.50995957404156       6.685569865145813E-002
   1.05986140601368       0.216416242232133       0.413764649382935     
  -1.41918613912236        2.30346404859824      -0.559996904581367     
  -1.31654831836372        2.52353098807032      -0.230921860079413     
 -0.903020187754864        2.02659748143131      -2.140597491107646E-002
  -1.51587662548389        2.81961134570307      -4.020601903094546E-002
  -1.77006309656128       -1.01526833149772       -1.16436578045920     
 -0.934035047398903        1.47010071381383       0.504677218670849     
   1.43179257091841       0.590683189905437        1.00213610531451     
   1.79747114450392       0.794731587454252      -2.250924949830096E-003
  -1.51175452490194      -0.171598372919367      -0.296191184809593     
  0.956816229835428      -3.520918573083495E-003  -1.78559928471324     
  -1.67430124031791        2.91080760282644        1.10640423025737     
  -1.61277807253255        2.96883471932616       0.963618094062314     
 -0.780085724691797        1.78708324538144      -2.769955800511878E-002
  -1.14648730809562        2.34431466365775       9.858765338519423E-002
  -1.62407442344584        2.25626129295014        1.60920969037936     
  -1.01120375644383        1.95132388516555       0.896338762974102     
 -0.540653517298596        2.62093160385520      -0.910737328225671     
  0.844775570838425       0.435043541999399       2.129404532122713E-003
  0.201108504190885       0.733181253979836        2.05149087280197     
   1.21682936336837        1.45425327523470       -1.20019929275459     
  0.711802566556203       0.443550181653225       -1.47908663514245     
   1.34645730703216        1.05008310527670      -8.141009636191876E-003
  0.107635010260416       0.871086589274553      -0.214369834049977     
   1.13694763852347       0.933230253057588       -2.98419579148401     
 -0.223581216918641        2.90106788861064       0.596257902208844     
  0.317296296756405       0.506622992584990        1.68600817306156     
  0.744266778116124       0.448709834131010      -4.864595190908127E-003
  -1.17220921726163        2.26735532471448      -0.472301065437690     
   2.00886824756920        1.05353261091816       -3.25250532886334     
 -0.961123816945062       0.584703288586826       0.912376676386430     
  0.342604500719383      -0.476246861024089        1.56103942499883     
 -0.727338541797671        2.29002959573410      -3.199816963101409E-002
  -1.59452071858799      -7.625549606387005E-003  0.346069190425077     
  -1.38096203959304       -1.07966724141888        4.41505640682081     
 -0.220053982800793      -0.660573932089866        2.03256018765584     
  -1.44202017487038        2.88384981803812       -3.81898326791003     
 -0.568151530080531        1.53141542998334      -1.448654998962672E-003
  -1.85484940965052       -1.32385760188956       0.630465136540540     
 -0.923658036943971      -0.215225737147892        5.94687892323232     
  -1.31363311753364       0.246627327444265        3.26700681761174     
   3.69567548874178      -0.459287221956056       -4.01354135259829     
  -1.14069154335827        2.40003964288168       4.918431020443498E-002
 -0.809815459114231       -1.24581195297651      -0.791822147872558     
  -3.50794093581962        2.19475757028263       -7.99101980434680     
   2.34481908471319      -0.552834454087858       -1.27739807039289     
   3.29890072924825      -0.973476744716236        5.34631578023693     
 -0.839162877931759        2.66319000796703      -9.957194375838452E-004
  0.243073743768236       0.238118530700180      -5.979995450006736E-002
   2.96603318428135      -1.975643385777959E-002  -1.59053410005088     
  0.375959313308738       -1.14958975345670       -1.72247139387222     
  -2.10941104136542       0.647730922582015        1.20792940757247     
 -0.672977586976708        2.16675986126867      -6.285065140338998E-002
  -1.52829881131470        3.11546486326638       2.450385336230120E-002
  0.388313783549794       -1.40748948752777        3.40924917773798     
 -0.269120820664144       -1.32077066349885        1.88273391406485     
  0.330783551877967       -1.60677354984420       -2.63356275018472     
 -0.940218905657068        1.28043807745342       5.987210815053553E-003
  0.486230262172364      -0.268882838084163       0.322144567433072     
  -1.30061724436952        1.16048292067984        2.20433051830869     
 -0.221268605031822        1.71373978216454        2.64203647699916     
   1.35973130068302      -2.343483459316040E-002 -0.609333909585563     
  -1.70832922217896       0.528356125356290       1.597251127989937E-002
  0.568447203900704       0.738120946160955      -0.211395772556762     
  -1.57650030122027       0.334441815014135       -4.03809584583370     
  -1.02942004610758        1.38288493028850      -6.054925630622407E-002
   1.99998213283497        1.28740969686445        2.31206372802514     
  -1.55403894771493        2.68642461313228      -5.657026354746931E-003
 -0.495781103972162        1.71775555706361       -1.14768031416256     
 -7.241945631172597E-002   1.15747142233878       -2.61622946866898     
  -1.84279960495647       -1.27201077156255      -0.478110428147792     
  -1.36159343348527        2.59098705464459      -4.856445282133885E-002
  -1.25754619944236        2.27964658554674       0.187609811955209     
 -0.918443730326993       -1.10117967908444        3.58549551841959     
  -1.19945458443350        2.62610628615319        1.50999198827640     
  0.342367166313427       0.564363243139307       -1.65625497908309     
  0.783909956922072      -0.225150196476275       1.403730035253144E-003
  0.823477355718813      -0.333609212003469       0.267388069693648     
  -1.26198830879280      -0.635954838529209        2.38406994641916     
  0.839344728129021       0.199481908021783       0.960033843893730     
   1.31435346151244       0.649211737490949       0.509330907315600     
  -1.28924418281630      -0.172473950927059       3.632156258882042E-002
  -1.82331966934598       0.642414219697041      -0.374418262199589     
   1.43588660521339      -0.546862639434670      -0.186757504048495     
  0.767870108471923      -0.968255438765233       0.605876872062010     
  0.177710173387729        1.22319149732941        2.03305443034549     
  0.687887726768381      -0.429110017728369      -4.137028961007801E-003
 -0.310410148701664      -0.454115214927324       -3.63019157743336     
 -0.961676167228795        3.42180573370305       -3.43474513868289     
  -2.56496432711859       0.130971283846576       0.879795887025752     
 -0.893634462946460        1.60785671762977      -8.750952098202490E-002
  -1.10096733758049      -0.979972642475593       0.760596604223133     
  -3.59888801691328        2.41090106542419        7.23625431197490     
  -1.88888237024169       -1.08843641161276       -1.06790671314563     
  -1.17552734158416        1.81600375910949       -3.64070021716503     
  0.980536434624709      -5.923995126339043E-002 -3.698908303634364E-003
 -0.634778538749341      -0.293146525731125       0.845726827482941     
  -2.85309410056252       0.528211911204444        7.86824914567816     
  0.437660717469928       0.272567456267305        3.23549001443310     
   4.26716485724905       2.342293008933186E-002  -3.65978227388496     
  -1.02990852951536       0.885717963756507       2.829507544328946E-002
  -1.44878626469099       0.206547060956941       -1.09676528349479     
  -1.59286886337643      -0.681688624309116       -11.0447159876814     
   1.47849441040895       0.326008364162481      -5.915399665781217E-002
   4.50429619105514      -0.738429536357622        5.97984605827184     
  0.920016562784736       0.378585936122209      -9.418489741160628E-003
  0.660433982785714       0.470271028560668      -7.073567371656150E-002
   1.65592973513665       0.572442199572638       -3.26159313522783     
  0.173187040658438        1.54032489347860       -2.81330207423791     
  -2.94672848370818      -2.202660772651491E-002   1.95413141230479     
 -0.884390850853946        1.42380905053795      -6.368357864467748E-002
  -1.52358925621638      -6.532525011427018E-002  0.353163581720000     
 -0.526271766355481       0.496577186069587        5.87073899146175     
  -2.49898063534466        1.31787739738720      -0.368033444986018     
 -0.588151404932088       0.389103440549109       -3.66310245498139     
  0.542950292922064       0.341782004106487       5.960635863618874E-003
 -0.212990484324326        1.35002913736861       0.175931910733811     
  -1.73963592437573      -0.169776680024187        2.86097509354755     
   1.27161634799812       0.241152231769017        3.29236602944988     
   2.20832961106470        1.14140557435921       -1.09805859502371     
 -0.337726245401891        1.50064094197937       2.583789495733623E-002
  0.189037725096881      -0.311972786306896      -0.322504487245158     
  0.119978625561261        1.05276513846057       -4.76785218265091     
  0.173251711855386       0.798954081814610       -1.44817137336294     
  0.936810033665952        1.26808383289523        2.45760277495484     
  0.362747839320040       0.364755553011742      -4.821534849615091E-003
   2.64529821566568      -0.464169349168932       -5.45376094619630     
 -0.344791869011844       0.580113628261023       -7.70053713223097     
  -5.22351660694591      -0.331929817510572        2.89276370477798     
 -0.401980515978995      -3.211242766746758E-002 -0.152937885604908     
  0.594744890930423      -0.791579074197235        1.40859123838099     
   1.67628455582857      -0.410958005922326        9.81027889492544     
  -2.99571872710432       0.387013394421125       -3.91197529112650     
  -2.28813219101813        1.05548206330896       -5.31158879062842     
   2.07501318027123      -0.640245704515936      -1.031027098171456E-004
   2.23290238915563      -0.450969238123573      -0.523286161921677     
 -0.369106457882032        1.29203451288849        3.69940903050996     
  -3.27068809261832        1.07710693608544        11.1151661900180     
   2.89852306961271       -1.44074579737609      -0.395535454539148     
  0.283166446014316       -1.49192016540342       0.111782717800460     
  0.767338748610699      -0.847119057647764       -1.15939880358679     
   1.66040615182892      -0.787561843529947       -9.43248300153375     
   5.72392845880374       0.936732388181626        6.09513106049917     
  1.065428044141724E-002  0.532743460243004        3.18163412244290     
   1.17645885337503       -1.05442517131276       7.702680145146085E-004
 -0.626480425304714      -0.460205272835513       -1.15382390664873     
   5.19067571265578       0.513485829624639       -8.20511041980053     
 -0.783535408587439       0.819205518320432       -2.57573011468097     
  -4.86559422670965       0.293503141838226        8.46352956035731     
 -0.528898579160694      -0.408763900012837       2.596127552306551E-002
 -0.745977363729735       0.702143158621556        1.42591813849434     
   3.82001807933781      -0.261052073634468        9.81310515341196     
 -0.377222880257620        1.02212345729131       -1.06248173385367     
  -3.38858228021228      -0.309303721954119       -9.42320268476677     
  -1.42557729283879       0.420315985306507       2.919419816207715E-002
  0.592389155852409      -0.362021815997168      -0.937099562450446     
  -1.07606121936908      -0.712791744505204       0.900054517128339     
  -2.78061941209697      -0.349098877458885        7.78659652468721     
  0.440424462244059       0.342719373725130       -3.14543830427260     
 -0.415694200959817       0.122225625239975       9.062660116285705E-002
 -4.173407916666130E-002  0.334152257067774      -0.783971502635999     
  -1.87580601072775      -1.050580444321986E-002  -2.89093103268314     
   3.28753288282303      -0.425434834533562        7.28768557985577     
  0.959958045342489      -0.479489136086427        3.89670812934851     
 -8.654350313984718E-002  -1.50691324767497       7.812174770932403E-003
  0.808418655330873      -0.216410047846474       0.843894118260886     
  0.746365902748950       8.387570892166711E-002 -2.093089305872332E-002
   3.43224648349957       8.301829771382500E-002  -8.70348921247845     
  -1.18445270378042       7.728537279980269E-003   1.69605356995028     
 -0.865529403868333       0.130573923153437      -5.770474723115314E-002
 -0.895881496769932       0.556487249864047       0.750600847980998     
  0.445744843232500       0.520076902502186        1.61902063936446     
  -4.10589464966512       0.293881712710519       -7.81572844911753     
  0.287951236849673       9.381295440158853E-002 -0.629940005178903     
  0.889041390822684      -0.320285532986908       6.127186000705417E-004
 -7.639499436503477E-002  0.481617605076655      -0.634017570917352     
 -8.248869493346295E-002 -8.135899013557300E-003  -1.00608470317407     
  -2.49794875396312      -0.259249089922140        6.76963923106374     
  0.334406987140379      -2.557494637988573E-002 -0.499406718326488     
 -0.329247838117715       0.548605039185769      -1.271770295291337E-002
 -0.870828485287390       0.467464341246883      -0.325072475162530     
  -1.15001161948351      -3.107911189115246E-002 -0.181072052858470     
   3.40010276798916      -0.272527705249697        5.10809745853425     
  0.531696821889383      -3.796131736379518E-002 -0.932435299225868     
  0.332768062111582       0.423174995130911      -3.933064576834159E-003
  0.476461963933541       4.636492515010184E-003  0.822698535629366     
  0.323193368402663       5.915680381186720E-003   4.17541938509843     
  3.620691222331840E-008  5.680702124217570E-003  -3.97913428055592     
 -0.476408114858833       3.963529825350560E-003 -2.933675976158296E-002
 -0.476412136498073      -9.729368116101634E-003 -0.350878382778369     
 -0.323193362431184      -8.467454825731956E-003  -3.30741858701877     
  2.958079366966033E-008 -8.455070797726092E-003  -2.27769649762427     
  0.323193366605731      -8.408895230418061E-003   3.57620411652271     
  0.476469467655354      -7.572986477466258E-003  5.454453018138090E-004
