   1.67184007465217      -0.355194465480114      -0.101115865443728     
  0.394234792448096        4.02868444848834      -0.822425292909746     
  -2.09703853249107      -9.850943335865225E-003 -0.374189764316121     
  -1.49469867544720       0.457136831055289       0.344378765388690     
 -0.786206883879500       0.537085783488118      -3.998655567169977E-003
   2.87694985279518       -1.15275578714157       9.707485014141841E-002
  0.382652012823963        3.98895778287653       0.840427834744423     
   2.01201913549990      -8.789245424946360E-003  0.385457385714635     
  -1.66328782893912      -0.330703002086060      -0.329884515657628     
   2.20580186371340       -1.50953288744732       6.640192392225260E-004
 -0.843271191662794       0.767206628198408      -7.117926623101142E-003
   2.71582805704178       -1.44842238742044       0.122506124623142     
   1.06622867973335       0.913030986776862      -2.291466567351151E-002
 -0.189932216004045       0.640717804379816      -0.147703601956453     
 -0.826483677486510       0.728390713508145       1.592682988006959E-003
 -0.790073846041199       0.563411347786660       9.114093548512550E-003
  -1.09031062795207      -0.250926507759537      -0.124142644512732     
   1.67998819361508       0.462630813846682      -3.772363553655882E-003
   3.02423355798957      -0.895683872913633       0.148635394277348     
   2.98891654798031       -1.18832888045439      -1.816072649442902E-004
   2.22685869014253       -1.51029807701577      -4.289416849734294E-002
 -0.109081186617288       0.740290929520633      -0.682298150675014     
  0.535115897930327      -0.667087894565735      -0.848040330949241     
  0.661918471964883      -0.362902845725899       0.303710840409858     
  0.149533159837926       0.514744649815414      -5.385596357565629E-003
 -0.274626871398170       0.993862451838086       7.829552347497787E-002
   1.66344683306850      -0.845024451121158       0.717134390976411     
  0.799973289872748      -0.761770895266005       0.425657567152888     
 -0.646187302661439       0.341344975087482      -0.232665524805369     
   1.56467365143737       -1.12597271430385       2.331962376989946E-003
   2.62807427447802       -1.43057847459303      -9.709411349308690E-002
   1.65001784305460       -1.03244951492015      -0.420037954681102     
   2.25132330724540      -0.293642073033228       0.462405013555629     
  0.975358289204755      -0.284055774560419       0.246118605995517     
  -1.23616205478644      -0.137906738729293       3.348105446584251E-003
  0.933836398713407       0.504607975465623      -2.948834261334844E-002
 -0.882869908683577       0.580931760463197       0.159423228603229     
 -0.806439825342246        1.03834171225159       0.253959836066454     
  0.323720541393413       -1.25247858971529      -4.732005463124023E-002
 -0.202527039189073      -0.639258139888421      -7.958969424241831E-002
 -0.228010323585378      -0.514792630284256      -1.920329399189159E-002
   1.26797989444115      -0.205063336837175      -0.807157513870964     
   3.28294861173165      -0.662112430493447       -1.17059089801001     
   1.07580473046733       0.717402903911147       0.138680809963404     
  0.977295297827377       0.543074922468135      -6.404776089252102E-003
  0.907762909473847        1.02792414443687       0.101993310967582     
 -0.383597962103660       0.542316303760042       0.615615623551617     
  1.986862571366511E-002  -1.73816022889846       0.194136009619215     
 -0.776735587013102       0.699340420565610       0.278436526353979     
   1.07491929311346       0.879150751862918       1.935524490193827E-003
   2.14673096142079       -1.45208648157874      -4.866020680091607E-002
   2.10356726352473       0.732930160677983      -0.105022271898516     
  -1.80880711365573      -0.213076159626566       0.307035466455917     
   2.78875823037183       -1.00057866439051      -4.438331324921431E-003
   1.96131581038152      -0.295511693206039       7.290671353185216E-002
 -0.663010560236320       0.448378214353634       0.379281909873352     
   1.23350079786789        1.34120531705806       0.125917125280527     
  0.731657071675705       0.711289848046177      -0.591098772031691     
   1.19908012247798       5.243999089783438E-002 -2.936566780761302E-005
 -0.685462722735746        1.11846744388920      -5.746540247472543E-002
  1.574628437692766E-002  0.825365686963164      -0.580762261307634     
  0.129400911069575       0.569125631267364      -0.174783705283233     
 -0.501928320106518        1.07146446366016      -0.242922682173587     
   1.60889933471254      -0.368553817554723      -9.363547103277298E-003
  0.930867740688468       0.468968707948367       9.289862270510575E-003
  -1.77302233612934      -0.329477645155748       0.417780812573271     
  -1.46055051353431       1.370507763162754E-002  0.503700142666753     
  -1.45830689095178       0.622292275393345       0.487098117114293     
   1.85177998048759       0.472363658733743       2.175518030053149E-003
   2.31817164855870       -1.51193850761727       0.120525988342794     
   2.11563331770734       8.464601498528410E-002 -0.894692731803989     
  0.289542245911838       0.735852454040847       0.457934760255286     
  0.903443765589810       0.511491973255290      -6.989702836230400E-004
  0.968692432175615       0.584766909888405       0.144361755076373     
  0.661890139860090        1.58601130026899       0.459610186966378     
  0.993812271369226       6.943172783739468E-002 -0.355599564335027     
  0.988495859657217        1.25317725994296      -0.822615191205587     
   1.65969921099339       0.459464453439732      -3.591433177995619E-004
   2.01688575091160       0.417424137374451      -4.714099061165442E-002
   1.99111290314875       0.871102314601771       -1.05533774482140     
   1.32380639937934       0.654958961388693      -0.658096593632964     
  0.207604339099318        2.00517152414548      -5.759669416177592E-002
  0.445472415780472       9.867833243264446E-003 -1.793915351292807E-002
  0.138341301514185       0.144958961145898       0.128429305801281     
 -0.732306454785058       0.146972221520148       0.687089608252444     
   1.80476810946240       -1.14665397398945       0.182392137809212     
   1.59286384153270      -0.484101138600230       0.391095667616334     
   2.17191552560007      -0.337356161167160       1.476970256553176E-003
   2.07784515789302       0.752944655129844       3.937724863105808E-002
   1.69825434206826       0.712219678370076        1.87537347088737     
  -1.58216949321532      -8.136412376756330E-004 -0.221426551564394     
   1.62222189852886       0.533939058111158       -1.01140973873914     
 -0.389821081192796        1.00357866909460      -1.137692864848381E-002
   1.14796877381624       6.605681510544945E-002 -0.240211217966672     
  0.864116142729161       0.181871274109901       -1.06766328278000     
   2.42128760302359      -0.932525704725621        1.82630909340705     
 -0.248559031559241       0.510012026367140      -0.272274709394550     
   1.85741789717289       0.488675026642228       7.138556852118644E-004
  0.776623824415690       2.116849548918512E-003 -0.120372970832519     
  -1.64241787715926       0.947215897629363      -0.354350089009015     
  -1.59772818484045      -0.564094928916128        2.72147058567463     
 -0.896280898477908        1.09633776662610       -1.01309589113828     
  -1.93551839986984      -0.376411275904456       2.161641276026689E-003
  0.654124402746963      -0.425473717209745      -0.433048851138692     
   1.49189792020381      -0.595140405710096      -0.538036993035730     
   3.10881301592767      -0.561919520800666        1.75165968314661     
  0.881199596475396        1.74713748012662        1.87749535609673     
   1.51325296417087       -1.13674557248153       7.097821365092703E-003
  0.922180061574900       0.459567042774096      -1.173667029479791E-002
   3.24348918202373        1.04399911879922      -0.390605161696906     
 -0.586155176253401       0.735354311665684       -3.58360136644097     
  4.535493187247733E-002   1.52469814629163        1.89731210193358     
   2.37465677777208       -1.51214181966466       2.799845655205237E-004
  0.553551433743930       4.178545057643804E-002  3.827576633325102E-002
   1.55232750918733      -0.227115012011987        1.97778504491821     
 -0.853613753355486        1.81377418288931       -1.14686602752673     
   2.13290757266928      -0.641117479901397       -2.55556421818819     
   1.71172932646688        1.30794856997857       1.873001750702176E-003
 -0.160148455522330       -1.66684754677863      -0.406224028400839     
   1.07033581839846        1.76889717111149       -2.40570442423362     
  -1.16475130115084        1.35342234669760        1.96777813959511     
  -1.82034910780729      -0.637774016739647      -0.615133848502161     
  4.824249570683709E-002 -0.802361357175076      -6.216550114596788E-003
  -1.98214066419543      -0.284899689385884      -0.135214724657560     
  -1.67279247569401        1.06219070365334       0.104283572236283     
  0.312088405433048        1.69532659092247        3.61726150092351     
 -0.162433729320941      -0.796854583768289        2.17562296131360     
   1.72617394422703       0.482167094525451      -1.598685925025574E-003
   4.71998707368918       0.269187386079673       0.906489331549847     
  0.538674065091162       0.577492190266312        3.68286193328632     
   2.25358742216499       -1.17358031564188       -5.35403104214083     
   10.6378345348080        2.75100884963191       -11.2233524746089     
  0.983371852161664       -1.02017803284038      -4.274688172673918E-002
   1.25856618572084       -1.27246155318975       0.383455644517154     
 -0.295587317592082       0.569453567710610       -1.00818321672217     
 -0.657777039217486        1.95353072588398       -6.70703100231049     
  0.838433070897540       0.676224396517620      -0.236956385916552     
   2.36135119580214       3.400178038401883E-003 -5.300684374434475E-003
  -6.77886727822720       0.892933048831859        13.7393283872965     
  -6.56887305333543        3.87551222536445        7.68467356291863     
  0.452519611516133        2.11730289144062       8.007325380406177E-002
 -0.979542586839647        2.23789303610028       0.122196714158013     
   5.04949524689692      -0.277914867961678        11.1893932858862     
   10.3543151281326        2.38627371561532        14.5130227244873     
  -6.47479258424126        3.43366686747942       -11.4904970093149     
 -0.322062054713991      -0.507001854844220       3.692459707129850E-002
  -1.13636241499402       0.772200261527489        3.79976909162064     
   5.06673425087739       0.696049733872004       -5.09929884186164     
   1.58057496841104       0.154905982447336      -0.789088469286378     
  0.730501570749886      -0.395289125693861       0.143785069346820     
  0.477327536931816      -0.558645950101189       0.256453061596234     
  -1.77023637217827      -2.503407106034031E-002  -2.99930073126100     
 -0.805168416134421       -1.18966756546051       -4.59507119340280     
   4.89524315102569       0.742591459046649        4.11432804989775     
 -0.162268808453920      -0.154389981562349      -8.716518956806883E-003
 -6.322937327104938E-002  0.650391606720012      -9.154444134779209E-002
   1.39053887525257      -9.252723662159994E-002  -1.61114203934200     
  0.209108939031491      -0.955291626455300        1.95641147546800     
  0.290631206469704      -0.803693776443659      -0.572709108749060     
 -0.990656885283363      -0.283634514516465      -7.077823584918162E-002
  0.398864777698610       -1.11485094707579      -3.397836424476441E-002
 -0.521639890637103      -0.160017486876394        2.04939918218744     
   2.65578303812859       -1.16636592900687        2.13775455767771     
  0.599121632085518        1.34594097549590       -1.54717518826371     
   2.84564038108711       -1.16286992015927       3.584239533603277E-003
 -0.588921580381207        1.10274460614676       1.054571743106420E-002
  -1.11373732397464        2.09477971846331       0.857878931191941     
  -1.19343645274738       0.349959560592728      -0.178258538717625     
   1.52215604537721      -0.378880811219399       0.401707148945864     
  -2.11278045500348      -0.168085014704807       3.726756035501156E-002
 -0.864463054721189        1.12855565935007      -0.155584136144595     
 -0.585557913040001       0.131356625880346       -1.90929819838295     
 -0.748180522125350       0.571259583119660       0.275426320086273     
  6.434325017349959E-002  9.196594696713514E-002   1.17374650096292     
   3.42273760688953      -0.455530628305537      -7.860776193664068E-004
   1.95763104359119      -0.448807306578599      -5.138144303023968E-002
 -0.221288537060019       0.839958697298625      -0.252724124781409     
 -0.194914265943068       0.812510181461140       0.725890544914889     
   2.87564217222537       -1.03174607848553       6.420860103156423E-004
  -1.13953802674396      -0.204575740106223      -2.345794398997743E-002
  -2.21249041611584      -6.698375223729905E-002 -0.111229687090525     
  -1.33921743927332        1.25613106999321       0.768169915531772     
   1.07560484490468      -0.443778237355943       0.833873264124047     
   1.75932395231116       -1.09087848050242      -0.155434390929336     
   1.21632406644125      -0.222785709791391       2.469153929444958E-003
  0.512153763289284        1.40154535431995      -0.153145727965759     
 -0.823688880886895      -0.317039650927503      -0.666311393905041     
 -0.799988399152236        1.16478519443791      -0.149575140819675     
  -1.96368010224435      -0.376301376365076      -1.752307012257465E-002
 -0.703696734110860       0.522190496503876       3.871132352928438E-002
  -1.21830699742405      -4.644335664746553E-002  0.312553534078778     
  0.853081614412161      -2.023552576548154E-003  0.242284476242304     
  0.456381205947492       0.780491694015650       0.157922334917243     
   1.18799069116753      -1.122425736340552E-002 -6.892625423092166E-004
  0.575515709369812      -0.253921981200516      -0.103455307899517     
   1.18793381161145      -0.197401645997783      -6.397326815292929E-002
 -0.261869540881345       0.378967305773697       0.693668239422831     
 -0.131290096536778       0.252522084545559       1.590718970168506E-002
 -0.954693651189726      -0.318929158086496      -1.082574071198539E-002
 -0.586187335656273       0.296521535536432      -5.701151534558858E-002
 -0.620704092689065       0.509117816146167      -0.266569023702198     
   1.83303148097540      -0.274692998922615        1.57684722356868     
   1.08666312488846       0.548387455629649      -0.274093511070794     
 -1.095842761356626E-002   2.13092181652255       1.014771019949547E-003
   2.84300746720339      -0.929408433828818       8.849266986825584E-002
  0.815117212635133       7.063711062587427E-002 -0.126495489253850     
  0.489820190624641       0.873556949952314       -1.62715539120378     
 -0.960644888246708        1.11349164652965      -0.714806504112836     
 -0.598748702419475       0.330137184929931      -3.127137011281314E-002
 -0.342642464245895       0.562426922389457       0.106278639143898     
  -1.26149503080195       0.213954105115914       0.825979720679845     
  -1.89052842741504      -0.465361275114611       0.120741661280222     
   1.17904412556705      -0.135412700453000       0.131272633347606     
   1.15445225510899      -2.230221241116973E-002  1.156899408288857E-004
   1.71276390712870      -0.374980485527979      -0.232613303740425     
   1.81329626925256      -0.446513156488223       -1.13145253609201     
 -0.981389539598692        1.81714376835111        1.78905255458052     
  0.400279710913273      -0.497745356086044       0.728354447582216     
  0.475400145702287        1.79499926446161      -1.886684076167742E-002
  0.271917951086868        2.07686439216169      -6.086515188593367E-002
  -1.26049686932793      -0.535276854446953      -0.413555149597892     
   1.87753588419869       0.955790496450156       0.983122143468063     
   1.78783219219075       -1.53595410275366       0.674377907520380     
  0.756380509662628      -0.476311845168606      -1.858199219691453E-003
   2.87470719658766      -0.986125104701832       1.633227040537034E-002
   1.69489006938515       0.277205923113750      -2.984083830581585E-002
 -0.122427231798284        1.07862766248685       -1.72843307272671     
 -0.189056152482684       0.571220404982249      -0.246600826171123     
  0.696870932508109        1.03549660849368      -3.219858240582344E-002
  0.566689841130082        1.05039087375088       0.143743750725700     
  -1.47603519720377      -8.384073715837659E-002  0.792624960176312     
  -1.38315500731709      -0.756419888121422       1.189337851159235E-002
   1.10229784041374      -3.523531613381167E-002 -5.723891275610274E-002
   1.21816717768277      -5.960318170798443E-002 -1.700346642043490E-003
   1.90336439050553      -0.174195463993277      -0.287473671765026     
 -0.261198067101269       0.550689163715345       -1.53209360637625     
 -0.667449213242179        1.63544509495289        1.88249973786688     
  0.311537091519516        2.05184613393074       0.321801773689459     
  0.606253968935881        1.08379174506963      -7.733678041384568E-003
  0.523569284307434        1.17009944863064      -3.325076509514108E-002
  -1.36448505121832       5.144776616448805E-002  0.336679445969433     
 -0.449689135400731      -9.704390147636895E-002   1.79465709125604     
 -0.866086554134012        1.71463512339504       0.204032043849384     
   1.21557924767922       3.817173909781181E-002  3.455684283182536E-004
   1.96366856502980      -0.480511926008368       0.182096807788182     
  0.707106207807680        1.67690791211898        1.15333807272173     
  -1.46060128723799        2.06636646065182       -2.63801964781517     
  0.457081419512108        1.99926300993028      -0.736305852402556     
  -1.47813644326698        1.80009080658648      -2.006976407001939E-002
  0.656086737617914        1.21319086372423       7.566203466959448E-002
  -1.45579124812405       5.521642103356979E-002 -0.442437426384050     
  -1.73569675945074       0.939052028664154       0.138267451539479     
  0.973679681763734       6.089182073625932E-002  0.427521240610674     
   1.21171445923372      -0.240060750902504      -4.851244206491513E-003
  8.183048632618228E-002  7.366240881039310E-002 -2.246579571891515E-002
 -0.457955224200949      -0.729778530408349      -0.371265785181258     
  -1.65913382003494        1.96044469639219        1.92826290397730     
  -1.04485148164543        1.56517109802514       6.510198082299751E-002
  -1.88804405349912        2.19559177032163      -3.286392153750923E-002
  -1.46576936739933        1.78001276858044      -1.464320377200733E-002
 -0.898241072998297        2.08487789335125      -0.199344135674732     
 -0.708438346089747      -0.759657241729745      -0.383527142926520     
   1.02425975747838      -0.655645958358238      -0.129996947878727     
 -0.477504458986478       0.373389653047394      -2.550620912554803E-003
  -1.27776356397942        1.45107773353463       1.181071367443753E-002
  0.406592554605385      -1.533506761688255E-002   1.59517086359852     
 -0.807148374737140        1.29953805127012      -0.329909300789873     
  0.106980162647844        1.03909085343894      -0.194481075837218     
 -0.850456010609110        1.81752047680561      -1.384860219280246E-002
  -1.09784868783092        2.06273166168866      -6.311912744164161E-002
 -0.448196339355971        1.42655456606358      -0.815230570587233     
 -0.877238588612955        1.88530100601257       0.383372554403217     
   1.57145979417381      -4.290915190183245E-002 -0.244525204276588     
  -1.28679672887728        1.17990774593101      -4.271765248598863E-003
   1.24152545295148       5.830937224474919E-002  9.019904366515273E-002
 -3.646685513953030E-002  0.336212364058443       4.675471888027831E-002
   2.39632422119046       -4.11982651845604        1.39199174450107     
  0.294847694155856        1.18311168706438      -0.194446854181831     
 -0.399044248664999        1.31987272873620      -2.043093065118503E-002
 -0.442015003801236        1.13942240370441       5.606817664942360E-002
  -1.34326194079821        1.61321480792767      -0.379365461895052     
 -0.236247935586224       5.353171677462201E-002  -2.39251397980888     
 -9.996032688903879E-002 -0.680012277178828       0.526194828737501     
  0.360665769301219      -0.224399631854370      -2.808051854336512E-003
   1.23576010325815       3.878053422064047E-002 -5.196277328566969E-002
  0.344622641408622      -0.590476303492108      -0.983052934532106     
  -2.44396260078885       -1.23614760651657       -3.25388055681613     
  -1.31828555636042       2.316025979758026E-002 -0.379564954252300     
 -0.738049041604856        2.67613551138665      -2.657683621897902E-002
  0.402270973804251        1.41673707807406       0.158407263780321     
 -0.993937547528637        2.05802271267038        1.25879615969724     
  -2.22896756798652       -1.18270386113372        3.48242731580530     
   1.02800703486136       0.476472473206604       0.435366271929118     
  0.687835096585312      -0.367686347082025      -4.228933219510697E-003
  0.257760614520124       0.145163984253125       6.685569865145813E-002
  0.755996337998657       0.919612330396552       0.413764649382935     
 -0.316430188076397       0.673317921779104      -0.559996904581367     
 -0.697216393651971       0.631155453516481      -0.230921860079413     
 -0.511805313236027       0.986409164700778      -2.140597491107646E-002
 -0.747180186857883        1.14212440937589      -4.020601903094546E-002
  -1.31144831149840       0.303774602995821       -1.16436578045920     
 -0.280858803386507       0.916983034928225       0.504677218670849     
   1.31302520720325       0.102365396622552        1.00213610531451     
   1.17078538504807       0.415433622380873      -2.250924949830096E-003
  -1.14034570231179       0.435611093277666      -0.296191184809593     
   1.09100226757369       0.199449004734585       -1.78559928471324     
 -0.659681989327637        1.22672434283782        1.10640423025737     
 -0.661580950125866       0.299840792681468       0.963618094062314     
 -0.414685343987986       0.949457007758080      -2.769955800511878E-002
 -0.735632440466418        1.14200441936820       9.858765338519423E-002
  -1.27829994915650        1.74698742587048        1.60920969037936     
 -0.343423127381329       0.611594391392926       0.896338762974102     
 -0.552509694807932        1.57407272393168      -0.910737328225671     
  0.600058430767152       0.976698551368333       2.129404532122713E-003
  8.938829617282050E-002 -0.549040880593411        2.05149087280197     
  0.715259119122191        1.47050086578334       -1.20019929275459     
 -7.421878227583190E-002  0.582922483842061       -1.47908663514245     
 -0.272075001081728      -0.659746553977096      -8.141009636191876E-003
 -0.168777787365087       0.369418060429791      -0.214369834049977     
  4.319803917107623E-002   1.33853867926039       -2.98419579148401     
 -0.311754476415712        1.42962112511966       0.596257902208844     
 -0.338850354476619       0.396637643754889        1.68600817306156     
  0.720459357089849       0.538669864396788      -4.864595190908127E-003
 -0.323465391287193       0.259812856505195      -0.472301065437690     
  0.511305711717863       0.537443957489080       -3.25250532886334     
 -0.663516370496123      -0.286600730269433       0.912376676386430     
  -1.18600204202729      -0.437083039795368        1.56103942499883     
 -0.524559375487003        1.14205052651725      -3.199816963101409E-002
  -1.03645711213589      -0.222557701777777       0.346069190425077     
 -0.996453808237295       0.173300736885935        4.41505640682081     
  0.700127380567477       0.393920432704976        2.03256018765584     
 -0.810765009529517        1.45497097657629       -3.81898326791003     
 -0.246624417269859       0.571218942719419      -1.448654998962672E-003
  0.488931169911110      -0.357079683350105       0.630465136540540     
  -1.88884086286511       0.637926930094684        5.94687892323232     
  0.535332202417983      -4.894045330881774E-002   3.26700681761174     
   3.72548652989391      -4.335354204396874E-002  -4.01354135259829     
 -0.561238329809849        1.12752441744907       4.918431020443498E-002
  -1.48613929293516      -9.662582131326886E-002 -0.791822147872558     
  -1.84034923780105       0.381007105625984       -7.99101980434680     
   2.06968405648199      -0.211660769629835       -1.27739807039289     
   3.10722572755231      -5.772085489613291E-002   5.34631578023693     
 -0.390533707733951        1.05071178800518      -9.957194375838452E-004
  0.703882341431468      -0.543836781435827      -5.979995450006736E-002
   1.85299113919386       0.410595019184681       -1.59053410005088     
 -0.719088703612423       -1.76134271239188       -1.72247139387222     
  -2.10820527528266      -0.367533749522898        1.20792940757247     
 -0.569424973854497        1.05613648651824      -6.285065140338998E-002
 -0.911665633807816        1.21408523918845       2.450385336230120E-002
 -0.405890547821321      -0.968493262955709        3.40924917773798     
 -0.785165277340967       -1.62315170262935        1.88273391406485     
 -0.351768662382278      -0.681175513964313       -2.63356275018472     
  6.340119316409387E-002  0.264413855842416       5.987210815053553E-003
  0.931739216725594      -0.385036681719001       0.322144567433072     
 -0.954623366893065        1.01490623078274        2.20433051830869     
 -9.327896214994616E-002  0.432286626369240        2.64203647699916     
   1.38347753779298      -0.305655915887942      -0.609333909585563     
 -0.159841014582737       0.280382470959508       1.597251127989937E-002
  0.613184273345369      -0.109367867190647      -0.211395772556762     
 -0.494638658246735      -0.557211676155427       -4.03809584583370     
  -1.04101944544948      -0.397129993633430      -6.054925630622407E-002
   1.73926916885626       0.313532132071043        2.31206372802514     
  0.187262485776806      -0.100757093586645      -5.657026354746931E-003
  0.242000258617815       0.261617888393446       -1.14768031416256     
 -0.253194372404461       0.252957215688661       -2.61622946866898     
  -1.38540000709037       0.215425219327921      -0.478110428147792     
 -0.859489893653799       0.754464695551319      -4.856445282133885E-002
 -0.467483032409142       0.925638150025500       0.187609811955209     
  -1.54514946317606      -0.177420572210525        3.58549551841959     
 -0.794983300479211       0.398909659842179        1.50999198827640     
  0.120490234423424      -0.174918131042338       -1.65625497908309     
  0.602712539563871      -0.237455605845358       1.403730035253144E-003
  0.824035342371461      -0.521530328404822       0.267388069693648     
 -0.624673733331491      -0.611133791878580        2.38406994641916     
  0.106647853117654      -0.112833103302803       0.960033843893730     
   1.78887518763118       9.302306986275152E-002  0.509330907315600     
 -0.561462271562996      -0.384000507710354       3.632156258882042E-002
  0.130387661052733      -0.521513942564373      -0.374418262199589     
  0.582292347680140       0.356264072060450       -5.56346936964685     
  2.466476313509647E-002 -0.339268644400569       0.605876872062010     
  0.885626752381574      -5.807738546964922E-002   2.03305443034549     
  0.601489597834394      -0.520499078050670      -4.137028961007801E-003
  0.946756585930396       4.762624468065112E-002  -3.63019157743336     
  0.311953317336565      -0.358575350495376       -3.43474513868289     
  -3.42783797315720      -9.618686776968011E-002  0.879795887025752     
 -0.643704151582992       0.887348200879875      -8.750952098202490E-002
  -1.27768737189211       0.901988564257400       0.760596604223133     
  -1.25676440962804      -9.328722170468144E-002   7.23625431197490     
  -1.85477730786328      -0.375441396938738       -1.06790671314563     
 -0.579270343389621       7.590558527653467E-003  -3.64070021716503     
  0.434006215279798       0.479610468975625      -3.698908303634364E-003
  0.476464886450464       4.636681997598108E-003  0.845726827482941     
  0.323193367205287       5.680731187096194E-003   7.86824914567816     
  5.418526464176541E-012  5.678819092645183E-003   3.23549001443310     
 -0.323193394660431       5.709044190732981E-003  -3.65978227388496     
 -0.476407793487009       5.305915652772607E-003  2.829507544328946E-002
 -0.476406080263138      -7.590304535867115E-003  -1.09676528349479     
 -0.323193371896991      -8.525722354089920E-003  -11.0447159876814     
 -1.288776530754090E-005 -9.115854187625481E-003 -5.915399665781217E-002
  0.323193366589210      -8.455058917059220E-003   5.97984605827184     
  0.476476668825985      -7.078330003751704E-003 -9.418489741160628E-003
