  0.000000000000000E+000  -30.7713503040673       -29.5866658698958     
  6.283185307179587E-003  -21.9652216222886       -28.2188868776089     
  1.256637061435917E-002  -11.9100529938797       -16.0254666148451     
  1.884955592153876E-002  -6.68618754352583       -8.66987497304357     
  2.513274122871835E-002  -4.10380070165774       -5.11334042343882     
  3.141592653589793E-002  -2.71323665705667       -3.27743183208181     
  3.769911184307752E-002  -1.89555190019711       -2.23761973762722     
  4.398229715025710E-002  -1.37889404830549       -1.60022687281675     
  5.026548245743669E-002  -1.03333823584547       -1.18413181311784     
  5.654866776461628E-002 -0.791518596918081      -0.898593795063663     
  6.283185307179587E-002 -0.615990312117162      -0.694628069429951     
  6.911503837897544E-002 -0.484697088463064      -0.544082505950430     
  7.539822368615504E-002 -0.384002453822682      -0.429910145909984     
  8.168140899333463E-002 -0.305124879352390      -0.341325944308664     
  8.796459430051420E-002 -0.242209958744934      -0.271248400074739     
  9.424777960769379E-002 -0.191236892417209      -0.214877675796267     
  0.100530964914873      -0.149372093263401      -0.168869938114938     
  0.106814150222053      -0.114573134213812      -0.130839319662472     
  0.113097335529233      -8.533833288369465E-002 -9.904734449531634E-002
  0.119380520836412      -6.054396620225366E-002 -7.220350279583410E-002
  0.125663706143592      -3.933581074673641E-002 -4.933383224528135E-002
  0.131946891450771      -2.105527062009398E-002 -2.969228931522754E-002
  0.138230076757951      -5.188057936378612E-003 -1.269972603965910E-002
  0.144513262065130       8.672101805267202E-003  2.098918633006014E-003
  0.150796447372310       2.084955778952210E-002  1.506516233854385E-002
  0.157079632679490       3.160576469585406E-002  2.648910994289619E-002
  0.163362817986669       4.115335428777916E-002  3.660571574239258E-002
  0.169646003293849       4.966667006776057E-002  4.560688853579829E-002
  0.175929188601028       5.728974475023751E-002  5.365060987066402E-002
  0.182212373908208       6.414240550266653E-002  6.086787813024624E-002
  0.188495559215388       7.032499237731114E-002  6.736805081155790E-002
  0.194778744522567       7.592203833283907E-002  7.324299340132361E-002
  0.201061929829747       8.100516385407937E-002  7.857032983378641E-002
  0.207345115136926       8.563537192988720E-002  8.341601001378973E-002
  0.213628300444106       8.986488117402693E-002  8.783635348346468E-002
  0.219911485751286       9.373860027788292E-002  9.187968783493097E-002
  0.226194671058465       9.729532176378895E-002  9.558767111571063E-002
  0.232477856365645       0.100568694460597       9.899636596960656E-002
  0.238761041672824       0.103588020342598       0.102137117355160     
  0.245044226980004       0.106378911050311       0.105037273822121     
  0.251327412287183       0.108963831628246       0.107720783403785     
  0.257610597594363       0.111362553081242       0.110208688418249     
  0.263893782901543       0.113592530804392       0.112519538304464     
  0.270176968208722       0.115669222441752       0.114669735644214     
  0.276460153515902       0.117606356004047       0.116673827443023     
  0.282743338823081       0.119416156934671       0.118544751344090     
  0.289026524130261       0.121109541160538       0.120294044568381     
  0.295309709437441       0.122696279822223       0.121932021890645     
  0.301592894744620       0.124185140331812       0.123467927784857     
  0.307876080051800       0.125584007568088       0.124910066934925     
  0.314159265358979       0.126899988344561       0.126265916555286     
  0.320442450666159       0.128139501727807       0.127542223361268     
  0.326725635973339       0.129308357366176       0.128745087540030     
  0.333008821280518       0.130411823605026       0.129880035675596     
  0.339292006587698       0.131454686882618       0.130952084257461     
  0.345575191894877       0.132441303664781       0.131965795136748     
  0.351858377202057       0.133375645964069       0.132925324075698     
  0.358141562509236       0.134261341337405       0.133834463356071     
  0.364424747816416       0.135101708111232       0.134696679262853     
  0.370707933123596       0.135899786476022       0.135515145135604     
  0.376991118430775       0.136658365994932       0.136292770576330     
  0.383274303737955       0.137380009990297       0.137032227316222     
  0.389557489045134       0.138067077203611       0.137735972170917     
  0.395840674352314       0.138721741079702       0.138406267452794     
  0.402123859659494       0.139346006958618       0.139045199157185     
  0.408407044966673       0.139941727439026       0.139654693195606     
  0.414690230273853       0.140510616126050       0.140236529912054     
  0.420973415581032       0.141054259957263       0.140792357086752     
  0.427256600888212       0.141574130273165       0.141323701604796     
  0.433539786195391       0.142071592777348       0.141831979944061     
  0.439822971502571       0.142547916501321       0.142318507616946     
  0.446106156809751       0.143004281906825       0.142784507683516     
  0.452389342116930       0.143441788195978       0.143231118438956     
  0.458672527424110       0.143861459933383       0.143659400365598     
  0.464955712731289       0.144264253044283       0.144070342428822     
  0.471238898038469       0.144651060261177       0.144464867786654     
  0.477522083345649       0.145022716066699       0.144843838974632     
  0.483805268652828       0.145380001199176       0.145208062620325     
  0.490088453960008       0.145723646749764       0.145558293735644     
  0.496371639267187       0.146054337904762       0.145895239629605     
  0.502654824574367       0.146372717360737       0.146219563479407     
  0.508938009881546       0.146679388446426       0.146531887593511     
  0.515221195188726       0.146974917981575       0.146832796396703     
  0.521504380495906       0.147259838896032       0.147122839163879     
  0.527787565803085       0.147534652633037       0.147402532526436     
  0.534070751110265       0.147799831353677       0.147672362772641     
  0.540353936417444       0.148055819965178       0.147932787961080     
  0.546637121724624       0.148303037988954       0.148184239864372     
  0.552920307031804       0.148541881276514       0.148427125758531     
  0.559203492338983       0.148772723594243       0.148661830071825     
  0.565486677646163       0.148995918088112       0.148888715905618     
  0.571769862953342       0.149211798629179       0.149108126438395     
  0.578053048260522       0.149420681067849       0.149320386223152     
  0.584336233567701       0.149622864382801       0.149525802387272     
  0.590619418874881       0.149818631756711       0.149724665743196     
  0.596902604182061       0.150008251560464       0.149917251817375     
  0.603185789489240       0.150191978280785       0.150103821804308     
  0.609468974796420       0.150370053366174       0.150284623451838     
  0.615752160103599       0.150542706023503       0.150459891883302     
  0.622035345410779       0.150710153957979       0.150629850361626     
  0.628318530717959       0.150872604053332       0.150794711000022     
  0.634601716025138       0.151030253014210       0.150954675423484     
  0.640884901332318       0.151183287960578       0.151109935384959     
  0.647168086639497       0.151331886982982       0.151260673339695     
  0.653451271946677       0.151476219659539       0.151407062980977     
  0.659734457253857       0.151616447540320       0.151549269740206     
  0.666017642561036       0.151752724598738       0.151687451253986     
  0.672300827868216       0.151885197654361       0.151821757800695     
  0.678584013175395       0.152014006766854       0.151952332708799     
  0.684867198482575       0.152139285607775       0.152079312738974     
  0.691150383789755       0.152261161806904       0.152202828441937     
  0.697433569096934       0.152379757272308       0.152323004493747     
  0.703716754404114       0.152495188504570       0.152439960010165     
  0.709999939711293       0.152607566874354       0.152553808841568     
  0.716283125018473       0.152716998892714       0.152664659849776     
  0.722566310325652       0.152823586464004       0.152772617168045     
  0.728849495632832       0.152927427126065       0.152877780445391     
  0.735132680940012       0.153028614265375       0.152980245076309     
  0.741415866247191       0.153127237336008       0.153080102416883     
  0.747699051554371       0.153223382048443       0.153177439988196     
  0.753982236861550       0.153317130562717       0.153272341667889     
  0.760265422168730       0.153408561658242       0.153364887870642     
  0.766548607475910       0.153497750904190       0.153455155718324     
  0.772831792783089       0.153584770810494       0.153543219200454     
  0.779114978090269       0.153669690979475       0.153629149325627     
  0.785398163397448       0.153752578239499       0.153713014264458     
  0.791681348704628       0.153833496783873       0.153794879484601     
  0.797964534011807       0.153912508286276       0.153874807878324     
  0.804247719318987       0.153989672025302       0.153952859883123     
  0.810530904626167       0.154065044991102       0.154029093595792     
  0.816814089933346       0.154138681992245       0.154103564880359     
  0.823097275240526       0.154210635755354       0.154176327470256     
  0.829380460547705       0.154280957018258       0.154247433065083     
  0.835663645854885       0.154349694619887       0.154316931422276     
  0.841946831162065       0.154416895585421       0.154384870443996     
  0.848230016469244       0.154482605202904       0.154451296259514     
  0.854513201776424       0.154546867108877       0.154516253303362     
  0.860796387083603       0.154609723347648       0.154579784389489     
  0.867079572390783       0.154671214450915       0.154641930781667     
  0.873362757697962       0.154731379495884       0.154702732260345     
  0.879645943005142       0.154790256171150       0.154762227186172     
  0.885929128312322       0.154847880835804       0.154820452560362     
  0.892212313619501       0.154904288570531       0.154877444082091     
  0.898495498926681       0.154959513237934       0.154933236203082     
  0.904778684233860       0.155013587527429       0.154987862179540     
  0.911061869541040       0.155066543005275       0.155041354121589     
  0.917345054848220       0.155118410164096       0.155093743040326     
  0.923628240155399       0.155169218458883       0.155145058892651     
  0.929911425462579       0.155218996358102       0.155195330623968     
  0.936194610769758       0.155267771374931       0.155244586208888     
  0.942477796076938       0.155315570111042       0.155292852690028     
  0.948760981384117       0.155362418288397       0.155340156215020     
  0.955044166691297       0.155408340788500       0.155386522071809     
  0.961327351998477       0.155453361683743       0.155431974722344     
  0.967610537305656       0.155497504262404       0.155476537834733     
  0.973893722612836       0.155540791069146       0.155520234313953     
  0.980176907920015       0.155583243927711       0.155563086331179     
  0.986460093227195       0.155624883969359       0.155605115351803     
  0.992743278534375       0.155665731656146       0.155646342162223     
  0.999026463841554       0.155705806812781       0.155686786895441     
   1.00530964914873       0.155745128646998       0.155726469055553     
   1.01159283445591       0.155783715765793       0.155765407541164     
   1.01787601976309       0.155821586210287       0.155803620667804     
   1.02415920507027       0.155858757470050       0.155841126189370     
   1.03044239037745       0.155895246497738       0.155877941318664     
   1.03672557568463       0.155931069739503       0.155914082747050     
   1.04300876099181       0.155966243145321       0.155949566663295     
   1.04929194629899       0.156000782189142       0.155984408771604     
   1.05557513160617       0.156034701885818       0.156018624308925     
   1.06185831691335       0.156068016808734       0.156052228061519     
   1.06814150222053       0.156100741102519       0.156085234380855     
   1.07442468752771       0.156132888499819       0.156117657198861     
   1.08070787283489       0.156164472335315       0.156149510042544     
   1.08699105814207       0.156195505560599       0.156180806048028     
   1.09327424344925       0.156226000755308       0.156211557974017     
   1.09955742875643       0.156255970137798       0.156241778214733     
   1.10584061406361       0.156285425587643       0.156271478812331     
   1.11212379937079       0.156314378642650       0.156300671468821     
   1.11840698467797       0.156342840519140       0.156329367557532     
   1.12469016998515       0.156370822125288       0.156357578134118     
   1.13097335529233       0.156398334060508       0.156385313947140     
   1.13725654059951       0.156425386638614       0.156412585448238     
   1.14353972590668       0.156451989884506       0.156439402801918     
   1.14982291121386       0.156478153556097       0.156465775894953     
   1.15610609652104       0.156503887142400       0.156491714345435     
   1.16238928182822       0.156529199878107       0.156517227511486     
   1.16867246713540       0.156554100750842       0.156542324499636     
   1.17495565244258       0.156578598507012       0.156567014172888     
   1.18123883774976       0.156602701663899       0.156591305158489     
   1.18752202305694       0.156626418510353       0.156615205855404     
   1.19380520836412       0.156649757119610       0.156638724441523     
   1.20008839367130       0.156672725353950       0.156661868880601     
   1.20637157897848       0.156695330871132       0.156684646928944     
   1.21265476428566       0.156717581131713       0.156707066141850     
   1.21893794959284       0.156739483402682       0.156729133879828     
   1.22522113490002       0.156761044767121       0.156750857314582     
   1.23150432020720       0.156782272125189       0.156772243434788     
   1.23778750551438       0.156803172205634       0.156793299051665     
   1.24407069082156       0.156823751565196       0.156814030804346     
   1.25035387612874       0.156844016596790       0.156834445165067     
   1.25663706143592       0.156863973533926       0.156854548444162     
   1.26292024674310       0.156883628455335       0.156874346794904     
   1.26920343205028       0.156902987289427       0.156893846218154     
   1.27548661735746       0.156922055819173       0.156913052566870     
   1.28176980266464       0.156940839685717       0.156931971550454     
   1.28805298797182       0.156959344392663       0.156950608738943     
   1.29433617327899       0.156977575311348       0.156968969567073     
   1.30061935858617       0.156995537681156       0.156987059338193     
   1.30690254389335       0.157013236619590       0.157004883228053     
   1.31318572920053       0.157030677117545       0.157022446288462     
   1.31946891450771       0.157047864050308       0.157039753450831     
   1.32575209981489       0.157064802176252       0.157056809529587     
   1.33203528512207       0.157081496143372       0.157073619225488     
   1.33831847042925       0.157097950487057       0.157090187128814     
   1.34460165573643       0.157114169641807       0.157106517722469     
   1.35088484104361       0.157130157935790       0.157122615384971     
   1.35716802635079       0.157145919596742       0.157138484393349     
   1.36345121165797       0.157161458757983       0.157154128925947     
   1.36973439696515       0.157176779455040       0.157169553065138     
   1.37601758227233       0.157191885633310       0.157184760799948     
   1.38230076757951       0.157206781147734       0.157199756028604     
   1.38858395288669       0.157221469765125       0.157214542560991     
   1.39486713819387       0.157235955170889       0.157229124121041     
   1.40115032350105       0.157250240964071       0.157243504349041     
   1.40743350880823       0.157264330665244       0.157257686803874     
   1.41371669411541       0.157278227715936       0.157271674965182     
   1.41999987942259       0.157291935484127       0.157285472235473     
   1.42628306472977       0.157305457258600       0.157299081942153     
   1.43256625003695       0.157318796260813       0.157312507339503     
   1.43884943534413       0.157331955640703       0.157325751610591     
   1.44513262065130       0.157344938476809       0.157338817869128     
   1.45141580595848       0.157357747784348       0.157351709161265     
   1.45769899126566       0.157370386513412       0.157364428467344     
   1.46398217657284       0.157382857548726       0.157376978703581     
   1.47026536188002       0.157395163714316       0.157389362723716     
   1.47654854718720       0.157407307774871       0.157401583320604     
   1.48283173249438       0.157419292434532       0.157413643227757     
   1.48911491780156       0.157431120343316       0.157425545120849     
   1.49539810310874       0.157442794092173       0.157437291619169     
   1.50168128841592       0.157454316220622       0.157448885287035     
   1.50796447372310       0.157465689212177       0.157460328635165     
   1.51424765903028       0.157476915503184       0.157471624122012     
   1.52053084433746       0.157487997474227       0.157482774155056     
   1.52681402964464       0.157498937461099       0.157493781092060     
   1.53309721495182       0.157509737749776       0.157504647242290     
   1.53938040025900       0.157520400579925       0.157515374867703     
   1.54566358556618       0.157530928144201       0.157525966184095     
   1.55194677087336       0.157541322593738       0.157536423362225     
   1.55822995618054       0.157551586034093       0.157546748528897     
   1.56451314148772       0.157561720528226       0.157556943768023     
   1.57079632679490       0.157571728098237       0.157567011121644     
   1.57707951210208       0.157581610726836       0.157576952590933     
   1.58336269740926       0.157591370355740       0.157586770137166     
   1.58964588271644       0.157601008889162       0.157596465682664     
   1.59592906802361       0.157610528192891       0.157606041111711     
   1.60221225333079       0.157619930096837       0.157615498271449     
   1.60849543863797       0.157629216394693       0.157624838972745     
   1.61477862394515       0.157638388844668       0.157634064991037     
   1.62106180925233       0.157647449171933       0.157643178067152     
   1.62734499455951       0.157656399066490       0.157652179908113     
   1.63362817986669       0.157665240188972       0.157661072187909     
   1.63991136517387       0.157673974161783       0.157669856548256     
   1.64619455048105       0.157682602583321       0.157678534599337     
   1.65247773578823       0.157691127018210       0.157687107920512     
   1.65876092109541       0.157699548999684       0.157695578061023     
   1.66504410640259       0.157707870035212       0.157703946540671     
   1.67132729170977       0.157716091601941       0.157712214850479     
   1.67761047701695       0.157724215148542       0.157720384453333     
   1.68389366232413       0.157732242098669       0.157728456784617     
   1.69017684763131       0.157740173846350       0.157736433252815     
   1.69646003293849       0.157748011762798       0.157744315240116     
   1.70274321824567       0.157755757191856       0.157752104102988     
   1.70902640355285       0.157763411453213       0.157759801172744     
   1.71530958886003       0.157770975840956       0.157767407756095     
   1.72159277416721       0.157778451627405       0.157774925135684     
   1.72787595947439       0.157785840060449       0.157782354570611     
   1.73415914478157       0.157793142364323       0.157789697296942     
   1.74044233008875       0.157800359742370       0.157796954528204     
   1.74672551539592       0.157807493376853       0.157804127455873     
   1.75300870070310       0.157814544424666       0.157811217249843     
   1.75929188601028       0.157821514027997       0.157818225058886     
   1.76557507131746       0.157828403302090       0.157825152011103     
   1.77185825662464       0.157835213347020       0.157831999214361     
   1.77814144193182       0.157841945240887       0.157838767756719     
   1.78442462723900       0.157848600043092       0.157845458706842     
   1.79070781254618       0.157855178795536       0.157852073114415     
   1.79699099785336       0.157861682518500       0.157858612010528     
   1.80327418316054       0.157868112218160       0.157865076408072     
   1.80955736846772       0.157874468879498       0.157871467302110     
   1.81584055377490       0.157880753473140       0.157877785670246     
   1.82212373908208       0.157886966951088       0.157884032472988     
   1.82840692438926       0.157893110248719       0.157890208654093     
   1.83469010969644       0.157899184286369       0.157896315140909     
   1.84097329500362       0.157905189967685       0.157902352844713     
   1.84725648031080       0.157911128179408       0.157908322661034     
   1.85353966561798       0.157916999796597       0.157914225469971     
   1.85982285092516       0.157922805675003       0.157920062136502     
   1.86610603623234       0.157928546658598       0.157925833510791     
   1.87238922153952       0.157934223577237       0.157931540428481     
   1.87867240684670       0.157939837242727       0.157937183710983     
   1.88495559215388       0.157945388459087       0.157942764165758     
   1.89123877746106       0.157950878012198       0.157948282586596     
   1.89752196276823       0.157956306676403       0.157953739753880     
   1.90380514807541       0.157961675211587       0.157959136434855     
   1.91008833338259       0.157966984368033       0.157964473383878     
   1.91637151868977       0.157972234879671       0.157969751342675     
   1.92265470399695       0.157977427471990       0.157974971040584     
   1.92893788930413       0.157982562853971       0.157980133194792     
   1.93522107461131       0.157987641727432       0.157985238510576     
   1.94150425991849       0.157992664778589       0.157990287681524     
   1.94778744522567       0.157997632685500       0.157995281389763     
   1.95407063053285       0.158002546113903       0.158000220306177     
   1.96035381584003       0.158007405716819       0.158005105090621     
   1.96663700114721       0.158012212139890       0.158009936392128     
   1.97292018645439       0.158016966016078       0.158014714849115     
   1.97920337176157       0.158021667967594       0.158019441089582     
   1.98548655706875       0.158026318608281       0.158024115731308     
   1.99176974237593       0.158030918540787       0.158028739382039     
   1.99805292768311       0.158035468359404       0.158033312639679     
   2.00433611299029       0.158039968645200       0.158037836092469     
   2.01061929829747       0.158044419975422       0.158042310319167     
   2.01690248360465       0.158048822913236       0.158046735889220     
   2.02318566891183       0.158053178015199       0.158051113362941     
   2.02946885421901       0.158057485829578       0.158055443291669     
   2.03575203952619       0.158061746892262       0.158059726217934     
   2.04203522483337       0.158065961735352       0.158063962675622     
   2.04831841014055       0.158070130878868       0.158068153190125     
   2.05460159544772       0.158074254835523       0.158072298278496     
   2.06088478075490       0.158078334112380       0.158076398449601     
   2.06716796606208       0.158082369205269       0.158080454204262     
   2.07345115136926       0.158086360602728       0.158084466035403     
   2.07973433667644       0.158090308786392       0.158088434428188     
   2.08601752198362       0.158094214231783       0.158092359860161     
   2.09230070729080       0.158098077403699       0.158096242801378     
   2.09858389259798       0.158101898762097       0.158100083714541     
   2.10486707790516       0.158105678759276       0.158103883055122     
   2.11115026321234       0.158109417839320       0.158107641271497     
   2.11743344851952       0.158113116442202       0.158111358805061     
   2.12371663382670       0.158116774996768       0.158115036090354     
   2.12999981913388       0.158120393929266       0.158118673555178     
   2.13628300444106       0.158123973656989       0.158122271620711     
   2.14256618974824       0.158127514592014       0.158125830701625     
   2.14884937505542       0.158131017139229       0.158129351206192     
   2.15513256036260       0.158134481698678       0.158132833536395     
   2.16141574566978       0.158137908661969       0.158136278088036     
   2.16769893097696       0.158141298416619       0.158139685250836     
   2.17398211628414       0.158144651342431       0.158143055408544     
   2.18026530159132       0.158147967816696       0.158146388939029     
   2.18654848689850       0.158151248206804       0.158149686214384     
   2.19283167220568       0.158154492877482       0.158152947601021     
   2.19911485751286       0.158157702186626       0.158156173459762     
   2.20539804282003       0.158160876487015       0.158159364145936     
   2.21168122812721       0.158164016125604       0.158162520009463     
   2.21796441343439       0.158167121445555       0.158165641394951     
   2.22424759874157       0.158170192782493       0.158168728641773     
   2.23053078404875       0.158173230468797       0.158171782084161     
   2.23681396935593       0.158176234831860       0.158174802051282     
   2.24309715466311       0.158179206192393       0.158177788867325     
   2.24938033997029       0.158182144867940       0.158180742851577     
   2.25566352527747       0.158185051170999       0.158183664318503     
   2.26194671058465       0.158187925408437       0.158186553577823     
   2.26822989589183       0.158190767883226       0.158189410934589     
   2.27451308119901       0.158193578894039       0.158192236689253     
   2.28079626650619       0.158196358734617       0.158195031137745     
   2.28707945181337       0.158199107693841       0.158197794571543     
   2.29336263712055       0.158201826057023       0.158200527277740     
   2.29964582242773       0.158204514105536       0.158203229539113     
   2.30592900773491       0.158207172114166       0.158205901634192     
   2.31221219304209       0.158209800357336       0.158208543837323     
   2.31849537834927       0.158212399102353       0.158211156418732     
   2.32477856365645       0.158214968613301       0.158213739644589     
   2.33106174896363       0.158217509150507       0.158216293777072     
   2.33734493427081       0.158220020970959       0.158218819074422     
   2.34362811957799       0.158222504326602       0.158221315791006     
   2.34991130488517       0.158224959466192       0.158223784177375     
   2.35619449019234       0.158227386635238       0.158226224480321     
   2.36247767549952       0.158229786074414       0.158228636942930     
   2.36876086080670       0.158232158022267       0.158231021804643     
   2.37504404611388       0.158234502712091       0.158233379301303     
   2.38132723142106       0.158236820374891       0.158235709665211     
   2.38761041672824       0.158239111238071       0.158238013125179     
   2.39389360203542       0.158241375524726       0.158240289906578     
   2.40017678734260       0.158243613455654       0.158242540231389     
   2.40645997264978       0.158245825248000       0.158244764318252     
   2.41274315795696       0.158248011115819       0.158246962382513     
   2.41902634326414       0.158250171268901       0.158249134636271     
   2.42530952857132       0.158252305915255       0.158251281288428     
   2.43159271387850       0.158254415258666       0.158253402544725     
   2.43787589918568       0.158256499500534       0.158255498607796     
   2.44415908449286       0.158258558839245       0.158257569677207     
   2.45044226980004       0.158260593469704       0.158259615949497     
   2.45672545510722       0.158262603583885       0.158261637618224     
   2.46300864041440       0.158264589370966       0.158263634874002     
   2.46929182572158       0.158266551017652       0.158265607904543     
   2.47557501102876       0.158268488707249       0.158267556894698     
   2.48185819633594       0.158270402620692       0.158269482026492     
   2.48814138164312       0.158272292935163       0.158271383479166     
   2.49442456695030       0.158274159826329       0.158273261429210     
   2.50070775225748       0.158276003467286       0.158275116050404     
   2.50699093756465       0.158277824026221       0.158276947513850     
   2.51327412287183       0.158279621672316       0.158278755988009     
   2.51955730817901       0.158281396568653       0.158280541638736     
   2.52584049348619       0.158283148878612       0.158282304629311     
   2.53212367879337       0.158284878760627       0.158284045120476     
   2.53840686410055       0.158286586372246       0.158285763270465     
   2.54469004940773       0.158288271867820       0.158287459235036     
   2.55097323471491       0.158289935399761       0.158289133167503     
   2.55725642002209       0.158291577117913       0.158290785218767     
   2.56353960532927       0.158293197169031       0.158292415537345     
   2.56982279063645       0.158294795698787       0.158294024269400     
   2.57610597594363       0.158296372849959       0.158295611558770     
   2.58238916125081       0.158297928762528       0.158297177546997     
   2.58867234655799       0.158299463574872       0.158298722373354     
   2.59495553186517       0.158300977422823       0.158300246174872     
   2.60123871717235       0.158302470440880       0.158301749086368     
   2.60752190247953       0.158303942760068       0.158303231240471     
   2.61380508778671       0.158305394508993       0.158304692767645     
   2.62008827309389       0.158306825816754       0.158306133796221     
   2.62637145840107       0.158308236807327       0.158307554452412     
   2.63265464370825       0.158309627603627       0.158308954860347     
   2.63893782901543       0.158310998327795       0.158310335142087     
   2.64522101432261       0.158312349098667       0.158311695417655     
   2.65150419962979       0.158313680032579       0.158313035805054     
   2.65778738493696       0.158314991244329       0.158314356420289     
   2.66407057024414       0.158316282848416       0.158315657377395     
   2.67035375555132       0.158317554954497       0.158316938788452     
   2.67663694085850       0.158318807673310       0.158318200763608     
   2.68292012616568       0.158320041110844       0.158319443411103     
   2.68920331147286       0.158321255373809       0.158320666837283     
   2.69548649678004       0.158322450564502       0.158321871146627     
   2.70176968208722       0.158323626785159       0.158323056441759     
   2.70805286739440       0.158324784136002       0.158324222823475     
   2.71433605270158       0.158325922714570       0.158325370390755     
   2.72061923800876       0.158327042617662       0.158326499240783     
   2.72690242331594       0.158328143940192       0.158327609468968     
   2.73318560862312       0.158329226773940       0.158328701168958     
   2.73946879393030       0.158330291210976       0.158329774432658     
   2.74575197923748       0.158331337339770       0.158330829350249     
   2.75203516454466       0.158332365248671       0.158331866010200     
   2.75831834985184       0.158333375022787       0.158332884499289     
   2.76460153515902       0.158334366747627       0.158333884902614     
   2.77088472046620       0.158335340505075       0.158334867303614     
   2.77716790577338       0.158336296376121       0.158335831784078     
   2.78345109108056       0.158337234440726       0.158336778424164     
   2.78973427638774       0.158338154775716       0.158337707302411     
   2.79601746169492       0.158339057458177       0.158338618495756     
   2.80230064700210       0.158339942561813       0.158339512079543     
   2.80858383230927       0.158340810159996       0.158340388127543     
   2.81486701761645       0.158341660324722       0.158341246711959     
   2.82115020292363       0.158342493125124       0.158342087903447     
   2.82743338823081       0.158343308630120       0.158342911771122     
   2.83371657353799       0.158344106906240       0.158343718382576     
   2.83999975884517       0.158344888018835       0.158344507803884     
   2.84628294415235       0.158345652031929       0.158345280099620     
   2.85256612945953       0.158346399008021       0.158346035332867     
   2.85884931476671       0.158347129007117       0.158346773565228     
   2.86513250007389       0.158347842089749       0.158347494856837     
   2.87141568538107       0.158348538313450       0.158348199266367     
   2.87769887068825       0.158349217734698       0.158348886851047     
   2.88398205599543       0.158349880408558       0.158349557666664     
   2.89026524130261       0.158350526388843       0.158350211767577     
   2.89654842660979       0.158351155727618       0.158350849206727     
   2.90283161191697       0.158351768475977       0.158351470035643     
   2.90911479722415       0.158352364682962       0.158352074304455     
   2.91539798253133       0.158352944397105       0.158352662061899     
   2.92168116783851       0.158353507665088       0.158353233355326     
   2.92796435314569       0.158354054531574       0.158353788230714     
   2.93424753845287       0.158354585041500       0.158354326732671     
   2.94053072376005       0.158355099236095       0.158354848904444     
   2.94681390906723       0.158355597158012       0.158355354787928     
   2.95309709437441       0.158356078846493       0.158355844423674     
   2.95938027968159       0.158356544339708       0.158356317850890     
   2.96566346498876       0.158356993675602       0.158356775107457     
   2.97194665029594       0.158357426889379       0.158357216229926     
   2.97822983560312       0.158357844016147       0.158357641253531     
   2.98451302091030       0.158358245089580       0.158358050212192     
   2.99079620621748       0.158358630140216       0.158358443138521     
   2.99707939152466       0.158358999200449       0.158358820063829     
   3.00336257683184       0.158359352298226       0.158359181018129     
   3.00964576213902       0.158359689462438       0.158359526030143     
   3.01592894744620       0.158360010720221       0.158359855127306     
   3.02221213275338       0.158360316095946       0.158360168335772     
   3.02849531806056       0.158360605614908       0.158360465680416     
   3.03477850336774       0.158360879299181       0.158360747184839     
   3.04106168867492       0.158361137171511       0.158361012871375     
   3.04734487398210       0.158361379251519       0.158361262761088     
   3.05362805928928       0.158361605558874       0.158361496873785     
   3.05991124459646       0.158361816110988       0.158361715228010     
   3.06619442990364       0.158362010924629       0.158361917841054     
   3.07247761521082       0.158362190015864       0.158362104728953     
   3.07876080051800       0.158362353398206       0.158362275906494     
   3.08504398582518       0.158362501084431       0.158362431387216     
   3.09132717113236       0.158362633087126       0.158362571183415     
   3.09761035643954       0.158362749416166       0.158362695306139     
   3.10389354174672       0.158362850080023       0.158362803765200     
   3.11017672705390       0.158362935088008       0.158362896569165     
   3.11645991236107       0.158363004446059       0.158362973725367     
   3.12274309766825       0.158363058159585       0.158363035239899     
   3.12902628297543       0.158363096233083       0.158363081117619     
   3.13530946828261       0.158363118669494       0.158363111362150     
   3.14159265358979       0.158363125470733       0.158363125975881     
   3.14787583889697       0.158363116636873       0.158363124959965     
   3.15415902420415       0.158363092167695       0.158363108314322     
   3.16044220951133       0.158363052061495       0.158363076037637     
   3.16672539481851       0.158362996314213       0.158363028127362     
   3.17300858012569       0.158362924922101       0.158362964579714     
   3.17929176543287       0.158362837879503       0.158362885389674     
   3.18557495074005       0.158362735178930       0.158362790550988     
   3.19185813604723       0.158362616813328       0.158362680056162     
   3.19814132135441       0.158362482772533       0.158362553896467     
   3.20442450666159       0.158362333045931       0.158362412061932     
   3.21070769196877       0.158362167622244       0.158362254541344     
   3.21699087727595       0.158361986488520       0.158362081322249     
   3.22327406258313       0.158361789629240       0.158361892390944     
   3.22955724789031       0.158361577029960       0.158361687732481     
   3.23584043319749       0.158361348673417       0.158361467330659     
   3.24212361850467       0.158361104541762       0.158361231168025     
   3.24840680381185       0.158360844615098       0.158360979225872     
   3.25468998911903       0.158360568873283       0.158360711484229     
   3.26097317442621       0.158360277294361       0.158360427921867     
   3.26725635973338       0.158359969854973       0.158360128516288     
   3.27353954504056       0.158359646531339       0.158359813243725     
   3.27982273034774       0.158359307297489       0.158359482079137     
   3.28610591565492       0.158358952126017       0.158359134996205     
   3.29238910096210       0.158358580988416       0.158358771967325     
   3.29867228626928       0.158358193856443       0.158358392963610     
   3.30495547157646       0.158357790698086       0.158357997954876     
   3.31123865688364       0.158357371481893       0.158357586909644     
   3.31752184219082       0.158356936174123       0.158357159795133     
   3.32380502749800       0.158356484740119       0.158356716577252     
   3.33008821280518       0.158356017143232       0.158356257220596     
   3.33637139811236       0.158355533347451       0.158355781688441     
   3.34265458341954       0.158355033312043       0.158355289942735     
   3.34893776872672       0.158354516998640       0.158354781944095     
   3.35522095403390       0.158353984365026       0.158354257651796     
   3.36150413934108       0.158353435368468       0.158353717023768     
   3.36778732464826       0.158352869965178       0.158353160016587     
   3.37407050995544       0.158352288109723       0.158352586585466     
   3.38035369526262       0.158351689755340       0.158351996684252     
   3.38663688056980       0.158351074852903       0.158351390265412     
   3.39292006587698       0.158350443353725       0.158350767280030     
   3.39920325118416       0.158349795206177       0.158350127677795     
   3.40548643649134       0.158349130358366       0.158349471406994     
   3.41176962179852       0.158348448756094       0.158348798414503     
   3.41805280710570       0.158347750343773       0.158348108645778     
   3.42433599241287       0.158347035065387       0.158347402044844     
   3.43061917772005       0.158346302862082       0.158346678554287     
   3.43690236302723       0.158345553674966       0.158345938115243     
   3.44318554833441       0.158344787442220       0.158345180667387     
   3.44946873364159       0.158344004102074       0.158344406148925     
   3.45575191894877       0.158343203590072       0.158343614496582     
   3.46203510425595       0.158342385840367       0.158342805645588     
   3.46831828956313       0.158341550786557       0.158341979529672     
   3.47460147487031       0.158340698359663       0.158341136081044     
   3.48088466017749       0.158339828489922       0.158340275230391     
   3.48716784548467       0.158338941105309       0.158339396906855     
   3.49345103079185       0.158338036131951       0.158338501038031     
   3.49973421609903       0.158337113496521       0.158337587549943     
   3.50601740140621       0.158336173121521       0.158336656367042     
   3.51230058671339       0.158335214929948       0.158335707412182     
   3.51858377202057       0.158334238841172       0.158334740606616     
   3.52486695732775       0.158333244774867       0.158333755869974     
   3.53115014263493       0.158332232647622       0.158332753120253     
   3.53743332794211       0.158331202375176       0.158331732273800     
   3.54371651324929       0.158330153871123       0.158330693245299     
   3.54999969855647       0.158329087047752       0.158329635947753     
   3.55628288386365       0.158328001815770       0.158328560292472     
   3.56256606917083       0.158326898083607       0.158327466189050     
   3.56884925447801       0.158325775757617       0.158326353545359     
   3.57513243978518       0.158324634744009       0.158325222267521     
   3.58141562509236       0.158323474945807       0.158324072259899     
   3.58769881039954       0.158322296264415       0.158322903425075     
   3.59398199570672       0.158321098600229       0.158321715663833     
   3.60026518101390       0.158319881850880       0.158320508875144     
   3.60654836632108       0.158318645912666       0.158319282956140     
   3.61283155162826       0.158317390679250       0.158318037802104     
   3.61911473693544       0.158316116044434       0.158316773306442     
   3.62539792224262       0.158314821897989       0.158315489360669     
   3.63168110754980       0.158313508128519       0.158314185854385     
   3.63796429285698       0.158312174621954       0.158312862675259     
   3.64424747816416       0.158310821264988       0.158311519709001     
   3.65053066347134       0.158309447937348       0.158310156839346     
   3.65681384877852       0.158308054523142       0.158308773948031     
   3.66309703408570       0.158306640898222       0.158307370914769     
   3.66938021939288       0.158305206940451       0.158305947617232     
   3.67566340470006       0.158303752524349       0.158304503931021     
   3.68194659000724       0.158302277521782       0.158303039729648     
   3.68822977531442       0.158300781803718       0.158301554884508     
   3.69451296062160       0.158299265237872       0.158300049264855     
   3.70079614592878       0.158297727690126       0.158298522737779     
   3.70707933123596       0.158296169024343       0.158296975168175     
   3.71336251654314       0.158294589101704       0.158295406418723     
   3.71964570185032       0.158292987782525       0.158293816349857     
   3.72592888715749       0.158291364922958       0.158292204819738     
   3.73221207246467       0.158289720377520       0.158290571684226     
   3.73849525777185       0.158288053998897       0.158288916796855     
   3.74477844307903       0.158286365636533       0.158287240008799     
   3.75106162838621       0.158284655138668       0.158285541168845     
   3.75734481369339       0.158282922350188       0.158283820123364     
   3.76362799900057       0.158281167112844       0.158282076716277     
   3.76991118430775       0.158279389268334       0.158280310789026     
   3.77619436961493       0.158277588652997       0.158278522180541     
   3.78247755492211       0.158275765102484       0.158276710727208     
   3.78876074022929       0.158273918448947       0.158274876262838     
   3.79504392553647       0.158272048522439       0.158273018618626     
   3.80132711084365       0.158270155150010       0.158271137623124     
   3.80761029615083       0.158268238155808       0.158269233102203     
   3.81389348145801       0.158266297362257       0.158267304879017     
   3.82017666676519       0.158264332587540       0.158265352773966     
   3.82645985207237       0.158262343648740       0.158263376604658     
   3.83274303737955       0.158260330358267       0.158261376185873     
   3.83902622268673       0.158258292526434       0.158259351329525     
   3.84530940799391       0.158256229961456       0.158257301844617     
   3.85159259330109       0.158254142467746       0.158255227537209     
   3.85787577860827       0.158252029846462       0.158253128210369     
   3.86415896391545       0.158249891895665       0.158251003664134     
   3.87044214922263       0.158247728411822       0.158248853695471     
   3.87672533452980       0.158245539185767       0.158246678098228     
   3.88300851983698       0.158243324007215       0.158244476663092     
   3.88929170514416       0.158241082662262       0.158242249177544     
   3.89557489045134       0.158238814933364       0.158239995425811     
   3.90185807575852       0.158236520598758       0.158237715188823     
   3.90814126106570       0.158234199435433       0.158235408244160     
   3.91442444637288       0.158231851214774       0.158233074366008     
   3.92070763168006       0.158229475707250       0.158230713325102     
   3.92699081698724       0.158227072676823       0.158228324888686     
   3.93327400229442       0.158224641885181       0.158225908820450     
   3.93955718760160       0.158222183091382       0.158223464880484     
   3.94584037290878       0.158219696049040       0.158220992825223     
   3.95212355821596       0.158217180510109       0.158218492407389     
   3.95840674352314       0.158214636220892       0.158215963375938     
   3.96468992883032       0.158212062924170       0.158213405476003     
   3.97097311413750       0.158209460359428       0.158210818448835     
   3.97725629944468       0.158206828262523       0.158208202031740     
   3.98353948475186       0.158204166363303       0.158205555958024     
   3.98982267005904       0.158201474390287       0.158202879956929     
   3.99610585536622       0.158198752065356       0.158200173753570     
   4.00238904067340       0.158195999108136       0.158197437068867     
   4.00867222598058       0.158193215231781       0.158194669619487     
   4.01495541128776       0.158190400147594       0.158191871117769     
   4.02123859659494       0.158187553560157       0.158189041271662     
   4.02752178190211       0.158184675171039       0.158186179784653     
   4.03380496720929       0.158181764677266       0.158183286355693     
   4.04008815251647       0.158178821770434       0.158180360679129     
   4.04637133782365       0.158175846137658       0.158177402444630     
   4.05265452313083       0.158172837461218       0.158174411337106     
   4.05893770843801       0.158169795418517       0.158171387036638     
   4.06522089374519       0.158166719682197       0.158168329218395     
   4.07150407905237       0.158163609921080       0.158165237552556     
   4.07778726435955       0.158160465795509       0.158162111704226     
   4.08407044966673       0.158157286963447       0.158158951333354     
   4.09035363497391       0.158154073077867       0.158155756094649     
   4.09663682028109       0.158150823783381       0.158152525637491     
   4.10292000558827       0.158147538723749       0.158149259605844     
   4.10920319089545       0.158144217532184       0.158145957638162     
   4.11548637620263       0.158140859839108       0.158142619367302     
   4.12176956150981       0.158137465269023       0.158139244420425     
   4.12805274681699       0.158134033439931       0.158135832418903     
   4.13433593212417       0.158130563965172       0.158132382978216     
   4.14061911743135       0.158127056450194       0.158128895707859     
   4.14690230273853       0.158123510495095       0.158125370211232     
   4.15318548804571       0.158119925693689       0.158121806085541     
   4.15946867335289       0.158116301634455       0.158118202921687     
   4.16575185866007       0.158112637897076       0.158114560304160     
   4.17203504396725       0.158108934057749       0.158110877810926     
   4.17831822927443       0.158105189683059       0.158107155013315     
   4.18460141458160       0.158101404334438       0.158103391475901     
   4.19088459988878       0.158097577565515       0.158099586756390     
   4.19716778519596       0.158093708924009       0.158095740405490     
   4.20345097050314       0.158089797949875       0.158091851966795     
   4.20973415581032       0.158085844174411       0.158087920976656     
   4.21601734111750       0.158081847124502       0.158083946964051     
   4.22230052642468       0.158077806315574       0.158079929450453     
   4.22858371173186       0.158073721258994       0.158075867949696     
   4.23486689703904       0.158069591455846       0.158071761967838     
   4.24115008234622       0.158065416400600       0.158067611003019     
   4.24743326765340       0.158061195579494       0.158063414545317     
   4.25371645296058       0.158056928468555       0.158059172076605     
   4.25999963826776       0.158052614537958       0.158054883070393     
   4.26628282357494       0.158048253248140       0.158050546991682     
   4.27256600888212       0.158043844051299       0.158046163296806     
   4.27884919418930       0.158039386389085       0.158041731433267     
   4.28513237949648       0.158034879695949       0.158037250839577     
   4.29141556480366       0.158030323396279       0.158032720945085     
   4.29769875011084       0.158025716905536       0.158028141169812     
   4.30398193541802       0.158021059628266       0.158023510924271     
   4.31026512072520       0.158016350961603       0.158018829609288     
   4.31654830603238       0.158011590289852       0.158014096615825     
   4.32283149133956       0.158006776989979       0.158009311324784     
   4.32911467664673       0.158001910425399       0.158004473106822     
   4.33539786195391       0.157996989953303       0.157999581322153     
   4.34168104726109       0.157992014914158       0.157994635320349     
   4.34796423256827       0.157986984644870       0.157989634440134     
   4.35424741787545       0.157981898464793       0.157984578009174     
   4.36053060318263       0.157976755684886       0.157979465343864     
   4.36681378848981       0.157971555604252       0.157974295749108     
   4.37309697379699       0.157966297509674       0.157969068518098     
   4.37938015910417       0.157960980675888       0.157963782932077     
   4.38566334441135       0.157955604365954       0.157958438260111     
   4.39194652971853       0.157950167829917       0.157953033758847     
   4.39822971502571       0.157944670304609       0.157947568672266     
   4.40451290033289       0.157939111014892       0.157942042231430     
   4.41079608564007       0.157933489171320       0.157936453654227     
   4.41707927094725       0.157927803971797       0.157930802145108     
   4.42336245625443       0.157922054598246       0.157925086894811     
   4.42964564156161       0.157916240221447       0.157919307080092     
   4.43592882686879       0.157910359996568       0.157913461863438     
   4.44221201217597       0.157904413063030       0.157907550392775     
   4.44849519748315       0.157898398546177       0.157901571801176     
   4.45477838279033       0.157892315556403       0.157895525206554     
   4.46106156809751       0.157886163187773       0.157889409711353     
   4.46734475340469       0.157879940517757       0.157883224402223     
   4.47362793871187       0.157873646609620       0.157876968349703     
   4.47991112401905       0.157867280507942       0.157870640607876     
   4.48619430932622       0.157860841242066       0.157864240214034     
   4.49247749463340       0.157854327821854       0.157857766188323     
   4.49876067994058       0.157847739241787       0.157851217533383     
   4.50504386524776       0.157841074476482       0.157844593233980     
   4.51132705055494       0.157834332483327       0.157837892256625     
   4.51761023586212       0.157827512200436       0.157831113549193     
   4.52389342116930       0.157820612544864       0.157824256040518     
   4.53017660647648       0.157813632418670       0.157817318639990     
   4.53645979178366       0.157806570698989       0.157810300237136     
   4.54274297709084       0.157799426243819       0.157803199701194     
   4.54902616239802       0.157792197892815       0.157796015880670     
   4.55530934770520       0.157784884460737       0.157788747602892     
   4.56159253301238       0.157777484741580       0.157781393673544     
   4.56787571831956       0.157769997508017       0.157773952876196     
   4.57415890362674       0.157762421509198       0.157766423971816     
   4.58044208893392       0.157754755469728       0.157758805698274     
   4.58672527424110       0.157746998092191       0.157751096769826     
   4.59300845954828       0.157739148054863       0.157743295876594     
   4.59929164485546       0.157731204007656       0.157735401684027     
   4.60557483016264       0.157723164580196       0.157727412832344     
   4.61185801546982       0.157715028372394       0.157719327935974     
   4.61814120077700       0.157706793956462       0.157711145582966     
   4.62442438608418       0.157698459882520       0.157702864334398     
   4.63070757139136       0.157690024667328       0.157694482723762     
   4.63699075669853       0.157681486802360       0.157685999256329     
   4.64327394200571       0.157672844748951       0.157677412408511     
   4.64955712731289       0.157664096935253       0.157668720627188     
   4.65584031262007       0.157655241766694       0.157659922329032     
   4.66212349792725       0.157646277609968       0.157651015899804     
   4.66840668323443       0.157637202803144       0.157641999693633     
   4.67468986854161       0.157628015651354       0.157632872032279     
   4.68097305384879       0.157618714424711       0.157623631204370     
   4.68725623915597       0.157609297360536       0.157614275464624     
   4.69353942446315       0.157599762661612       0.157604803033044     
   4.69982260977033       0.157590108492356       0.157595212094097     
   4.70610579507751       0.157580332981873       0.157585500795861     
   4.71238898038469       0.157570434221555       0.157575667249159     
   4.71867216569187       0.157560410264078       0.157565709526657     
   4.72495535099905       0.157550259122333       0.157555625661947     
   4.73123853630623       0.157539978768815       0.157545413648600     
   4.73752172161341       0.157529567134004       0.157535071439186     
   4.74380490692059       0.157519022107478       0.157524596944279     
   4.75008809222777       0.157508341532863       0.157513988031419     
   4.75637127753495       0.157497523210688       0.157503242524055     
   4.76265446284213       0.157486564896672       0.157492358200454     
   4.76893764814931       0.157475464296806       0.157481332792575     
   4.77522083345649       0.157464219071126       0.157470163984915     
   4.78150401876367       0.157452826829336       0.157458849413317     
   4.78778720407084       0.157441285133446       0.157447386663747     
   4.79407038937802       0.157429591486934       0.157435773271032     
   4.80035357468520       0.157417743349347       0.157424006717561     
   4.80663675999238       0.157405738117677       0.157412084431948     
   4.81291994529956       0.157393573138398       0.157400003787656     
   4.81920313060674       0.157381245697369       0.157387762101575     
   4.82548631591392       0.157368753022554       0.157375356632563     
   4.83176950122110       0.157356092283063       0.157362784579941     
   4.83805268652828       0.157343260584890       0.157350043081936     
   4.84433587183546       0.157330254969003       0.157337129214090     
   4.85061905714264       0.157317072415317       0.157324039987603     
   4.85690224244982       0.157303709832160       0.157310772347640     
   4.86318542775700       0.157290164060982       0.157297323171578     
   4.86946861306418       0.157276431874585       0.157283689267196     
   4.87575179837136       0.157262509971120       0.157269867370817     
   4.88203498367854       0.157248394974107       0.157255854145385     
   4.88831816898572       0.157234083432032       0.157241646178482     
   4.89460135429290       0.157219571814609       0.157227239980282     
   4.90088453960008       0.157204856509894       0.157212631981445     
   4.90716772490726       0.157189933824550       0.157197818530939     
   4.91345091021444       0.157174799978519       0.157182795893790     
   4.91973409552162       0.157159451106110       0.157167560248764     
   4.92601728082880       0.157143883250566       0.157152107685973     
   4.93230046613598       0.157128092362770       0.157136434204399     
   4.93858365144315       0.157112074298192       0.157120535709345     
   4.94486683675033       0.157095824816085       0.157104408009792     
   4.95115002205751       0.157079339573763       0.157088046815679     
   4.95743320736469       0.157062614125260       0.157071447735084     
   4.96371639267187       0.157045643919169       0.157054606271315     
   4.96999957797905       0.157028424294423       0.157037517819905     
   4.97628276328623       0.157010950477556       0.157020177665506     
   4.98256594859341       0.156993217578370       0.157002580978669     
   4.98884913390059       0.156975220588725       0.156984722812530     
   4.99513231920777       0.156956954377113       0.156966598099368     
   5.00141550451495       0.156938413685168       0.156948201647056     
   5.00769868982213       0.156919593127003       0.156929528135381     
   5.01398187512931       0.156900487179383       0.156910572112243     
   5.02026506043649       0.156881090183875       0.156891327989719     
   5.02654824574367       0.156861396338935       0.156871790039987     
   5.03283143105085       0.156841399696991       0.156851952391109     
   5.03911461635803       0.156821094158197       0.156831809022668     
   5.04539780166521       0.156800473470111       0.156811353761242     
   5.05168098697239       0.156779531218552       0.156790580275725     
   5.05796417227957       0.156758260822359       0.156769482072471     
   5.06424735758675       0.156736655535117       0.156748052490273     
   5.07053054289393       0.156714708429623       0.156726284695152     
   5.07681372820111       0.156692412400667       0.156704171674957     
   5.08309691350829       0.156669760156558       0.156681706233769     
   5.08938009881546       0.156646744210051       0.156658880986102     
   5.09566328412264       0.156623356879993       0.156635688350881     
   5.10194646942982       0.156599590273567       0.156612120545202     
   5.10822965473700       0.156575436292700       0.156588169577857     
   5.11451284004418       0.156550886617663       0.156563827242612     
   5.12079602535136       0.156525932702289       0.156539085111240     
   5.12707921065854       0.156500565769453       0.156513934526275     
   5.13336239596572       0.156474776800282       0.156488366593499     
   5.13964558127290       0.156448556526293       0.156462372174140     
   5.14592876658008       0.156421895423250       0.156435941876760     
   5.15221195188726       0.156394783702863       0.156409066048836     
   5.15849513719444       0.156367211298886       0.156381734768011     
   5.16477832250162       0.156339167864408       0.156353937832992     
   5.17106150780880       0.156310642757142       0.156325664754099     
   5.17734469311598       0.156281625032195       0.156296904743433     
   5.18362787842316       0.156252103431382       0.156267646704651     
   5.18991106373034       0.156222066371007       0.156237879222326     
   5.19619424903752       0.156191501930706       0.156207590550886     
   5.20247743434470       0.156160397846531       0.156176768603094     
   5.20876061965188       0.156128741488285       0.156145400938058     
   5.21504380495906       0.156096519856247       0.156113474748749     
   5.22132699026624       0.156063719565822       0.156080976849005     
   5.22761017557342       0.156030326831826       0.156047893659984     
   5.23389336088060       0.155996327452863       0.156014211196059     
   5.24017654618777       0.155961706800574       0.155979915050111     
   5.24645973149495       0.155926449801199       0.155944990378204     
   5.25274291680213       0.155890540920203       0.155909421883600     
   5.25902610210931       0.155853964142785       0.155873193800093     
   5.26530928741649       0.155816702959107       0.155836289874617     
   5.27159247272367       0.155778740346649       0.155798693349101     
   5.27787565803085       0.155740058746542       0.155760386941533     
   5.28415884333803       0.155700640046608       0.155721352826182     
   5.29044202864521       0.155660465560122       0.155681572612952     
   5.29672521395239       0.155619516000350       0.155641027325813     
   5.30300839925957       0.155577771464924       0.155599697380257     
   5.30929158456675       0.155535211402111       0.155557562559748     
   5.31557476987393       0.155491814594160       0.155514601991093     
   5.32185795518111       0.155447559124804       0.155470794118686     
   5.32814114048829       0.155402422354738       0.155426116677572     
   5.33442432579547       0.155356380894311       0.155380546665254     
   5.34070751110265       0.155309410568458       0.155334060312189     
   5.34699069640983       0.155261486389397       0.155286633050901     
   5.35327388171701       0.155212582520710       0.155238239483623     
   5.35955706702419       0.155162672246730       0.155188853348407     
   5.36584025233137       0.155111727929208       0.155138447483608     
   5.37212343763855       0.155059720977737       0.155086993790644     
   5.37840662294573       0.155006621799934       0.155034463194960     
   5.38468980825291       0.154952399770118       0.154980825605069     
   5.39097299356009       0.154897023177790       0.154926049869583     
   5.39725617886726       0.154840459181278       0.154870103732097     
   5.40353936417444       0.154782673766855       0.154812953783836     
   5.40982254948162       0.154723631686432       0.154754565413900     
   5.41610573478880       0.154663296414489       0.154694902756994     
   5.42238892009598       0.154601630083486       0.154633928638484     
   5.42867210540316       0.154538593432106       0.154571604516627     
   5.43495529071034       0.154474145735067       0.154507890421801     
   5.44123847601752       0.154408244742872       0.154442744892568     
   5.44752166132470       0.154340846613141       0.154376124908360     
   5.45380484663188       0.154271905832394       0.154307985818606     
   5.46008803193906       0.154201375146076       0.154238281268068     
   5.46637121724624       0.154129205472451       0.154166963118149     
   5.47265440255342       0.154055345820774       0.154093981363945     
   5.47893758786060       0.153979743199386       0.154019284046748     
   5.48522077316778       0.153902342521783       0.153942817161730     
   5.49150395847496       0.153823086505796       0.153864524560503     
   5.49778714378214       0.153741915568867       0.153784347848211     
   5.50407032908932       0.153658767715239       0.153702226274824     
   5.51035351439650       0.153573578417868       0.153618096620237     
   5.51663669970368       0.153486280493220       0.153531893072781     
   5.52291988501086       0.153396803971912       0.153443547100702     
   5.52920307031804       0.153305075951777       0.153352987316144     
   5.53548625562522       0.153211020456600       0.153260139331131     
   5.54176944093239       0.153114558277728       0.153164925605004     
   5.54805262623957       0.153015606803411       0.153067265282732     
   5.55433581154675       0.152914079845883       0.152967074023461     
   5.56061899685393       0.152809887453722       0.152864263818637     
   5.56690218216111       0.152702935709703       0.152758742798946     
   5.57318536746829       0.152593126524881       0.152650415029305     
   5.57946855277547       0.152480357407281       0.152539180291041     
   5.58575173808265       0.152364521229339       0.152424933850323     
   5.59203492338983       0.152245505967786       0.152307566211868     
   5.59831810869701       0.152123194438774       0.152186962856825     
   5.60460129400419       0.151997464005345       0.152063003963672     
   5.61088447931137       0.151868186271502       0.151935564110854     
   5.61716766461855       0.151735226756698       0.151804511959782     
   5.62345084992573       0.151598444541862       0.151669709916703     
   5.62973403523291       0.151457691902372       0.151531013771809     
   5.63601722054009       0.151312813902815       0.151388272313824     
   5.64230040584727       0.151163647976240       0.151241326918135     
   5.64858359115445       0.151010023466064       0.151090011106387     
   5.65486677646163       0.150851761137774       0.150934150075251     
   5.66114996176881       0.150688672657667       0.150773560191866     
   5.66743314707599       0.150520560032888       0.150608048453257     
   5.67371633238317       0.150347215007902       0.150437411906733     
   5.67999951769035       0.150168418425815       0.150261437028038     
   5.68628270299753       0.149983939528125       0.150079899053672     
   5.69256588830471       0.149793535218169       0.149892561263514     
   5.69884907361188       0.149596949255006       0.149699174209440     
   5.70513225891906       0.149393911393442       0.149499474885266     
   5.71141544422624       0.149184136457659       0.149293185832844     
   5.71769862953342       0.148967323335293       0.149080014178650     
   5.72398181484060       0.148743153903258       0.148859650594600     
   5.73026500014778       0.148511291855305       0.148631768176231     
   5.73654818545496       0.148271381443605       0.148396021230624     
   5.74283137076214       0.148023046116432       0.148152043965702     
   5.74911455606932       0.147765887037980       0.147899449071600     
   5.75539774137650       0.147499481486041       0.147637826183854     
   5.76168092668368       0.147223381119874       0.147366740217000     
   5.76796411199086       0.146937110088878       0.147085729555965     
   5.77424729729804       0.146640162986298       0.146794304091195     
   5.78053048260522       0.146332002617182       0.146491943081913     
   5.78681366791240       0.146012057567673       0.146178092830093     
   5.79309685321958       0.145679719558485       0.145852164145771     
   5.79938003852676       0.145334340551757       0.145513529581997     
   5.80566322383394       0.144975229594407       0.145161520415211     
   5.81194640914112       0.144601649358179       0.144795423343892     
   5.81822959444830       0.144212812359725       0.144414476875047     
   5.82451277975548       0.143807876805464       0.144017867364349     
   5.83079596506266       0.143385942039870       0.143604724671456     
   5.83707915036984       0.142946043532439       0.143174117387198     
   5.84336233567702       0.142487147367742       0.142725047583711     
   5.84964552098420       0.142008144168128       0.142256445032270     
   5.85592870629137       0.141507842387560       0.141767160826222     
   5.86221189159855       0.140984960901483       0.141255960338066     
   5.86849507690573       0.140438120802362       0.140721515430004     
   5.87477826221291       0.139865836306743       0.140162395826200     
   5.88106144752009       0.139266504660864       0.139577059542014     
   5.88734463282727       0.138638394917325       0.138963842250606     
   5.89362781813445       0.137979635429735       0.138320945449909     
   5.89991100344163       0.137288199910669       0.137646423272817     
   5.90619418874881       0.136561891840484       0.136938167759878     
   5.91247737405599       0.135798327019602       0.136193892386244     
   5.91876055936317       0.134994913995243       0.135411113602380     
   5.92504374467035       0.134148832063028       0.134587130110119     
   5.93132692997753       0.133257006501367       0.133718999550942     
   5.93761011528471       0.132316080625284       0.132803512230618     
   5.94389330059189       0.131322384185407       0.131837161441779     
   5.95017648589907       0.130271897560998       0.130816109871691     
   5.95645967120625       0.129160211092441       0.129736151493905     
   5.96274285651343       0.127982478776049       0.128592668236586     
   5.96902604182061       0.126733365430482       0.127380580593269     
   5.97530922712779       0.125406986235389       0.126094291188903     
   5.98159241243497       0.123996837382397       0.124727620129391     
   5.98787559774215       0.122495716296346       0.123273730738997     
   5.99415878304933       0.120895629604491       0.121725044017615     
   6.00044196835650       0.119187686652916       0.120073139817232     
   6.00672515366368       0.117361975920243       0.118308642328824     
   6.01300833897086       0.115407421108403       0.116421086968322     
   6.01929152427804       0.113311613021914       0.114398765128393     
   6.02557470958522       0.111060612435945       0.112228542489819     
   6.03185789489240       0.108638718125657       0.109895645620826     
   6.03814108019958       0.106028192813654       0.107383410380812     
   6.04442426550676       0.103208938101367       0.104672984115521     
   6.05070745081394       0.100158107234308       0.101742971689971     
   6.05699063612112       9.684964174177546E-002  9.856901292838272E-002
   6.06327382142830       9.325371437120443E-002  9.512327584938784E-002
   6.06955700673548       8.933605602579378E-002  9.137384597368625E-002
   6.07584019204266       8.505713828331309E-002  8.728398663222138E-002
   6.08212337734984       8.037117498916140E-002  8.281123819318020E-002
   6.08840656265702       7.522489571282522E-002  7.790631487133336E-002
   6.09468974796420       6.955602953989853E-002  7.251174546686749E-002
   6.10097293327138       6.329141837311825E-002  6.656018785225133E-002
   6.10725611857856       5.634465266261594E-002  5.997232464591079E-002
   6.11353930388574       4.861308639789386E-002  5.265421692165206E-002
   6.11982248919292       3.997403810648396E-002  4.449395056847884E-002
   6.12610567450010       3.027991427220402E-002  3.535735097557276E-002
   6.13238885980728       1.935189167336187E-002  2.508245851662122E-002
   6.13867204511446       6.971651365930306E-003  1.347233841062731E-002
   6.14495523042164      -7.129552690708196E-003  2.856263764837917E-004
   6.15123841572882      -2.328551788208939E-002 -1.477604134122691E-002
   6.15752160103599      -4.191490466848766E-002 -3.208494204611651E-002
   6.16380478634317      -6.354844534251167E-002 -5.211032488717359E-002
   6.17008797165035      -8.886687440870435E-002 -7.545029590245213E-002
   6.17637115695753      -0.118754680390422      -0.102876601299108     
   6.18265434226471      -0.154377669450453      -0.135398614042633     
   6.18893752757189      -0.197297155994945      -0.174356505881395     
   6.19522071287907      -0.249641872167702      -0.221559798812717     
   6.20150389818625      -0.314373324671589      -0.279498288652185     
   6.20778708349343      -0.395707102910999      -0.351671712314678     
   6.21407026880061      -0.499803521916527      -0.443120565435556     
   6.22035345410779      -0.635941894063005      -0.561310211379662     
   6.22663663941497      -0.818602788366220      -0.717661582126008     
   6.23291982472215       -1.07134457693788      -0.930322433688021     
   6.23920301002933       -1.43444125415585       -1.22945147631078     
   6.24548619533651       -1.98095621230758       -1.66792044663669     
   6.25176938064369       -2.85321269472836       -2.34455623093763     
   6.25805256595087       -4.35237191500871       -3.45872189384888     
   6.26433575125805       -7.17060833490037       -5.44867828669904     
   6.27061893656523       -12.9112246939142       -9.35004480384801     
   6.27690212187241       -23.5517890136585       -17.4074867787750     
